0 1.0 0.0 0.0 0.0 1.0 0.0
1 1.026469492757027 -0.0006390346172436994 -19.288604204144544 0.0006390346172436994 1.026469492757027 -5.531108916354258
2 1.0221490948767233 -0.001025661302674773 -17.358226931010933 0.001025661302674773 1.0221490948767233 -4.692225078424559
3 1.022503110627926 7.331570497694075e-05 -17.64765053186969 -7.331570497694075e-05 1.022503110627926 -4.03749686747466
4 1.0189943996797035 -0.002390882213825307 -14.756508553411225 0.002390882213825307 1.0189943996797035 -4.840107763698866
5 1.0264532964278528 -0.0004957467470371419 -19.531447408644244 0.0004957467470371419 1.0264532964278528 -4.684704034897133
6 1.0333418578679407 -0.0015991544541517477 -22.341566273070825 0.0015991544541517477 1.0333418578679407 -7.8319099563579755
7 1.0437106948806183 -0.0008980300942612707 -31.567004335192003 0.0008980300942612707 1.0437106948806183 -8.648777159743208
8 1.022305212657451 -0.0023145167059349958 -16.831158192288594 0.0023145167059349958 1.022305212657451 -5.483567805700878
9 1.0447056391708127 -0.0011277154221394031 -31.756541852101112 0.0011277154221394031 1.0447056391708127 -7.516387339089238
10 1.0273615941762095 -0.002385589306749563 -19.717288907987747 0.002385589306749563 1.0273615941762095 -5.944629427417189
11 1.0286076901917227 -0.0019226162742613298 -21.179556329951627 0.0019226162742613298 1.0286076901917227 -6.170417968696299
12 1.0257645357966008 -0.002162226234927568 -18.348934088986354 0.002162226234927568 1.0257645357966008 -6.314950169825927
13 1.030515550925651 -0.0017096404103903342 -20.93774394875559 0.0017096404103903342 1.030515550925651 -6.292058888360094
14 1.026635077320869 -0.0023685015796449252 -18.361851975998285 0.0023685015796449252 1.026635077320869 -6.467945165146051
15 1.0285548261267268 -0.0014420446635904538 -18.844694445027645 0.0014420446635904538 1.0285548261267268 -5.566480078363484
16 1.0271475506324188 -0.0015476042765216896 -17.358444712997677 0.0015476042765216896 1.0271475506324188 -6.146366177463168
17 1.030694289706817 -0.0004205604610911609 -19.1917575310657 0.0004205604610911609 1.030694289706817 -6.644616983269329
18 1.032718919090415 0.0004209593778010636 -19.517731910420366 -0.0004209593778010636 1.032718919090415 -6.093659168391331
19 1.0327224797471686 -0.002729527869768145 -18.596192118151738 0.002729527869768145 1.0327224797471686 -8.039700556134829
20 1.0319696823826228 -0.0014127659732186676 -16.562526109144727 0.0014127659732186676 1.0319696823826228 -6.126201909133583
21 1.0313093184398363 -0.0018994888272208669 -14.58263566534918 0.0018994888272208669 1.0313093184398363 -7.095062999144385
22 1.0399431585759267 -0.003322457412497288 -21.171121546658796 0.003322457412497288 1.0399431585759267 -8.745043585064625
23 1.0367289505435882 -0.002613823929792079 -17.887809335752035 0.002613823929792079 1.0367289505435882 -6.899929716570851
24 1.0315070411899867 -0.0023398833119190818 -14.597513157862705 0.0023398833119190818 1.0315070411899867 -6.158645745563114
25 1.0395361140655477 -0.002001997075455277 -20.742404910852233 0.002001997075455277 1.0395361140655477 -7.258015633041642
26 1.0369250522061497 -0.00033952711360057323 -18.31459774617486 0.00033952711360057323 1.0369250522061497 -6.514139346331383
27 1.0367933297737633 0.0004250502727836583 -17.492753887580623 -0.0004250502727836583 1.0367933297737633 -7.4461006692033465
28 1.02899781046474 0.0023222028441276985 -10.761280681081677 -0.0023222028441276985 1.02899781046474 -5.123426794441179
29 1.0312212401755552 0.000741770769546889 -12.035643592528551 -0.000741770769546889 1.0312212401755552 -6.016349467543215
30 1.051225472998971 -0.0005548263146967555 -26.82329385291441 0.0005548263146967555 1.051225472998971 -10.65692690215231
31 1.0520020010302615 -0.00026782217187759687 -28.25785819236502 0.00026782217187759687 1.0520020010302615 -10.652380637201954
32 1.0546712425466078 -0.000980548447524679 -30.05710031505663 0.000980548447524679 1.0546712425466078 -11.319385276568282
33 1.0292919276281096 0.0005678128418236458 -12.597878164554224 -0.0005678128418236458 1.0292919276281096 -5.5813311544877795
34 1.0164205620072893 -0.0029742698800552404 -7.5454943711251765 0.0029742698800552404 1.0164205620072893 -5.57592329997339
35 1.027849352993038 -3.2524918031312835e-06 -13.8266339567528 3.2524918031312835e-06 1.027849352993038 -5.9038617604846495
36 1.0170871499241037 -0.00645257913077788 -7.324482966185936 0.00645257913077788 1.0170871499241037 -6.552583182543633
37 1.0205496462356607 -0.006390926384799626 -10.02833508737513 0.006390926384799626 1.0205496462356607 -3.683303954396018
38 1.009116075202116 -0.00624968301107629 -4.148536211971806 0.00624968301107629 1.009116075202116 -4.861244196528158
39 1.0143356932178198 -0.0034421302505441595 -7.650816595284288 0.0034421302505441595 1.0143356932178198 -5.023008678713998
40 1.0173474865561782 -0.001898559791675653 -9.092900840622766 0.001898559791675653 1.0173474865561782 -2.6654328718484566
41 1.016769792997322 -0.0028653687806571015 -8.346611484390737 0.0028653687806571015 1.016769792997322 -1.9022024637405204
42 1.0137655735793325 -0.0060574487234711545 -6.505759112149784 0.0060574487234711545 1.0137655735793325 -4.376937332617013
43 1.0170002982635347 -0.005646686265213268 -8.080249755531154 0.005646686265213268 1.0170002982635347 -7.049674839163107
44 1.0112203155714443 -0.007997929293247812 -5.786016264180921 0.007997929293247812 1.0112203155714443 -7.046410744441448
45 1.0181138980603566 -0.00512468758673184 -7.806552408262445 0.00512468758673184 1.0181138980603566 -5.285981743258039
46 1.0146404011406156 -0.00272982669020905 -6.100568714280633 0.00272982669020905 1.0146404011406156 -4.315694330368905
47 1.0273193137644903 -0.003709493775092102 -11.207395796749966 0.003709493775092102 1.0273193137644903 -7.084922371633648
48 1.017995657501826 -0.000720830304657291 -7.770276843909649 0.000720830304657291 1.017995657501826 -4.459760279084898
49 1.0136364235157556 -0.0013030873370126748 -6.468310330920245 0.0013030873370126748 1.0136364235157556 -3.263650386856178
50 1.011266657010751 -0.002442865314014969 -5.604494622925196 0.002442865314014969 1.011266657010751 -1.773889471072178
51 1.0143989465103824 -0.0013330247061180244 -8.479690730549475 0.0013330247061180244 1.0143989465103824 -3.414761136597113
52 1.0137948818862008 -0.0007503269097304329 -9.386377502215659 0.0007503269097304329 1.0137948818862008 -5.856023228843353
53 1.0383699061919884 0.003914041391540832 -16.25284643511126 -0.003914041391540832 1.0383699061919884 -7.556519884764607
54 1.0192507611153536 -0.001158257064216518 -12.037193785126876 0.001158257064216518 1.0192507611153536 -6.346056276827759
55 1.1320593952312403 0.006047698818976455 -86.37699837251711 -0.006047698818976455 1.1320593952312403 -17.199495928595585
56 1.1443228306979911 0.0019249092392291016 -93.05889438278108 -0.0019249092392291016 1.1443228306979911 -22.8016274026033
57 1.1418856669533886 0.0014363811116200208 -86.0495973399749 -0.0014363811116200208 1.1418856669533886 -19.60488645420815
58 1.1624506434541284 -0.0062965060004603985 -96.16141924069832 0.0062965060004603985 1.1624506434541284 -30.942459728916678
59 1.025041098893688 -0.005610519846860635 -13.14873513892257 0.005610519846860635 1.025041098893688 -6.8756070554468085
60 1.0263923789830127 -0.003891314021384972 -13.164430360333723 0.003891314021384972 1.0263923789830127 -6.673792217288952
61 1.022268857334995 0.00017661893136016816 -12.746934892160809 -0.00017661893136016816 1.022268857334995 -4.406109553066189
62 1.0238363360786846 0.004570315830967758 -14.212904041047201 -0.004570315830967758 1.0238363360786846 -1.904080722179908
63 1.022510374898167 0.004206381474685995 -13.368754527396293 -0.004206381474685995 1.022510374898167 -1.7879158094071235
64 1.021967606980525 0.001973620624633772 -13.408296464706668 -0.001973620624633772 1.021967606980525 -3.1039026321525043
65 1.0177828303680962 -0.0013298404587709543 -12.279472197773865 0.0013298404587709543 1.0177828303680962 -4.960614291160304
66 1.0163388877169908 -0.002112210234434977 -10.707700710366675 0.002112210234434977 1.0163388877169908 -3.2931690534732767
67 1.0065307898651796 -0.0015420810967276385 -3.058577779155522 0.0015420810967276385 1.0065307898651796 -1.3618024991885822
68 1.0256278156009624 -0.0010841709314702735 -15.685130894455105 0.0010841709314702735 1.0256278156009624 -7.537319522914615
69 1.0309584644680942 -0.0010416717676155808 -17.256323566450426 0.0010416717676155808 1.0309584644680942 -7.148820476821556
70 1.0230748778897303 -0.0020330970792674747 -15.290368388312796 0.0020330970792674747 1.0230748778897303 -5.133168131068523
71 1.0249176406135487 -0.003113186316339831 -16.422928625420614 0.003113186316339831 1.0249176406135487 -5.30164673848612
72 1.0213502022092191 -0.003112965165018921 -15.654027362545026 0.003112965165018921 1.0213502022092191 -5.862462622546475
73 1.0135748757026062 -0.0005525746636064316 -9.242622320203514 0.0005525746636064316 1.0135748757026062 -2.5794300282598486
74 1.0371674292967135 -0.00027408222671034454 -20.587170426448775 0.00027408222671034454 1.0371674292967135 -7.024091434638645
75 1.0169396938817115 0.0004499227652768248 -12.830998243909017 -0.0004499227652768248 1.0169396938817115 -3.365727820664792
76 1.038776524016004 -0.0003521744154401631 -20.342479492595277 0.0003521744154401631 1.038776524016004 -6.675537891715325
77 1.0276491466560749 0.001109804051647417 -17.60733351953047 -0.001109804051647417 1.0276491466560749 -4.173801291428548
78 1.0093622867934884 0.001742789827975334 -6.277288313443854 -0.001742789827975334 1.0093622867934884 -0.8211422374459191
79 1.009152798729456 0.0010821807809387437 -6.348104216468971 -0.0010821807809387437 1.009152798729456 -0.7890513882154617
80 1.031556342573252 0.0005730574973400942 -18.92116727308038 -0.0005730574973400942 1.031556342573252 -4.693022663218912
81 1.012508700812513 -2.4850195620943415e-05 -7.248775414413052 2.4850195620943415e-05 1.012508700812513 -2.4057574596180875
82 1.0175510609579541 -0.0007174093860524383 -9.524637090932384 0.0007174093860524383 1.0175510609579541 -3.875899164386801
83 1.0282481661221272 -0.0005582370733845496 -16.825321932896824 0.0005582370733845496 1.0282481661221272 -5.739728785002983
84 1.0380449618845902 0.0003026108238823313 -21.981737601129343 -0.0003026108238823313 1.0380449618845902 -5.752205211790364
85 1.0156679817065744 -9.960964565501768e-05 -8.854324776585631 9.960964565501768e-05 1.0156679817065744 -2.1038055328872374
86 1.0146082305038076 0.00029398499907424614 -8.467299801450364 -0.00029398499907424614 1.0146082305038076 -0.8548744025869812
87 1.028066566718908 0.0019571781016511415 -17.738703116105395 -0.0019571781016511415 1.028066566718908 -3.058908379712027
88 1.0168408635023471 -0.0020683350671727363 -9.31521358979025 0.0020683350671727363 1.0168408635023471 -5.039480772086317
89 1.1107308483361185 -0.0020887826962658084 -66.6568635229025 0.0020887826962658084 1.1107308483361185 -21.81719427835844
90 1.019415012752064 -0.001800567971984932 -9.966733832484216 0.001800567971984932 1.019415012752064 -4.645644831230436
91 1.029848446585988 -0.002250071915791474 -16.580689946379128 0.002250071915791474 1.029848446585988 -5.914523497582952
92 1.1521013010582566 0.0004331785452150851 -89.94996602828321 -0.0004331785452150851 1.1521013010582566 -25.54600174732684
93 1.0151562842303 0.000649422635485132 -8.48983056990344 -0.000649422635485132 1.0151562842303 -2.865915285500941
94 1.0744398548675218 0.0010384291906623102 -45.38492829858293 -0.0010384291906623102 1.0744398548675218 -13.639541328723533
95 1.0780536516801278 0.0025050308764015703 -47.42124263175267 -0.0025050308764015703 1.0780536516801278 -10.992256537040644
96 1.083181180138187 0.004486014680609585 -50.708539768104494 -0.004486014680609585 1.083181180138187 -10.59514072725758
97 1.0148428083228136 0.0007080329504386147 -8.072030988105148 -0.0007080329504386147 1.0148428083228136 -2.24758120623492
98 1.0309628136489841 0.0004006118838398565 -16.671236804548876 -0.0004006118838398565 1.0309628136489841 -4.419101403538348
99 1.0350717615865392 0.0013787276691828705 -17.60744212677829 -0.0013787276691828705 1.0350717615865392 -4.813111808559211
100 1.0383671067464015 -0.0008032532433009303 -18.911996418940394 0.0008032532433009303 1.0383671067464015 -6.633106997171359
101 1.035113490277094 -0.0018245156004731734 -17.388604721813998 0.0018245156004731734 1.035113490277094 -5.73392497299167
102 1.0399219862015512 -0.0021271548975330566 -20.926591973605355 0.0021271548975330566 1.0399219862015512 -7.063674875513486
103 1.0170259329983649 -0.001012227514171847 -9.449417422178723 0.001012227514171847 1.0170259329983649 -3.3365297634704265
104 1.0186420803683882 -0.0014128199610420375 -10.207944055771149 0.0014128199610420375 1.0186420803683882 -2.600235231288761
105 1.0182062025930825 -0.0021893341660905925 -10.738199159865989 0.0021893341660905925 1.0182062025930825 -4.642458103531314
106 1.014219299197087 -0.0010523746441249765 -10.062084902368575 0.0010523746441249765 1.014219299197087 -4.431641496279785
107 1.018212990192162 0.0004167726922931373 -12.459776400363143 -0.0004167726922931373 1.018212990192162 -3.4796738004596985
108 1.0158708251190345 0.002747801030423958 -12.63688358418349 -0.002747801030423958 1.0158708251190345 -2.1510771798499775
109 1.0233317758586273 0.0007709412773097139 -15.369418157552879 -0.0007709412773097139 1.0233317758586273 -3.7446301244256657
110 1.0237358070403637 0.0007460334810315218 -14.903896125535049 -0.0007460334810315218 1.0237358070403637 -3.4404163135844255
111 1.015212854833238 -0.0005573378281918911 -9.912651345038505 0.0005573378281918911 1.015212854833238 -3.5625773009001023
112 1.0261511841581494 -0.0009851033289219463 -15.795850019598056 0.0009851033289219463 1.0261511841581494 -6.048813612279114
113 1.0231829987560703 -0.0014526195515123888 -14.697843573395483 0.0014526195515123888 1.0231829987560703 -5.522980983063504
114 1.0235549053145545 -0.0016917663293438414 -14.572252305319195 0.0016917663293438414 1.0235549053145545 -4.896186568667337
115 1.0264064690186305 -0.0017222415435953185 -16.207394806977916 0.0017222415435953185 1.0264064690186305 -4.483326166595036
116 1.025545767580115 -0.0006205691749124221 -15.608903004449806 0.0006205691749124221 1.025545767580115 -3.4197330514812014
117 1.0283786648383912 0.0005280566681878007 -17.3925870414613 -0.0005280566681878007 1.0283786648383912 -3.931894083395329
118 1.0216110791237412 -8.722785369559268e-05 -12.608188427387034 8.722785369559268e-05 1.0216110791237412 -4.3152936025274915
119 1.029728552356592 -0.0001275882936749578 -19.1009597291293 0.0001275882936749578 1.029728552356592 -5.914803918439044
120 1.0309853704782943 -0.00017305097194665088 -19.87779610927663 0.00017305097194665088 1.0309853704782943 -5.0879132627078185
121 1.0297934529262953 -0.0001686864951675197 -18.268486192354764 0.0001686864951675197 1.0297934529262953 -4.480633121944881
122 1.0319941704711202 0.00011723923298867683 -20.514388083922096 -0.00011723923298867683 1.0319941704711202 -5.895912246501308
123 1.0296967172808484 0.0008555252493962799 -17.624617627178143 -0.0008555252493962799 1.0296967172808484 -5.0748926375558465
124 1.0290492064786214 0.0009813447863598087 -16.765879770437742 -0.0009813447863598087 1.0290492064786214 -4.553645156945868
125 1.0283285574917094 0.001065167218603604 -15.946071783497326 -0.001065167218603604 1.0283285574917094 -3.2233544744287634
126 1.0260346550668167 -0.0004027077327388755 -14.532041419539802 0.0004027077327388755 1.0260346550668167 -3.892388873485216
127 1.0166186949915015 -0.000355034209994732 -9.71275329651043 0.000355034209994732 1.0166186949915015 -3.6610493493242706
128 1.0277523426538724 0.0006341834320626046 -15.933560725021099 -0.0006341834320626046 1.0277523426538724 -4.151617447783563
129 1.0198496719826708 -0.0005108880570357025 -11.940076115505613 0.0005108880570357025 1.0198496719826708 -4.271021317342024
130 1.0288648177880946 0.0005821851157858469 -16.324992472159103 -0.0005821851157858469 1.0288648177880946 -4.150448618206773
131 1.019781336601542 0.0003858640711507629 -11.752324528164477 -0.0003858640711507629 1.019781336601542 -3.212612554546584
132 1.0216306107893562 -0.000711300701545257 -12.403845142142542 0.000711300701545257 1.0216306107893562 -4.47232933852739
133 1.0306394834331354 -0.001210078403413539 -17.214178417194972 0.001210078403413539 1.0306394834331354 -6.085120769488546
134 1.0263491056181653 -0.0010206212959570817 -15.09074473405329 0.0010206212959570817 1.0263491056181653 -5.315354858069195
135 1.0232942515088228 0.0011355993424899376 -13.179344404586171 -0.0011355993424899376 1.0232942515088228 -3.680499317347026
136 1.0208920869497058 0.001475869380092003 -11.581417467039772 -0.001475869380092003 1.0208920869497058 -2.486317881584462
137 1.0268441330849676 0.0019778799344387387 -14.690325244496986 -0.0019778799344387387 1.0268441330849676 -1.867254265901383
138 1.0268194049575274 0.0014941790607230579 -14.965596971848589 -0.0014941790607230579 1.0268194049575274 -1.719716008683361
139 1.0291891187647226 -0.00016390635155716062 -15.719321915370355 0.00016390635155716062 1.0291891187647226 -4.154952960066955
140 1.0269888047272746 0.000887925393557946 -14.719113731535092 -0.000887925393557946 1.0269888047272746 -4.2070653953770725
141 1.0272486840824142 -0.0011907110073084651 -15.322588308634508 0.0011907110073084651 1.0272486840824142 -6.879733140149942
142 1.032797691351869 -0.0011692598184381985 -19.419052925987348 0.0011692598184381985 1.032797691351869 -8.125153395303974
143 1.0300437234449613 -0.002114769687042485 -18.01738541050686 0.002114769687042485 1.0300437234449613 -6.753871803141921
144 1.0296592681755539 -0.0005912904414377835 -18.153589563881003 0.0005912904414377835 1.0296592681755539 -3.5840693061471876
145 1.0314380743504807 0.00047629353332211653 -19.244533303015317 -0.00047629353332211653 1.0314380743504807 -2.5460221294091614
146 1.032391421712209 0.0037879489856399726 -19.608556663439817 -0.0037879489856399726 1.032391421712209 -0.8878314780777492
147 1.0341178270964824 0.0038851071406590123 -20.891911414890558 -0.0038851071406590123 1.0341178270964824 -2.569050639141057
148 1.0351053331117153 0.0037866976154651007 -20.95934767089874 -0.0037866976154651007 1.0351053331117153 -3.8000295788297196
149 1.031360370814965 0.0030418249970888835 -19.382433151830654 -0.0030418249970888835 1.031360370814965 -3.6107340789641906
150 1.0254037219729144 0.000924315292788002 -15.780260658646137 -0.000924315292788002 1.0254037219729144 -3.994518760421754
151 1.0268688318058026 0.0008506421858952215 -15.887618126450384 -0.0008506421858952215 1.0268688318058026 -3.6667706443317765
152 1.0329937739500805 0.0021789103846839744 -18.879924282659676 -0.0021789103846839744 1.0329937739500805 -3.8138653294595692
153 1.0353587277385647 -0.0006984366811434871 -18.978294151440863 0.0006984366811434871 1.0353587277385647 -6.397757237111253
154 1.0287825097359413 -0.0019833979135937033 -16.700013290402573 0.0019833979135937033 1.0287825097359413 -7.307338862529981
155 1.0342684511073226 -0.0066329324403619026 -18.681730514093694 0.0066329324403619026 1.0342684511073226 -11.539560049956624
156 1.0356041562602194 -0.003314632948898658 -20.130176199297146 0.003314632948898658 1.0356041562602194 -6.584878600375424
157 1.02756859340392 -0.00022927152709275466 -16.55758001329678 0.00022927152709275466 1.02756859340392 -0.6733196282331143
158 1.0306819548491972 0.003474093265549518 -17.659954361436558 -0.003474093265549518 1.0306819548491972 -0.16097615003960483
159 1.0287394392026514 0.002249696489689101 -16.313032487224998 -0.002249696489689101 1.0287394392026514 0.0032016817506224132
160 1.0307847607988907 0.003198776039801768 -18.05577978113071 -0.003198776039801768 1.0307847607988907 -3.69516194378574
161 1.0276851205207822 0.001319994851480172 -15.971438459922872 -0.001319994851480172 1.0276851205207822 -10.764100328923444
162 1.0260460306788435 0.0018969459235634145 -14.563320872975503 -0.0018969459235634145 1.0260460306788435 -8.717195357359909
163 1.0232862281834056 0.008410275276454158 -14.269319187613835 -0.008410275276454158 1.0232862281834056 1.916395040456133
164 1.0239266153011617 0.002501918576052224 -13.524978827100007 -0.002501918576052224 1.0239266153011617 -0.13745976365692486
165 1.0270391892542752 0.00217332666963363 -16.331707928198753 -0.00217332666963363 1.0270391892542752 2.2925653517996305
166 1.0223267754827998 0.002824123338536665 -12.345979033324012 -0.002824123338536665 1.0223267754827998 -0.9820824557397706
167 1.025206165482522 -0.0025570409842200427 -13.497999948422594 0.0025570409842200427 1.025206165482522 -8.026908846517568
168 1.0228826988746054 0.0014230706198787037 -12.881232539292343 -0.0014230706198787037 1.0228826988746054 -1.8323917144540496
169 1.0235543850490054 0.0019498417115436848 -13.491195661097883 -0.0019498417115436848 1.0235543850490054 -1.1256728023142943
170 1.0247206960843025 0.0001677188552489865 -14.112006561256152 -0.0001677188552489865 1.0247206960843025 -0.11533223054088038
171 1.0268638779647903 0.002689398443840504 -15.95834563769398 -0.002689398443840504 1.0268638779647903 2.1930771592952714
172 1.0255920749082912 0.0011235153211988302 -14.22629735787424 -0.0011235153211988302 1.0255920749082912 -2.8828719408718166
173 1.0274272477161515 0.0006319372115007181 -15.363085381182776 -0.0006319372115007181 1.0274272477161515 -6.860226386764834
174 1.0299848288489033 0.001287853543821569 -17.545318127610926 -0.001287853543821569 1.0299848288489033 -5.89467688079148
175 1.0289389974997216 8.443692207236748e-06 -15.618775293799837 -8.443692207236748e-06 1.0289389974997216 -4.441809543532083
176 1.0290969559228864 0.00016963290076179956 -15.478826434635819 -0.00016963290076179956 1.0290969559228864 -4.0842979063537355
177 1.0302562600300735 -0.001074347439694821 -15.818676156192566 0.001074347439694821 1.0302562600300735 -4.630950509598538
178 1.0301319790643906 0.00042920289631286074 -15.914458564891993 -0.00042920289631286074 1.0301319790643906 -3.8851957149421112
179 1.0287000141375462 -0.0012663210790503521 -14.852803304967873 0.0012663210790503521 1.0287000141375462 -4.771552914078211
180 1.0257893362352544 -0.0009204245264572326 -14.268679530953657 0.0009204245264572326 1.0257893362352544 -4.162569594314265
181 1.0302449564894625 -0.00011806820867103687 -17.56396070839528 0.00011806820867103687 1.0302449564894625 -5.002674813607002
182 1.030369845368092 0.0008659264925446617 -16.79097883255364 -0.0008659264925446617 1.030369845368092 -5.2748717824337366
183 1.0305765425601592 -0.00043697428596979366 -18.39378892487862 0.00043697428596979366 1.0305765425601592 -4.684937293718042
184 1.0238454621163082 0.0009799704196667227 -14.156322142727833 -0.0009799704196667227 1.0238454621163082 -2.2633385629712928
185 1.0277581641343134 0.0006232915132354626 -16.883870742968764 -0.0006232915132354626 1.0277581641343134 -3.7803602958223315
186 1.024147641436984 0.0013636787930477847 -14.934786472371595 -0.0013636787930477847 1.024147641436984 -3.021920773126797
187 1.0327154919702313 -0.00021278375465174338 -19.993368184970656 0.00021278375465174338 1.0327154919702313 -5.112040732786
188 1.0223531717555472 -0.0004157406035519779 -14.051087451441571 0.0004157406035519779 1.0223531717555472 -4.644591361573449
189 1.0260890659540916 -0.0011918832064512254 -16.155722108282774 0.0011918832064512254 1.0260890659540916 -6.14350590956963
190 1.0274498157221619 -0.00010851354838631007 -17.01402826720365 0.00010851354838631007 1.0274498157221619 -6.135830218263586
191 1.0305424555715927 0.000988404264330178 -18.587089404175252 -0.000988404264330178 1.0305424555715927 -4.680746775878653
192 1.0318498147611854 0.0016018851302261258 -19.476807880469735 -0.0016018851302261258 1.0318498147611854 -3.028941088558328
193 1.0258486382974599 0.0016331232415557153 -16.020283609993175 -0.0016331232415557153 1.0258486382974599 -2.478332220777004
194 1.0294480855541077 0.0014305375876893212 -17.65663785748606 -0.0014305375876893212 1.0294480855541077 -4.0034447026923505
195 1.0298201065282928 0.000286549539092377 -18.493604001908594 -0.000286549539092377 1.0298201065282928 -5.1331749881618505
196 1.0316462625701455 -2.9619590105038383e-05 -18.56448280004432 2.9619590105038383e-05 1.0316462625701455 -5.5464649854092505
197 1.0314109143066128 -0.0014749027117732915 -18.532613979412663 0.0014749027117732915 1.0314109143066128 -6.053295216331146
198 1.0276090131370716 -0.002042843739736412 -16.966491611536192 0.002042843739736412 1.0276090131370716 -6.385812508185952
199 1.0293363300061298 -0.0017505329178904726 -17.670006709099482 0.0017505329178904726 1.0293363300061298 -5.951537951917475
200 1.027808007687866 -0.002438371734814204 -16.939492579783195 0.002438371734814204 1.027808007687866 -5.678974453664254
201 1.0295346016454667 -0.002171883598982529 -18.157015725716267 0.002171883598982529 1.0295346016454667 -6.2678322605139165
202 1.0266402111257897 -0.00024921008302261676 -17.05084078781257 0.00024921008302261676 1.0266402111257897 -4.7287471290729135
203 1.0298540132688534 0.00022104152992632962 -18.58266346802527 -0.00022104152992632962 1.0298540132688534 -4.395781608042128
204 1.0267844796716887 0.0018984486883376049 -16.7662319854942 -0.0018984486883376049 1.0267844796716887 -1.0858998922219099
205 1.0270508492134103 0.0027910597900119784 -17.085127214284356 -0.0027910597900119784 1.0270508492134103 -0.5167748395473419
206 1.0278077668122456 0.0015814260220909794 -17.398919333195124 -0.0015814260220909794 1.0278077668122456 -3.9318249846557864
207 1.0297302082976987 0.0017755737208410807 -18.54249906460378 -0.0017755737208410807 1.0297302082976987 -7.6172382945285
208 1.030049385359622 0.0007051231538837564 -17.8816305740154 -0.0007051231538837564 1.030049385359622 -8.555951909984389
209 1.0296000156284828 0.000841931655613885 -17.855968821197806 -0.000841931655613885 1.0296000156284828 -6.056058675985421
210 1.0255145616296526 0.0005832982836035806 -15.55879609762265 -0.0005832982836035806 1.0255145616296526 -2.9509870129408857
211 1.0267552770117105 0.00046268458387476027 -16.07972068519358 -0.00046268458387476027 1.0267552770117105 -2.8003305889082704
212 1.0277279158956236 0.0009364439878305624 -16.43340409176803 -0.0009364439878305624 1.0277279158956236 -3.582364790395307
213 1.026902084476286 0.001115307952162602 -16.32066007954033 -0.001115307952162602 1.026902084476286 -2.74976880405072
214 1.0271509507339533 0.0009172833550732385 -16.63930787169183 -0.0009172833550732385 1.0271509507339533 -3.600033316680185
215 1.0296435816075045 0.0006485586107018373 -17.629744151907765 -0.0006485586107018373 1.0296435816075045 -5.006151156880314
216 1.0287765685226034 0.0013142639155299027 -17.647698978213207 -0.0013142639155299027 1.0287765685226034 -4.664931831163478
217 1.0284171976936916 -0.00042927104178319534 -17.55051884786809 0.00042927104178319534 1.0284171976936916 -5.777341632645945
218 1.0279857104982713 0.0007068604472149138 -17.865644113850998 -0.0007068604472149138 1.0279857104982713 -4.915569615944821
219 1.0264646294745485 0.0008575843475535493 -17.057864878140972 -0.0008575843475535493 1.0264646294745485 -5.095894226368325
220 1.0257454241339874 0.0012094191270979647 -16.135523574780585 -0.0012094191270979647 1.0257454241339874 -4.7572808249987295
221 1.026960884432904 0.0028065223098524203 -17.571465931545312 -0.0028065223098524203 1.026960884432904 -2.402609036808776
222 1.029253316042569 0.0022343882114403656 -19.243451499674702 -0.0022343882114403656 1.029253316042569 -3.5287719637984263
223 1.0283171676041922 0.0033913892441632507 -18.86173207349044 -0.0033913892441632507 1.0283171676041922 -3.297582954585086
224 1.0304216170547347 0.0024488969124178634 -19.767938891490285 -0.0024488969124178634 1.0304216170547347 -4.033613792473242
225 1.032752252506952 0.0008206607911083091 -20.916411200890735 -0.0008206607911083091 1.032752252506952 -4.0507487707312055
226 1.018943934920471 0.00014051718724344313 -11.717649256513285 -0.00014051718724344313 1.018943934920471 -1.2134092363044358
227 1.026838047987922 -0.0012680939083193883 -16.59996624297251 0.0012680939083193883 1.026838047987922 -3.1377026877147887
228 1.0217085221065412 -0.0008247951618961401 -12.740421740117693 0.0008247951618961401 1.0217085221065412 -3.865484439429186
229 1.0287012665371338 -0.0011394557898539732 -17.689008038414634 0.0011394557898539732 1.0287012665371338 -5.648974354402073
230 1.0317611395034023 -0.0003459239330936075 -20.053786081019727 0.0003459239330936075 1.0317611395034023 -5.575929624957589
231 1.0260682503697227 0.00022363369510718526 -16.444425143172655 -0.00022363369510718526 1.0260682503697227 -5.401736322052607
232 1.0268342576017275 0.0017259532705641136 -17.234901881558105 -0.0017259532705641136 1.0268342576017275 -5.433346329964163
233 1.0228753723748358 0.0020233973183700817 -13.679722582865201 -0.0020233973183700817 1.0228753723748358 -3.110305264872289
234 1.0291837986053436 0.001033451348625179 -18.159131528078188 -0.001033451348625179 1.0291837986053436 -2.579394010155889
235 1.026802385008784 -0.0007861296204961089 -15.77520412938416 0.0007861296204961089 1.026802385008784 -3.5480306905250254
236 1.0298037537274254 -0.002184171301688344 -17.365721955381066 0.002184171301688344 1.0298037537274254 -5.467835782868004
237 1.0319776004401984 -0.0023387573877207937 -19.039684782740093 0.0023387573877207937 1.0319776004401984 -6.409437612990191
238 1.030142704944697 -0.001773072981260765 -17.295280256452457 0.001773072981260765 1.030142704944697 -6.07040029847014
239 1.03177921780356 -0.00012314509622200556 -17.62157770920142 0.00012314509622200556 1.03177921780356 -5.15002455544582
240 1.0291943383433064 0.0002671824902610296 -15.637251854452707 -0.0002671824902610296 1.0291943383433064 -5.515630188830437
241 1.029789199842636 0.0011220523019679401 -16.170960880651794 -0.0011220523019679401 1.029789199842636 -5.663399236200115
242 1.0296872609410355 0.0014794402497972279 -15.425526688523691 -0.0014794402497972279 1.0296872609410355 -5.852082974313543
243 1.0309671381413494 0.001303084071935229 -14.874099454409482 -0.001303084071935229 1.0309671381413494 -5.464534274758508
244 1.031921971136744 0.0014760858693459366 -14.438011260228311 -0.0014760858693459366 1.031921971136744 -3.5400738048519087
245 1.0279401540191466 0.0008550256211262564 -13.258873474297227 -0.0008550256211262564 1.0279401540191466 -1.8979361361411329
246 1.025636277684421 0.0011904894140992376 -12.910303242312013 -0.0011904894140992376 1.025636277684421 -1.1640805074191662
247 1.0337872803805923 0.0008811868698317764 -16.28986146253734 -0.0008811868698317764 1.0337872803805923 -4.3152804884200195
248 1.0261983118028275 -0.001846374599143349 -13.45504928001754 0.001846374599143349 1.0261983118028275 -5.44734205936938
249 1.0268400593270859 -0.001821018022730718 -13.431944903322822 0.001821018022730718 1.0268400593270859 -5.9453338656749795
250 1.0252401347607263 -0.000344418823351536 -13.507768271838783 0.000344418823351536 1.0252401347607263 -6.288160953445235
251 1.0280751796555196 -0.0017801554668328877 -16.008546623854592 0.0017801554668328877 1.0280751796555196 -9.20585909460275
252 1.0267120066453772 -0.0013919731825374688 -14.317537448181062 0.0013919731825374688 1.0267120066453772 -7.009880638295361
253 1.0233558441150938 -0.001653138427338455 -11.914288726838315 0.001653138427338455 1.0233558441150938 -2.738415040497785
254 1.0252328270587379 -0.0019923630424691537 -13.662261404518139 0.0019923630424691537 1.0252328270587379 -2.1658637420085727
255 1.0272014344139118 -0.0022914610659578536 -14.794261214644859 0.0022914610659578536 1.0272014344139118 -5.528529508017379
256 1.0283055757244408 -0.0023606061682307803 -16.01611935090703 0.0023606061682307803 1.0283055757244408 -7.590257481733296
257 1.034866175023422 -0.0003895845912678949 -19.112676830707745 0.0003895845912678949 1.034866175023422 -6.9551129446969115
258 1.0278682489017088 0.0013996318835887134 -15.964641072948151 -0.0013996318835887134 1.0278682489017088 -5.031228409871235
259 1.0321590479159433 0.0018728814122448126 -18.84465193730264 -0.0018728814122448126 1.0321590479159433 -5.931915288922375
260 1.028777321084404 0.00043540259277273437 -16.352187927096246 -0.00043540259277273437 1.028777321084404 -5.997248894046668
261 1.023351121372751 0.0015025363829956867 -10.821111424771452 -0.0015025363829956867 1.023351121372751 -3.6371937433357893
262 1.024862704177605 -6.017485342616147e-05 -12.462920730190918 6.017485342616147e-05 1.024862704177605 -3.9318587679924777
263 1.0332470604491932 -0.0013683335189762832 -20.128595724477606 0.0013683335189762832 1.0332470604491932 -5.355070364371075
264 1.0254411207245178 0.002338085799874956 -13.140974480001228 -0.002338085799874956 1.0254411207245178 -1.8397729119241903
265 1.0251356557088342 0.0024494542657784463 -12.584655184618653 -0.0024494542657784463 1.0251356557088342 -2.412974533693499
266 1.0243829069287598 0.0034444774616348584 -12.677511713764849 -0.0034444774616348584 1.0243829069287598 -1.2172222996899844
267 1.0481983579376495 0.0031936723825138655 -30.965853338663283 -0.0031936723825138655 1.0481983579376495 -4.458816769875764
268 1.0266693665809339 0.0035634559938046116 -13.912619501631998 -0.0035634559938046116 1.0266693665809339 -2.925057916225402
269 1.0271920011559728 0.0012120437991384142 -13.088205711540482 -0.0012120437991384142 1.0271920011559728 -6.829248814348679
270 1.0331135299462952 0.00012642434855400877 -15.885814032884106 -0.00012642434855400877 1.0331135299462952 -5.1915576419194185
271 1.0257316569497368 -0.0030724371537409322 -11.867448108091528 0.0030724371537409322 1.0257316569497368 -2.6284848779924346
272 1.0281364872544534 -0.006519244557596271 -13.270735093591968 0.006519244557596271 1.0281364872544534 -4.506007298594324
273 1.0278140963975646 -0.008657297187667968 -12.990868731235278 0.008657297187667968 1.0278140963975646 -8.818768785084732
274 1.0308148650071758 -0.00574020431627242 -15.499008391021572 0.00574020431627242 1.0308148650071758 -9.771248802933497
275 1.0310874957727418 -0.0029660241043705446 -16.088008104655017 0.0029660241043705446 1.0310874957727418 -11.012899670396964
276 1.033776555095142 0.0015689059195885236 -18.738940479417998 -0.0015689059195885236 1.033776555095142 -9.636140540134967
277 1.037450477145468 0.006237709575269043 -21.157809822317336 -0.006237709575269043 1.037450477145468 -7.725692143218581
278 1.0317397515564806 0.008749773312132832 -19.81624866646457 -0.008749773312132832 1.0317397515564806 -4.0168375576883255
279 1.0300644699030659 0.006923994977106334 -18.2132304974659 -0.006923994977106334 1.0300644699030659 -1.3375681383932234
280 1.033019935004955 0.004357709873025637 -19.148153789216014 -0.004357709873025637 1.033019935004955 2.0600474694169026
281 1.0326620982221424 -0.00012888523088325685 -18.505943556257208 0.00012888523088325685 1.0326620982221424 -0.5464425355296396
282 1.0358882590215046 -0.0031508750524234484 -20.173724720198145 0.0031508750524234484 1.0358882590215046 -6.315008868757578
283 1.036656239806222 -0.0015055373694384366 -20.60283433350379 0.0015055373694384366 1.036656239806222 -7.807591360537215
284 1.03974470964549 -0.0005689515023775849 -22.952158362718844 0.0005689515023775849 1.03974470964549 -8.939100170245627
285 1.0364444628822587 5.361938105202194e-06 -19.724544200048253 -5.361938105202194e-06 1.0364444628822587 -7.979093935027768
286 1.0435344104959174 -0.002271950134519589 -23.256124644808168 0.002271950134519589 1.0435344104959174 -9.310155981343593
287 1.0426779388714786 -0.004271240527201814 -23.20237410782483 0.004271240527201814 1.0426779388714786 -8.016269597855878
288 1.0293253023848115 -0.005194138103193148 -14.476267414579546 0.005194138103193148 1.0293253023848115 -8.153969436035535
289 1.0347787314698897 -0.0020219045602968564 -18.61828115420126 0.0020219045602968564 1.0347787314698897 -9.039104313365899
290 1.034570355317446 0.0010228412934842833 -19.1095913928378 -0.0010228412934842833 1.034570355317446 -7.749424436558209
291 1.0436351027732893 0.004927743358421196 -25.256526563975147 -0.004927743358421196 1.0436351027732893 -4.523795154674295
292 1.0393623912304424 0.005190428257556911 -22.66654328907031 -0.005190428257556911 1.0393623912304424 -2.2384935383128135
293 1.0411370311735053 0.002525339075979867 -22.877634370221486 -0.002525339075979867 1.0411370311735053 -5.54235852861803
294 1.0441001890627817 0.002483147337399627 -25.14568740189738 -0.002483147337399627 1.0441001890627817 -7.942168683202139
295 1.046453928929788 0.0005781659246297253 -26.855899821455868 -0.0005781659246297253 1.046453928929788 -8.76601992714815
296 1.0498044577833237 0.00010711032378398692 -29.62305922225457 -0.00010711032378398692 1.0498044577833237 -7.3485642007177585
297 1.0537275423914698 -0.0004289166176470776 -31.706788262693856 0.0004289166176470776 1.0537275423914698 -5.947940332529952
298 1.0383563985755042 -0.0025538307679568834 -21.63416515232063 0.0025538307679568834 1.0383563985755042 -5.1943285691679355
299 1.0467260412625534 -0.00547197638945251 -26.07105409598418 0.00547197638945251 1.0467260412625534 -12.259477935887132
300 1.0398339320297432 -0.005589590597877317 -23.43705662251981 0.005589590597877317 1.0398339320297432 -12.417677294409003
301 1.0381266770516577 -0.0033086025907406885 -21.917415173672104 0.0033086025907406885 1.0381266770516577 -10.351565843794678
302 1.036695140434646 0.0004556650977661945 -20.4468900149732 -0.0004556650977661945 1.036695140434646 -6.667716549063293
303 1.0419817823774988 0.0035499131565935814 -24.69836897889777 -0.0035499131565935814 1.0419817823774988 -4.693636277194102
304 1.0422792307170063 0.002137947714399643 -24.379786449432423 -0.002137947714399643 1.0422792307170063 -8.750291781677639
305 1.0496219565464773 0.000307735584499389 -30.743459300474587 -0.000307735584499389 1.0496219565464773 -11.70252598139582
306 1.048686592909194 -0.00022643066078475166 -29.064149008800715 0.00022643066078475166 1.048686592909194 -9.200473889863506
307 1.0386680188599922 -0.0002697786074732332 -22.214766381238807 0.0002697786074732332 1.0386680188599922 -4.6209925473187345
308 1.0438394462393081 1.678688420713271e-05 -25.056731763494966 -1.678688420713271e-05 1.0438394462393081 -5.789794088082773
309 1.0464877501716043 0.0012699142139926815 -27.862154464834312 -0.0012699142139926815 1.0464877501716043 -5.777542120413344
310 1.044337629203741 0.0022144527035268596 -26.225804803122884 -0.0022144527035268596 1.044337629203741 -6.149019774553725
311 1.0336352540923741 0.0012356064557976735 -21.777271890002748 -0.0012356064557976735 1.0336352540923741 -6.324264417201959
312 1.0369181744617304 -0.00035354081299942197 -23.431529687911077 0.00035354081299942197 1.0369181744617304 -6.251408299014723
313 1.0586309701115526 -0.0005733903464357905 -31.381793519122336 0.0005733903464357905 1.0586309701115526 -7.673705457856411
314 1.0418697910434382 -0.0024477433676090535 -26.025040471789694 0.0024477433676090535 1.0418697910434382 -7.011443818847221
315 1.0432408647259717 -0.003118092944650062 -27.613135183971675 0.003118092944650062 1.0432408647259717 -11.185584848786494
316 1.0466553573647273 9.217589090671635e-05 -31.01769746198262 -9.217589090671635e-05 1.0466553573647273 -10.403732519800286
317 1.03698795084031 0.000520152255268692 -22.604670552359288 -0.000520152255268692 1.03698795084031 -7.559286289139575
318 1.0471271315876052 0.000616995978639782 -30.710119723957455 -0.000616995978639782 1.0471271315876052 -8.178793573426542
319 1.0409637338668425 0.0002047559637909066 -24.13439243639113 -0.0002047559637909066 1.0409637338668425 -7.206385504627027
320 1.0439328088526487 -0.0009648580566620276 -25.48125792670248 0.0009648580566620276 1.0439328088526487 -6.8992080079612235
321 1.042516911325869 -0.0008157785343706799 -24.24377437185333 0.0008157785343706799 1.042516911325869 -4.439158939424057
322 1.0444267592710135 0.0003630553609702304 -25.522350810478112 -0.0003630553609702304 1.0444267592710135 -8.270139900251234
323 1.0443864268791148 0.002205691055440071 -24.621621836367908 -0.002205691055440071 1.0443864268791148 -9.79287985894137
324 1.044259610827655 0.0027774867085664373 -24.775332735172622 -0.0027774867085664373 1.044259610827655 -8.105627917748937
325 1.0496943252814745 0.0033151858352797993 -28.293975168831675 -0.0033151858352797993 1.0496943252814745 -5.316220844142691
326 1.0534108923892134 0.002840665521548264 -30.583569302866884 -0.002840665521548264 1.0534108923892134 -5.928324817167354
327 1.0543165069920701 0.004343212921054008 -29.08132206024991 -0.004343212921054008 1.0543165069920701 -4.737663183807744
328 1.051547404665613 0.002052516507293933 -30.46849857982995 -0.002052516507293933 1.051547404665613 -6.92192653625925
329 1.063886840624064 0.0022965529750382627 -34.57302903447836 -0.0022965529750382627 1.063886840624064 -10.313187632905686
330 1.1214463298352813 -0.002696842848495756 -94.56908225048127 0.002696842848495756 1.1214463298352813 -19.113600375491405
331 1.0557885835253966 -0.0009525932715307567 -30.79324845109396 0.0009525932715307567 1.0557885835253966 -11.149357354528002
332 1.0607433285749261 -0.0018644918751653176 -32.34293983299262 0.0018644918751653176 1.0607433285749261 -12.849216178268147
333 1.0654248822097825 -0.004158480927857642 -34.374375859471655 0.004158480927857642 1.0654248822097825 -15.909079030358779
334 1.0697857260436747 -0.0010288895315455906 -35.089474640512144 0.0010288895315455906 1.0697857260436747 -14.027375638072401
335 1.076270944331133 0.003457182398026114 -38.27140709514829 -0.003457182398026114 1.076270944331133 -12.55319421992281
336 1.079892509590093 0.010278146744415802 -40.09724970567117 -0.010278146744415802 1.079892509590093 -7.874981834501361
337 1.0558134568674522 0.013964621220621663 -35.347833593660894 -0.013964621220621663 1.0558134568674522 0.34771752184998395
338 1.0450919613867418 0.007946526685769405 -27.443769311922573 -0.007946526685769405 1.0450919613867418 -1.8689948205445621
339 1.0618010665225723 0.006144584065875774 -34.49668094612289 -0.006144584065875774 1.0618010665225723 -5.337609938589562
340 1.0539931957832689 0.0007635610123967534 -29.886684669992043 -0.0007635610123967534 1.0539931957832689 -8.8615579675489
341 1.0529277925964762 0.0002077917614000285 -29.72232652901596 -0.0002077917614000285 1.0529277925964762 -8.439954592555011
342 1.0512554162694072 -0.00287200363284167 -28.467878375932475 0.00287200363284167 1.0512554162694072 -8.591300044967966
343 1.054524163256587 0.0017997751672051798 -31.55509078621252 -0.0017997751672051798 1.054524163256587 -5.181804376870693
344 1.0606841043317068 0.001542283171607163 -32.53974965846859 -0.001542283171607163 1.0606841043317068 -10.617355819884292
345 1.0066547524999157 0.002608051100528057 -4.112334027103707 -0.002608051100528057 1.0066547524999157 -3.2966677299371385
346 1.0588667527589186 0.0005617086960820936 -34.273178632954995 -0.0005617086960820936 1.0588667527589186 -11.83043812354684
347 1.0101875940296492 0.0015166413384281442 -6.665522792269312 -0.0015166413384281442 1.0101875940296492 0.8259113144405614
348 1.0136422360735817 0.0005208911262763374 -8.921473961313701 -0.0005208911262763374 1.0136422360735817 1.2512982471672234
349 1.0086327475182886 0.0010027063966587721 -5.8204678267779775 -0.0010027063966587721 1.0086327475182886 0.6735409851133483
350 1.0053383464145527 -0.001300973406709518 -2.8257784555235523 0.001300973406709518 1.0053383464145527 -3.1131729861563358
351 1.0045501975644449 -0.00463968467387612 -1.7849795943789883 0.00463968467387612 1.0045501975644449 -6.59414721322901
352 1.001747968417147 -0.0055227489924614265 0.5096591115109654 0.0055227489924614265 1.001747968417147 -5.538070906721078
353 1.0080677974819152 -0.006657167887348389 -4.099423256872617 0.006657167887348389 1.0080677974819152 -5.332648435302775
354 1.001600977908141 -0.001558352034986903 0.5179529001347929 0.001558352034986903 1.001600977908141 -0.3833723059783576
355 1.0048286839599596 0.0014701748398381787 -2.33443642188376 -0.0014701748398381787 1.0048286839599596 0.9284736934337711
356 1.0068429986673786 0.0035421480913638424 -3.321515120101442 -0.0035421480913638424 1.0068429986673786 2.281830436104031
357 1.0050280049593068 0.0001480740787939307 -1.263809799685742 -0.0001480740787939307 1.0050280049593068 -0.8340617165340732
358 1.0134642030018786 -0.0012805115961626538 -7.147058612774933 0.0012805115961626538 1.0134642030018786 -3.293659557958109
359 1.0061490590132098 -0.002385566878095401 -1.7715283340864065 0.002385566878095401 1.0061490590132098 -4.6693253904900685
360 1.0052080959019345 -0.0013732177251761348 -0.730018047685505 0.0013732177251761348 1.0052080959019345 -3.3040458154788563
361 1.0051507296568456 -0.0020084328360698697 -0.3396106555962929 0.0020084328360698697 1.0051507296568456 -0.7251450200934829
362 1.0036218738118616 -0.0030948447250285444 1.4368519158690498 0.0030948447250285444 1.0036218738118616 -2.6740983491872448
363 1.0090004474958223 -0.0015601191815384685 -2.4739323452359234 0.0015601191815384685 1.0090004474958223 -4.250268302930572
364 1.014056789272378 -0.0004669206785739478 -6.06096914366597 0.0004669206785739478 1.014056789272378 -3.279961254354082
365 1.0147446116632086 0.0005523541119096307 -7.489416826776482 -0.0005523541119096307 1.0147446116632086 -1.5930907778584678
366 1.0169472064879466 0.0013049944403424481 -8.97810082659184 -0.0013049944403424481 1.0169472064879466 -1.095689216566324
367 1.008966886269179 0.0002760801435713399 -3.5278778856325363 -0.0002760801435713399 1.008966886269179 -0.4888475418325122
368 1.043484715527183 -0.0008416936245194776 -24.041707608752542 0.0008416936245194776 1.043484715527183 -7.894371976289881
369 1.0462800120756446 -0.0016844246552554078 -26.641189971437605 0.0016844246552554078 1.0462800120756446 -8.491199046660457
370 1.0064628128782507 -0.0012070120486321707 -2.3242438973514545 0.0012070120486321707 1.0064628128782507 -1.5473265706569972
371 1.0580877096055956 0.0007628343162384766 -33.37245937340165 -0.0007628343162384766 1.0580877096055956 -9.990934723618246
372 1.0374829276653932 -0.001560252927771184 -20.316801928462095 0.001560252927771184 1.0374829276653932 -8.635663467177178
373 1.0340185143905025 -0.0038663321528310227 -17.87306596395124 0.0038663321528310227 1.0340185143905025 -6.671548080907359
374 1.0459031957697082 -0.005861330228403631 -23.25434262655412 0.005861330228403631 1.0459031957697082 -15.005366757821522
375 1.0176312461727857 -0.0027817006495365697 -8.388858594969003 0.0027817006495365697 1.0176312461727857 -11.074478871403171
376 1.0345264396377207 0.0033697059486423133 -18.047958145095752 -0.0033697059486423133 1.0345264396377207 -6.908700646868114
377 1.0359372897807084 0.005547354882816793 -21.192874242183596 -0.005547354882816793 1.0359372897807084 -2.9481386880875986
378 1.009190908677031 0.0033631081995150565 -4.192452803842613 -0.0033631081995150565 1.009190908677031 2.9491837469464945
379 1.042713922387866 0.0038564402830442183 -24.641298347463863 -0.0038564402830442183 1.042713922387866 -3.6091379387056377
380 1.0454489677127532 0.004572633642957213 -25.609162844424024 -0.004572633642957213 1.0454489677127532 -5.971657718453609
381 1.0375594560672778 0.002225305168112559 -21.4250156248602 -0.002225305168112559 1.0375594560672778 -5.21158420214971
382 1.0356966115946526 0.0013975021951779703 -18.99539638775048 -0.0013975021951779703 1.0356966115946526 -5.566795594994623
383 1.0583596266577011 0.0017558016435753154 -35.21456211338877 -0.0017558016435753154 1.0583596266577011 -9.24420835529979
384 1.0402116996391453 0.00034501818556626103 -20.167833741820008 -0.00034501818556626103 1.0402116996391453 -5.189027167101829
385 1.0445040583106573 0.0011308425493227953 -23.829545817771166 -0.0011308425493227953 1.0445040583106573 -5.699994409538504
386 1.0286399714049885 6.668880358550744e-05 -17.39171546978281 -6.668880358550744e-05 1.0286399714049885 -3.3437432482538547
387 1.0369552574541632 0.00023705749173584387 -22.105774393959152 -0.00023705749173584387 1.0369552574541632 -4.70688896311511
388 1.0204505718194716 -0.0005702148188825167 -12.51990167311489 0.0005702148188825167 1.0204505718194716 -1.9220601083183944
389 1.0295847257799575 -0.00026764183599436645 -18.117622755974928 0.00026764183599436645 1.0295847257799575 -3.1995293772359803
