0 1.0 0.0 0.0 0.0 1.0 0.0
1 1.0591574478309056 0.0006666024560938543 -35.563174494074396 -0.0006666024560938543 1.0591574478309056 -9.341649807533187
2 1.0544132503066335 0.00036435523696250855 -34.194769177949205 -0.00036435523696250855 1.0544132503066335 -9.353947234929
3 1.0638258556182134 -0.0002755989521828679 -39.5610860150539 0.0002755989521828679 1.0638258556182134 -11.588119827694701
4 1.0496945550369783 -0.001174963444921198 -31.891678678648347 0.001174963444921198 1.0496945550369783 -9.566129692678206
5 1.0483419215705514 -0.0015082248418454743 -31.793304235079127 0.0015082248418454743 1.0483419215705514 -9.022750909039724
6 1.048750927715471 -0.0015301389357077302 -32.05290441265438 0.0015301389357077302 1.048750927715471 -9.74206775762024
7 1.0537932345266725 0.00011042849708747414 -35.182815119352504 -0.00011042849708747414 1.0537932345266725 -9.810642756433559
8 1.0576170225313546 -0.0029162471100767982 -37.28484702829623 0.0029162471100767982 1.0576170225313546 -11.248978764296066
9 1.055018807228873 0.0017651558085168546 -33.27045962784962 -0.0017651558085168546 1.055018807228873 -8.10128959073341
10 1.0631336531196145 -0.00276624172777194 -40.43708776142997 0.00276624172777194 1.0631336531196145 -11.931607064195271
11 1.0372697146615615 0.00013322890099770583 -23.949254403855303 -0.00013322890099770583 1.0372697146615615 -6.065107247362962
12 1.038105437505481 -0.000523113476443655 -23.921883851492144 0.000523113476443655 1.038105437505481 -5.204443771465971
13 1.039340509854627 -0.002060187690954097 -24.901573179312283 0.002060187690954097 1.039340509854627 -7.651868992851089
14 1.0406339387544248 -0.0013373179072012009 -25.604795648697667 0.0013373179072012009 1.0406339387544248 -8.473026761710571
15 1.04318048907647 -0.0012062884735697997 -27.10358490415595 0.0012062884735697997 1.04318048907647 -7.969436894969742
16 1.0404392120948014 -0.0004971382312023933 -25.19576655175435 0.0004971382312023933 1.0404392120948014 -5.455726089201972
17 1.0388141674784324 0.00033512224375097793 -24.0937034763996 -0.00033512224375097793 1.0388141674784324 -4.685139424139445
18 1.0426419957974526 -0.0011330927314003474 -26.451781001998494 0.0011330927314003474 1.0426419957974526 -7.181715632140538
19 1.0439970821107496 -0.000504898286598496 -26.85407846845624 0.000504898286598496 1.0439970821107496 -8.554424183892515
20 1.051240361688042 -0.0017158299953502123 -29.614576088993328 0.0017158299953502123 1.051240361688042 -10.572847389303675
21 1.045103010330162 -0.000734109693887324 -27.426856882034386 0.000734109693887324 1.045103010330162 -8.33527254276401
22 1.0497846146069427 -0.0009506727474998407 -30.30924865745376 0.0009506727474998407 1.0497846146069427 -7.579434818119849
23 1.042223270818678 2.6032797734331057e-05 -25.639862808545466 -2.6032797734331057e-05 1.042223270818678 -5.8326861352517705
24 1.0404966045747326 -0.0018267946163349877 -24.42734307283833 0.0018267946163349877 1.0404966045747326 -6.480208283058306
25 1.0419083469784118 -0.0015284486506604933 -25.461439689016764 0.0015284486506604933 1.0419083469784118 -6.559943943340328
26 1.0441427706796593 -0.0038125160950984067 -27.25698098858605 0.0038125160950984067 1.0441427706796593 -8.169904555679992
27 1.0500161983644622 -0.002197199297376504 -30.592717255655604 0.002197199297376504 1.0500161983644622 -8.89774927889182
28 1.0491567644223565 -0.002274261944519865 -30.568206172038366 0.002274261944519865 1.0491567644223565 -8.961844660793346
29 1.052335717788742 -0.0022839671758876873 -32.07182609139705 0.0022839671758876873 1.052335717788742 -9.924655919729457
30 1.0530281020418835 -0.0023832329653191786 -32.60446030994822 0.0023832329653191786 1.0530281020418835 -10.716140010985429
31 1.0545372861026607 -0.001383074786043869 -34.17128063879774 0.001383074786043869 1.0545372861026607 -9.767911955373345
32 1.0580526174345295 -0.002041411996202036 -36.33386605890015 0.002041411996202036 1.0580526174345295 -10.9939279702172
33 1.0547643722399378 -0.00062280222347835 -34.317074932186344 0.00062280222347835 1.0547643722399378 -8.432073085019942
34 1.0589417211846164 -0.0009016729437517793 -36.096635858096754 0.0009016729437517793 1.0589417211846164 -9.450311691147956
35 1.064705977316812 0.00045150150072116005 -40.149377447574494 -0.00045150150072116005 1.064705977316812 -9.726194003197673
36 1.069582832971332 -0.00010114655594612691 -42.52234894248878 0.00010114655594612691 1.069582832971332 -10.974657809966237
37 1.075139763958173 -0.0010952348841870173 -44.725827065930616 0.0010952348841870173 1.075139763958173 -12.633051115909366
38 1.081090668875682 -0.000335747902885073 -48.79342458394424 0.000335747902885073 1.081090668875682 -12.792753999313735
39 1.0779096495514737 0.0023038815241141052 -42.31617205703646 -0.0023038815241141052 1.0779096495514737 -10.692886467785979
40 1.047584805831162 -0.0027960852208299336 -28.95041706260767 0.0027960852208299336 1.047584805831162 -9.294869817463052
41 1.0445967803897545 -0.0019437250507370733 -27.26897737662752 0.0019437250507370733 1.0445967803897545 -9.225557168909384
42 1.044508312985294 -0.001220161993786887 -27.043919120348185 0.001220161993786887 1.044508312985294 -7.804184884262218
43 1.0425965899917584 -0.003270101983500116 -25.862247177596952 0.003270101983500116 1.0425965899917584 -7.676228416939013
44 1.0376657618296512 -0.002874990927451518 -23.755342220983064 0.002874990927451518 1.0376657618296512 -6.561275986625264
45 1.0478551354701524 -0.0030073854668883696 -29.104086296915053 0.0030073854668883696 1.0478551354701524 -8.784588271555707
46 1.0628900946215 -0.0020295589117419444 -37.36941833757921 0.0020295589117419444 1.0628900946215 -10.281677365536314
47 1.0442957420480001 -0.0036384998170641094 -27.522004852593476 0.0036384998170641094 1.0442957420480001 -7.542938757282427
48 1.0487058430644771 -0.003450823276910468 -28.428840393287505 0.003450823276910468 1.0487058430644771 -7.8931165783736805
49 1.0421339054489305 -0.001869895517973011 -26.308200949679637 0.001869895517973011 1.0421339054489305 -7.371402055385083
50 1.0449849721591917 -0.003102351364638958 -27.485779625701532 0.003102351364638958 1.0449849721591917 -9.180713872290129
51 1.0435553790370173 -0.0013879331610487345 -26.995288339321586 0.0013879331610487345 1.0435553790370173 -7.797544624223096
52 1.0443091633498913 -0.00213841792225422 -26.94231613391914 0.00213841792225422 1.0443091633498913 -7.415709694947299
53 1.0484535541367301 -0.003268127310562734 -28.84522212468584 0.003268127310562734 1.0484535541367301 -7.732336556042884
54 1.0497287612917894 -0.003386289165937302 -29.26071264150177 0.003386289165937302 1.0497287612917894 -9.070512510817695
55 1.0512416056177083 -0.00375745895319841 -30.286832012603945 0.00375745895319841 1.0512416056177083 -10.951649144256386
56 1.05411226449339 -0.0026680036913590043 -31.893484411106353 0.0026680036913590043 1.05411226449339 -11.320184748364294
57 1.052168839148564 -0.0012193614919269148 -31.196460151701466 0.0012193614919269148 1.052168839148564 -9.331517000479776
58 1.0520625206979206 -0.0017150068148007332 -30.92331331272151 0.0017150068148007332 1.0520625206979206 -8.630495548334752
59 1.0577938016742316 -0.002246497537679452 -33.90768306600023 0.002246497537679452 1.0577938016742316 -8.119311632851995
60 1.0607811330531784 -0.004465734120640772 -34.794660861229794 0.004465734120640772 1.0607811330531784 -9.972916520791395
61 1.0625581772337327 -0.0030978364210894303 -36.38056477104637 0.0030978364210894303 1.0625581772337327 -9.453630166336698
62 1.0627070517954416 -0.003126571118872115 -36.80314311356633 0.003126571118872115 1.0627070517954416 -9.709181780091166
63 1.0629484596984196 -0.0016332189956352852 -38.824209263498915 0.0016332189956352852 1.0629484596984196 -9.606309240651342
64 1.0738686412752012 -0.0033001150083471873 -40.99479661736403 0.0033001150083471873 1.0738686412752012 -11.773249060616806
65 1.0383564878405818 -0.0009984922431170663 -22.831183282679685 0.0009984922431170663 1.0383564878405818 -7.338980368042931
66 1.0362460348239826 -0.00189316074744879 -22.157806224979534 0.00189316074744879 1.0362460348239826 -7.880261186558036
67 1.0369998591043341 -0.0007693805380858059 -23.628922110913052 0.0007693805380858059 1.0369998591043341 -7.096003837013322
68 1.0366572284814117 0.0005035030778678467 -23.451008893292915 -0.0005035030778678467 1.0366572284814117 -5.839181378209993
69 1.0400229887280246 0.002559686476501741 -24.470248800407592 -0.002559686476501741 1.0400229887280246 -5.296299143651513
70 1.0432142069816726 0.0008968773870458207 -25.82481219515535 -0.0008968773870458207 1.0432142069816726 -6.615109434196846
71 1.0475469947288294 0.000573383661113148 -27.62590335461057 -0.000573383661113148 1.0475469947288294 -7.257440122799892
72 1.0441552637110545 -0.0013443443656230478 -26.157752236856467 0.0013443443656230478 1.0441552637110545 -7.901393368769739
73 1.06023113906751 -0.0004828858365900227 -31.784284519084103 0.0004828858365900227 1.06023113906751 -9.162303054051831
74 1.049990005801831 -0.002238547121088697 -29.316819408699182 0.002238547121088697 1.049990005801831 -8.809479759980182
75 1.038073091748875 -0.002162785161176445 -23.61757713515845 0.002162785161176445 1.038073091748875 -7.438136131860841
76 1.0379733867625611 -0.00082300401827385 -23.586750150826358 0.00082300401827385 1.0379733867625611 -7.488220911615023
77 1.0483772620358638 -0.0003155250031236711 -27.53632001018889 0.0003155250031236711 1.0483772620358638 -9.056665678523624
78 1.039816251291798 0.0011478347475291262 -24.21376680334063 -0.0011478347475291262 1.039816251291798 -5.7031417183790545
79 1.0422962397585687 0.0002560714859348154 -25.560107058613248 -0.0002560714859348154 1.0422962397585687 -4.955915675668468
80 1.0417052226730734 -0.0012071698790264945 -25.19147095817604 0.0012071698790264945 1.0417052226730734 -5.56574679579645
81 1.056214037053007 -0.0025498658804029885 -30.401933959396743 0.0025498658804029885 1.056214037053007 -8.24613602980582
82 1.0376543051203972 -0.003126946614897823 -22.23096803834298 0.003126946614897823 1.0376543051203972 -6.88696100067009
83 1.0408429666106331 -0.0013867480795763563 -25.24088602008967 0.0013867480795763563 1.0408429666106331 -6.445259327540116
84 1.0349943244164088 -3.104103951909198e-05 -21.49556642517544 3.104103951909198e-05 1.0349943244164088 -5.432306425363318
85 1.0338566310034296 -0.0007370633308400337 -20.23675828870557 0.0007370633308400337 1.0338566310034296 -5.641185393771554
86 1.0363820198735219 0.0006163002007964775 -21.964892345095762 -0.0006163002007964775 1.0363820198735219 -4.971325660325018
87 1.0341990762624385 -0.00045885849415244686 -20.39831862766891 0.00045885849415244686 1.0341990762624385 -5.602608396918163
88 1.0387184261182414 -0.001471384355972254 -22.150813283056337 0.001471384355972254 1.0387184261182414 -6.872345684247681
89 1.043032293603561 -0.0015646719261560907 -24.651233454797893 0.0015646719261560907 1.043032293603561 -7.975920621324561
90 1.035323609017478 -0.0013743668069496361 -20.7565111077481 0.0013743668069496361 1.035323609017478 -6.900517620922339
91 1.0353676914315595 -0.0008640265684663565 -20.680321088577397 0.0008640265684663565 1.0353676914315595 -6.0753597180127645
92 1.0334474745417899 -0.0005537353914637894 -19.77436804169123 0.0005537353914637894 1.0334474745417899 -5.270122271368401
93 1.0350660298364345 0.0008814665392556298 -21.069478189662558 -0.0008814665392556298 1.0350660298364345 -4.066013487391199
94 1.0350008429602784 -0.0003783646951922787 -20.946250840938312 0.0003783646951922787 1.0350008429602784 -4.9089923212877125
95 1.034140103855067 0.0006141195252349994 -20.438968842449874 -0.0006141195252349994 1.034140103855067 -4.545333769539763
96 1.0354072175381523 3.679816945191265e-05 -20.866956128458455 -3.679816945191265e-05 1.0354072175381523 -5.798899050778459
97 1.0372032903188364 0.0008853996230948899 -21.77533351732383 -0.0008853996230948899 1.0372032903188364 -5.17773916502323
98 1.0368125044754728 0.0003915106433871095 -21.49331008630339 -0.0003915106433871095 1.0368125044754728 -5.227024045536183
99 1.0360369923976112 1.1301458848306592e-05 -20.987232780063007 -1.1301458848306592e-05 1.0360369923976112 -4.887995103292385
100 1.0436491354381277 0.00014224661059334054 -24.04852100476667 -0.00014224661059334054 1.0436491354381277 -6.3662089953165255
101 1.0418136975003414 0.0005132636906426118 -23.538027160458835 -0.0005132636906426118 1.0418136975003414 -6.232597213031194
102 1.0417497984855124 -0.0015817497786586089 -22.81892629527803 0.0015817497786586089 1.0417497984855124 -6.703634403883497
103 1.0459639762045236 -0.0009281425070874695 -24.478970805978427 0.0009281425070874695 1.0459639762045236 -6.9233341868383285
104 1.0461373575296233 -0.0009878044475404493 -24.341416182425473 0.0009878044475404493 1.0461373575296233 -6.9256331363764865
105 1.0326668890954958 -0.001615980808091566 -18.791242971942104 0.001615980808091566 1.0326668890954958 -6.8533112114941925
106 1.0400211076899404 -0.001880828283821018 -22.503065613898585 0.001880828283821018 1.0400211076899404 -8.469741976386494
107 1.0449669190377247 -0.0010495710469839389 -25.290365515433194 0.0010495710469839389 1.0449669190377247 -8.014085910714458
108 1.0338049251870984 0.0003557326032140847 -19.997594417078766 -0.0003557326032140847 1.0338049251870984 -5.766213746608203
109 1.0347196657606366 -6.2426629197336e-05 -20.47373602235542 6.2426629197336e-05 1.0347196657606366 -5.634108809862169
110 1.0374057253893818 0.00044761411446909196 -21.529063548351925 -0.00044761411446909196 1.0374057253893818 -5.738812497059357
111 1.03695415765368 -0.0009416953912010674 -21.409159339275234 0.0009416953912010674 1.03695415765368 -5.269623797487327
112 1.0414915213766487 -0.0011672922534318887 -22.578497603095364 0.0011672922534318887 1.0414915213766487 -6.2491287833317255
113 1.0331305192621842 -0.00016986662621823034 -19.598657769443843 0.00016986662621823034 1.0331305192621842 -5.069103339653886
114 1.0361560422943277 -0.0013384172878238968 -20.60922304141855 0.0013384172878238968 1.0361560422943277 -6.190800172243783
115 1.0318435209719197 -0.0017057929095868134 -18.31640736238968 0.0017057929095868134 1.0318435209719197 -5.569966066455962
116 1.0338328670936534 -0.0016045060426065356 -19.165955398392384 0.0016045060426065356 1.0338328670936534 -5.78935106386383
117 1.0319382868380171 -0.0010083118270353747 -18.325740224619974 0.0010083118270353747 1.0319382868380171 -4.842479508094056
118 1.0306501235680492 -0.001938973958475389 -17.5199319383706 0.001938973958475389 1.0306501235680492 -5.470513959877565
119 1.029277297252771 -0.0014833578556847178 -17.021249262399532 0.0014833578556847178 1.029277297252771 -5.082109298832601
120 1.0311883890611209 -0.001520236851428083 -17.721764535345105 0.001520236851428083 1.0311883890611209 -5.343837306176953
121 1.031387107359358 -0.000382004345767606 -17.50188521434462 0.000382004345767606 1.031387107359358 -4.755392756512076
122 1.024355318117426 -0.0002761959326316686 -14.483567557076778 0.0002761959326316686 1.024355318117426 -4.251961351611323
123 1.024159008420841 0.0003790301687133081 -14.525803875188458 -0.0003790301687133081 1.024159008420841 -3.922572378598508
124 1.0226694627934756 -0.000893765884655666 -13.531188538877489 0.000893765884655666 1.0226694627934756 -4.283678951370686
125 1.0259827537278827 0.0010150941341917222 -15.344272684410491 -0.0010150941341917222 1.0259827537278827 -3.933249929352528
126 1.025307795885574 0.00016322234847516954 -14.676652074364508 -0.00016322234847516954 1.025307795885574 -3.9777877199453107
127 1.0245308891976252 -0.00030678524554667605 -14.10306359405148 0.00030678524554667605 1.0245308891976252 -3.7743936835219656
128 1.02430816811685 -0.0007747226969203719 -13.604179130985695 0.0007747226969203719 1.02430816811685 -3.715379477485623
129 1.0213542825682418 0.0004324687413221664 -13.179580837402138 -0.0004324687413221664 1.0213542825682418 -2.3813599985856713
130 1.0210720902939157 0.0008396331143647754 -12.938860653683804 -0.0008396331143647754 1.0210720902939157 -1.803121183756857
131 1.0212827683132313 0.00014256011361273436 -12.97317029974274 -0.00014256011361273436 1.0212827683132313 -2.8289679498695297
132 1.0216288092020411 -0.00013933401020257996 -13.438793844090572 0.00013933401020257996 1.0216288092020411 -3.4741585609008148
133 1.0207489086437729 -0.0005803991460881096 -12.605589957897582 0.0005803991460881096 1.0207489086437729 -3.4233562661999914
134 1.0214929611242767 -0.0005866553935173749 -12.752692689082796 0.0005866553935173749 1.0214929611242767 -3.5500056819821175
135 1.0229425080890437 5.997884325097932e-06 -13.835678562232458 -5.997884325097932e-06 1.0229425080890437 -3.9448282741266003
136 1.0225321756108026 -0.00015944997092202012 -13.650031210055962 0.00015944997092202012 1.0225321756108026 -3.6243821380891017
137 1.0221977880122237 -0.00037402076132990697 -13.148683046915858 0.00037402076132990697 1.0221977880122237 -3.4363069826723756
138 1.0213954881320093 -0.0008586179914492405 -12.633995166525027 0.0008586179914492405 1.0213954881320093 -3.9430186087731602
139 1.021296954430266 -3.611145599002365e-05 -13.042045396484802 3.611145599002365e-05 1.021296954430266 -3.2933038208344447
140 1.0203867392774082 0.000176630790252291 -12.625873143748938 -0.000176630790252291 1.0203867392774082 -2.6556703940385384
141 1.0226426649840428 -0.00024817537148735715 -13.647874847428445 0.00024817537148735715 1.0226426649840428 -3.2757270994528676
142 1.0232193769275348 -0.000605170254696508 -13.832093246406224 0.000605170254696508 1.0232193769275348 -3.9425929246507385
143 1.022900927603608 -0.0009638985575386731 -13.570456303380123 0.0009638985575386731 1.022900927603608 -4.153980573699013
144 1.023462716011216 -0.0005839187470064244 -13.570189171966957 0.0005839187470064244 1.023462716011216 -4.330910395019916
145 1.0228222409866805 0.00024645662532996005 -13.68017566658318 -0.00024645662532996005 1.0228222409866805 -3.5177933835978514
146 1.021790350048823 0.0005401018428313846 -13.112888161082735 -0.0005401018428313846 1.021790350048823 -2.7987761170944023
147 1.0271742463961822 -0.0004550112540052522 -14.50378437032148 0.0004550112540052522 1.0271742463961822 -4.172879422930771
148 1.0236878937728344 -0.0008823668077711719 -13.485097523055313 0.0008823668077711719 1.0236878937728344 -4.059520261776251
149 1.022375450776213 -0.0010742007578131982 -12.71269324274924 0.0010742007578131982 1.022375450776213 -4.026557242128487
150 1.0219288345882873 -0.00014119126014678404 -12.810908299389267 0.00014119126014678404 1.0219288345882873 -3.37682481878095
151 1.0218195748438443 0.000638699039392406 -13.00684080620654 -0.000638699039392406 1.0218195748438443 -3.3937543529518073
152 1.0222120261988779 -0.00035145822906502066 -12.870544235383344 0.00035145822906502066 1.0222120261988779 -4.237813041419316
153 1.021890910734714 0.0006233229860674767 -12.837570396995195 -0.0006233229860674767 1.021890910734714 -3.1761813157851
154 1.021100125264504 5.261809567399802e-05 -12.297696288441175 -5.261809567399802e-05 1.021100125264504 -3.200603469260993
155 1.0210788495701775 0.00030232223052991834 -12.321944179615977 -0.00030232223052991834 1.0210788495701775 -3.3276532643832137
156 1.0205355083088596 0.00047975058060383295 -11.648035741426034 -0.00047975058060383295 1.0205355083088596 -3.2042545645344673
157 1.0188224116920108 0.0008873575928434636 -10.52168617233595 -0.0008873575928434636 1.0188224116920108 -2.21679018767034
158 1.0192633646723284 0.0011492253955647951 -10.818472542214574 -0.0011492253955647951 1.0192633646723284 -2.2745681245332907
159 1.0190654215561965 0.0005809998602622278 -10.645416728128705 -0.0005809998602622278 1.0190654215561965 -3.1805520058435683
160 1.0193237893214124 0.0001894894605729715 -10.595788310080314 -0.0001894894605729715 1.0193237893214124 -3.2561094013489886
161 1.0199271917808201 0.00019658894266171882 -11.11018671689364 -0.00019658894266171882 1.0199271917808201 -3.1022003693216527
162 1.0201683504362775 0.001057834983382493 -11.649017434724485 -0.001057834983382493 1.0201683504362775 -2.595041773093975
163 1.0214812843687135 0.0011624589519170668 -12.512174289667536 -0.0011624589519170668 1.0214812843687135 -2.813474412832983
164 1.0215339563663048 0.0015869360728660738 -12.405879298750627 -0.0015869360728660738 1.0215339563663048 -3.2018176724580005
165 1.0233736469323251 0.0008204762644076768 -13.668174203225103 -0.0008204762644076768 1.0233736469323251 -3.709199845066292
166 1.0246669783601081 0.001180621053755485 -14.18635910690514 -0.001180621053755485 1.0246669783601081 -3.3470196830431354
167 1.026987345309987 0.0007804719444034431 -15.766791348873838 -0.0007804719444034431 1.026987345309987 -3.866686205241049
168 1.0302958305248644 0.0010428947868859446 -16.232666982046293 -0.0010428947868859446 1.0302958305248644 -4.973946954807053
169 1.0411545194528915 0.003949263605375833 -19.90332697192395 -0.003949263605375833 1.0411545194528915 -5.300423630351192
170 1.0417854944413787 0.0030887318118702975 -20.053870376868048 -0.0030887318118702975 1.0417854944413787 -5.60396800546661
171 1.0241592849655314 0.0005112362788240879 -13.538997106565912 -0.0005112362788240879 1.0241592849655314 -4.772380814549499
172 1.0252939049534011 0.001860095155636371 -14.339848412759807 -0.001860095155636371 1.0252939049534011 -4.214642292371435
173 1.0250251975344353 0.0014276656701953342 -14.209154956166426 -0.0014276656701953342 1.0250251975344353 -4.245004199928672
174 1.0211853593447042 0.0005364417299976512 -12.110956726189688 -0.0005364417299976512 1.0211853593447042 -3.7337046652450385
175 1.0210426419600984 -6.390698997259456e-05 -11.71322678540817 6.390698997259456e-05 1.0210426419600984 -3.607408952780331
176 1.0226752766929401 -0.0003269376207774388 -12.544366294587768 0.0003269376207774388 1.0226752766929401 -4.24025963634524
177 1.0225039727993006 -0.00028622266467362434 -12.790558735910043 0.00028622266467362434 1.0225039727993006 -4.3181677342966385
178 1.0221110299838998 -0.0005140628677061423 -12.786004227753725 0.0005140628677061423 1.0221110299838998 -3.84683185757167
179 1.024340646777395 -5.356897786312363e-05 -14.122521083891236 5.356897786312363e-05 1.024340646777395 -3.5526622632212135
180 1.020330491317757 -0.000268350253386447 -11.735442016150518 0.000268350253386447 1.020330491317757 -3.209223564054447
181 1.021799842143177 0.0010227329507687068 -12.783675385558595 -0.0010227329507687068 1.021799842143177 -2.4799217919634287
182 1.0211452256983635 0.0006548934347902343 -12.516420071999248 -0.0006548934347902343 1.0211452256983635 -2.0577255496444873
183 1.0209831793297182 -0.0009888748461347472 -11.733576428839655 0.0009888748461347472 1.0209831793297182 -2.4930451786976313
184 1.0200167565563223 -0.0003396719725758579 -11.682496857552131 0.0003396719725758579 1.0200167565563223 -2.924848624823975
185 1.0204084750595257 0.000645692739652841 -12.173155644779515 -0.000645692739652841 1.0204084750595257 -3.3935122588264774
186 1.0218342043471638 0.0007583284510778455 -12.803725060059056 -0.0007583284510778455 1.0218342043471638 -3.9408302530327237
187 1.0221764014102779 0.0006260922464439123 -12.62060774922835 -0.0006260922464439123 1.0221764014102779 -4.3613082519529165
188 1.024877351479422 9.412268333993445e-05 -13.592970040279999 -9.412268333993445e-05 1.024877351479422 -4.942717957616298
189 1.0222754877767437 0.00043311725802896246 -12.955155127672551 -0.00043311725802896246 1.0222754877767437 -4.56762393632615
190 1.0225147775347598 -0.0010450110201957019 -12.34399846000215 0.0010450110201957019 1.0225147775347598 -4.681315801866527
191 1.0202614422684173 -0.00028571162476719064 -11.267089157006176 0.00028571162476719064 1.0202614422684173 -3.4125153257768037
192 1.0196699722534164 0.0005931112136219022 -11.49420348714436 -0.0005931112136219022 1.0196699722534164 -2.6270255740053794
193 1.0197310070894678 0.001014021258553612 -11.480186288885255 -0.001014021258553612 1.0197310070894678 -2.4940799737598196
194 1.0175978313255014 0.0012277188561659303 -10.428000998328129 -0.0012277188561659303 1.0175978313255014 -2.419583216649176
195 1.0173525767411775 0.0010982037126264345 -10.14069943716029 -0.0010982037126264345 1.0173525767411775 -2.4184857233760875
196 1.0167382567976055 0.0015892530760956735 -10.086013751956012 -0.0015892530760956735 1.0167382567976055 -2.680731456945745
197 1.0184657427803447 8.506897528493462e-05 -10.444375302842397 -8.506897528493462e-05 1.0184657427803447 -3.55139406081354
198 1.0167437711425027 -3.195738883487898e-05 -9.439944435449402 3.195738883487898e-05 1.0167437711425027 -2.8325637788120313
199 1.0172033021312248 0.00021613023411615385 -9.548460935842526 -0.00021613023411615385 1.0172033021312248 -2.3261612080016794
200 1.016906213291624 0.0006572120071658876 -9.42043028640576 -0.0006572120071658876 1.016906213291624 -1.9780960408930008
201 1.0154906009299007 -9.181230644612605e-05 -8.844855440581018 9.181230644612605e-05 1.0154906009299007 -2.328660689892345
202 1.0160959924384858 0.0008528057247682427 -9.12000140078517 -0.0008528057247682427 1.0160959924384858 -1.2793607611800113
203 1.0157832403796465 0.0008756267454313352 -8.990651137755876 -0.0008756267454313352 1.0157832403796465 -1.6855600274221372
204 1.0174884833588982 0.0007397305503073067 -9.683859053380315 -0.0007397305503073067 1.0174884833588982 -2.580283075870314
205 1.0152789920484253 0.0006415507770028189 -8.850604005045177 -0.0006415507770028189 1.0152789920484253 -2.293855330191468
206 1.0148930488275738 0.001072298861034905 -8.701873514941209 -0.001072298861034905 1.0148930488275738 -1.9801745074442676
207 1.0166916401379327 5.30078661616639e-05 -9.33358209663956 -5.30078661616639e-05 1.0166916401379327 -2.9641366827643596
208 1.0147795648808835 6.279342956025807e-05 -8.539015067001309 -6.279342956025807e-05 1.0147795648808835 -2.75877417942469
209 1.0140024727301002 0.0007095970961482094 -8.093723465176803 -0.0007095970961482094 1.0140024727301002 -2.1991716451099563
210 1.0155138872436906 0.0009489647000299629 -8.887899575890225 -0.0009489647000299629 1.0155138872436906 -2.1566018415231127
211 1.015546776581069 0.0005957334566873192 -9.138576601469758 -0.0005957334566873192 1.015546776581069 -1.9160270581203773
212 1.0154844936923355 0.0006120950898148256 -8.697729571908061 -0.0006120950898148256 1.0154844936923355 -0.6824819108303632
213 1.0161020429278593 0.00037658351599707433 -9.138979508801063 -0.00037658351599707433 1.0161020429278593 -1.0395471552239919
214 1.0164067544202853 -0.0001944239159646942 -9.310108665605199 0.0001944239159646942 1.0164067544202853 -1.9792995738610923
215 1.0169609591777427 -7.775651410754994e-05 -9.50356198950387 7.775651410754994e-05 1.0169609591777427 -2.890670775120707
216 1.0168215542390708 0.0012538413179003696 -9.729273103096652 -0.0012538413179003696 1.0168215542390708 -2.4467266233717146
217 1.0180155472436991 0.0002481200654847419 -10.22629242825646 -0.0002481200654847419 1.0180155472436991 -2.50327038332686
218 1.0192622492381136 6.932448490899508e-05 -10.72710774615532 -6.932448490899508e-05 1.0192622492381136 -2.632087817071057
219 1.0182927921671463 -0.0007629908642235086 -10.22203108690998 0.0007629908642235086 1.0182927921671463 -3.274175782077491
220 1.020115660412754 -0.0014172454742274396 -10.695320257684292 0.0014172454742274396 1.020115660412754 -3.16530385659823
221 1.0191887814385796 0.0004996990832427882 -11.085704327928624 -0.0004996990832427882 1.0191887814385796 -2.778486606588719
222 1.0198738128975204 0.0014933047894037776 -11.63273654111591 -0.0014933047894037776 1.0198738128975204 -2.7404475727353375
223 1.0198095612691345 0.0016930717254575215 -11.61924525757935 -0.0016930717254575215 1.0198095612691345 -2.780679782907827
224 1.0213264688885215 0.0016289137691253123 -12.278630570549566 -0.0016289137691253123 1.0213264688885215 -2.708240834929839
225 1.0208711343555674 0.00012028024896949601 -11.55565194570125 -0.00012028024896949601 1.0208711343555674 -3.7074085394508676
226 1.02170711719464 -5.319922436884808e-05 -11.990824810270848 5.319922436884808e-05 1.02170711719464 -4.242840505774161
227 1.019788364133483 -0.0006021869068618332 -10.956704667799315 0.0006021869068618332 1.019788364133483 -4.1008375561789645
228 1.0241522646172518 0.0010932539428738627 -12.907000484482095 -0.0010932539428738627 1.0241522646172518 -3.735004406596867
229 1.0202575677215755 0.002125796886832566 -11.807417546562048 -0.002125796886832566 1.0202575677215755 -2.2698865549882985
230 1.0276412781443554 -0.00030633068523725415 -13.59745510361994 0.00030633068523725415 1.0276412781443554 -4.434468328103094
231 1.0225162031481667 -0.00048202759261161657 -12.641918693552213 0.00048202759261161657 1.0225162031481667 -4.294409911306867
232 1.023012280446947 -0.0010453229940466328 -12.765141163892494 0.0010453229940466328 1.023012280446947 -4.661709029337377
233 1.0228586957286825 0.0005173757343493019 -13.128501377251336 -0.0005173757343493019 1.0228586957286825 -3.62897350152087
234 1.0227760075880006 0.00015431073862777367 -12.7679989082561 -0.00015431073862777367 1.0227760075880006 -3.4292653051012043
235 1.024837405623332 0.0003332653942669955 -13.6462487133524 -0.0003332653942669955 1.024837405623332 -3.646020975894369
236 1.0266316482682674 -0.00015920207992865928 -14.023177632708004 0.00015920207992865928 1.0266316482682674 -4.5218435077004555
237 1.0243482465564242 -0.00017593438961298617 -13.57539170599597 0.00017593438961298617 1.0243482465564242 -3.8074754361860075
238 1.025260838686113 0.0004983495172718378 -14.243928989131419 -0.0004983495172718378 1.025260838686113 -3.1364577068977755
239 1.0249624089051217 0.00046666508592036783 -14.774900374067936 -0.00046666508592036783 1.0249624089051217 -3.3317500540502207
240 1.0255399475036644 -0.0009029101344407107 -14.866014758825271 0.0009029101344407107 1.0255399475036644 -4.405296226827012
241 1.0251806351287505 -0.000773367954142923 -14.764203881270562 0.000773367954142923 1.0251806351287505 -4.114031439443923
242 1.0257101060046505 4.3287574326572005e-05 -15.363849887255832 -4.3287574326572005e-05 1.0257101060046505 -3.793158623445015
243 1.02617237661775 -0.0004002631888223927 -15.861882239849471 0.0004002631888223927 1.02617237661775 -4.502879802293126
244 1.0252018651334303 -0.0010847844032550143 -15.230415568985354 0.0010847844032550143 1.0252018651334303 -5.445967248957425
245 1.024919687489706 -0.000931785627708601 -15.22330288199785 0.000931785627708601 1.024919687489706 -5.5132326603659365
246 1.025963842833325 -0.00024664779602208626 -15.961387742078243 0.00024664779602208626 1.025963842833325 -5.806377835980499
247 1.0251668014711244 0.0002895868722229608 -15.674827154330274 -0.0002895868722229608 1.0251668014711244 -5.215411783838614
248 1.0255172357523423 -7.44528519785996e-05 -15.794365493291746 7.44528519785996e-05 1.0255172357523423 -5.0264682036864725
249 1.0253563076125254 -0.0012489547232911557 -15.481045066520332 0.0012489547232911557 1.0253563076125254 -5.0528263443563874
250 1.0291406942107517 -0.0012533575435794866 -16.40688869139565 0.0012533575435794866 1.0291406942107517 -5.08114811803832
251 1.025401281351185 -5.451194797415006e-05 -15.783138687462461 5.451194797415006e-05 1.025401281351185 -3.851483267208008
252 1.0251626273470822 -0.0017594103002918366 -15.426803401517084 0.0017594103002918366 1.0251626273470822 -4.86573677193683
253 1.0258708638741199 -0.001515204411180961 -15.965599865260993 0.001515204411180961 1.0258708638741199 -5.014477241293477
254 1.0263057945537797 -0.001256005566602644 -16.06170746599261 0.001256005566602644 1.0263057945537797 -4.876994257332767
255 1.0265210999862506 -4.8845731313947473e-05 -16.642416963620825 4.8845731313947473e-05 1.0265210999862506 -4.264835360696148
256 1.031844751289758 -0.0004044807304610351 -18.199049154474295 0.0004044807304610351 1.031844751289758 -5.611478344466394
257 1.02838806604861 -0.0004359623325110619 -17.549455164419737 0.0004359623325110619 1.02838806604861 -5.402389260586281
258 1.0353367484821694 -0.001604884456610952 -18.947578259723283 0.001604884456610952 1.0353367484821694 -6.405260638793266
259 1.030276218871509 -5.1446198817671855e-05 -18.73790182204562 5.1446198817671855e-05 1.030276218871509 -5.095176602078677
260 1.0351659502891992 0.00021087248735981716 -20.08873871180676 -0.00021087248735981716 1.0351659502891992 -5.914453604028459
261 1.0345757346194195 0.00034681035549331086 -20.057375995114096 -0.00034681035549331086 1.0345757346194195 -4.905351514605637
262 1.0346427644793041 -0.0007939416538245573 -20.184902903363614 0.0007939416538245573 1.0346427644793041 -5.207365159290991
263 1.0348930509163385 -0.002069536480751147 -19.583933107792543 0.002069536480751147 1.0348930509163385 -5.69898302521014
264 1.0339125527255923 -0.0015176663867618758 -20.282422902550866 0.0015176663867618758 1.0339125527255923 -4.6334683118572695
265 1.045796153369342 -0.001719608930784568 -22.12412613490404 0.001719608930784568 1.045796153369342 -5.9200979865170975
266 1.036909321233874 -0.0008396590450124046 -21.759340335606584 0.0008396590450124046 1.036909321233874 -5.777832149578803
267 1.0366345371061256 -0.0018782119594397248 -21.316452104433097 0.0018782119594397248 1.0366345371061256 -7.16018737600398
268 1.0348099914952373 -0.0015065903738070115 -20.177860099475105 0.0015065903738070115 1.0348099914952373 -7.275938245424899
269 1.0204238478900693 -0.000863399204623137 -12.10161169071935 0.000863399204623137 1.0204238478900693 -4.33949256201112
270 1.021302576666893 -0.001080181733007751 -12.326985698557921 0.001080181733007751 1.021302576666893 -3.537696298777688
271 1.0195216971102081 -0.0016877276874689724 -11.08754468263714 0.0016877276874689724 1.0195216971102081 -4.023264127258064
272 1.0191243821280713 -0.0017542458023159764 -9.965420729826953 0.0017542458023159764 1.0191243821280713 -4.233060204330948
273 1.0172024720369677 -0.0012998230498581756 -8.89425838938864 0.0012998230498581756 1.0172024720369677 -3.4455089430311143
274 1.0165293775064252 -0.0007023698590826165 -8.881743521179537 0.0007023698590826165 1.0165293775064252 -3.2682163631767494
275 1.0161062476843452 0.0006353330929137192 -8.90800431709371 -0.0006353330929137192 1.0161062476843452 -3.2344868520277874
276 1.0146427270203835 0.0001586823583998205 -7.8482057319977026 -0.0001586823583998205 1.0146427270203835 -2.991805926783421
277 1.013851774175162 0.000389394827263057 -7.434592818566565 -0.000389394827263057 1.013851774175162 -1.9684271359777592
278 1.013593523587298 -0.0010214771805665103 -6.898567994214246 0.0010214771805665103 1.013593523587298 -3.2864100818666757
279 1.012612927890982 -0.00016431557611068718 -6.575831258142754 0.00016431557611068718 1.012612927890982 -3.116160116233691
280 1.0110810392054521 0.0007337663112612764 -5.803938810672768 -0.0007337663112612764 1.0110810392054521 -2.0484956629976017
281 1.0114201911742928 0.000849197146906487 -5.875525285739763 -0.000849197146906487 1.0114201911742928 -1.9369276361820902
282 1.009503319274185 0.0010453849978698444 -4.824202755254647 -0.0010453849978698444 1.009503319274185 -0.9173613307210071
283 1.01032273314579 -0.0002199572262695819 -4.9199535933148715 0.0002199572262695819 1.01032273314579 -0.34616468380538645
284 1.0098661182383537 0.00018802783856815256 -4.5969263445961275 -0.00018802783856815256 1.0098661182383537 0.494378036155459
285 1.009093183854646 0.0005843606051816343 -4.2221380580748455 -0.0005843606051816343 1.009093183854646 -0.11352410589502981
286 1.0110614242212186 0.0002974116453038086 -5.511963452231461 -0.0002974116453038086 1.0110614242212186 -1.2458126498327218
287 1.0106096189971265 0.00037224577878842004 -5.313226979279631 -0.00037224577878842004 1.0106096189971265 -1.2514198754410717
288 1.0097434456891001 0.0013567824316529844 -5.000209196474107 -0.0013567824316529844 1.0097434456891001 -0.9254018718927312
289 1.0086739907381213 0.0014098248456367144 -4.568350772724345 -0.0014098248456367144 1.0086739907381213 -0.8181995212227678
290 1.0067034479167936 0.0010984109756837952 -3.428751680337172 -0.0010984109756837952 1.0067034479167936 -0.38452038518776055
291 1.0072669097776679 -0.0002969367123817865 -3.5967301741824906 0.0002969367123817865 1.0072669097776679 -1.3178628843812434
292 1.0089608730110875 0.0005647978782988258 -4.476197018795456 -0.0005647978782988258 1.0089608730110875 -1.2356355375555803
293 1.0115405013286038 0.0007585152070754338 -6.533634674773364 -0.0007585152070754338 1.0115405013286038 -1.6671520321601039
294 1.0117192415049612 0.00046508833951519146 -6.836492032292039 -0.00046508833951519146 1.0117192415049612 -1.5904494914234306
295 1.00950060689561 -7.436264096275719e-05 -4.954695873129128 7.436264096275719e-05 1.00950060689561 -1.918164678142964
296 1.0108419577466878 -0.0008673766919853846 -5.737193279260062 0.0008673766919853846 1.0108419577466878 -2.0808593611980926
297 1.0106017772440594 -0.00029295571600119623 -5.709184845426772 0.00029295571600119623 1.0106017772440594 -1.9441099209392256
298 1.0104343697042226 0.0015388573874080829 -5.834934058900481 -0.0015388573874080829 1.0104343697042226 -0.43771005659505063
299 1.0103907570552462 0.0012975127230226723 -5.902395333377695 -0.0012975127230226723 1.0103907570552462 -0.6638467094082984
300 1.0112391938423755 0.0004197400028532656 -6.314252430469668 -0.0004197400028532656 1.0112391938423755 -1.7424315225590021
301 1.0107639662145955 -0.00036402735643199617 -5.805418546741471 0.00036402735643199617 1.0107639662145955 -1.9846610513389056
302 1.0111159397558853 -0.00010487430573341422 -5.936910660919892 0.00010487430573341422 1.0111159397558853 -1.9609065156216805
303 1.0110130242930937 0.0005496984795980421 -6.112647047343328 -0.0005496984795980421 1.0110130242930937 -1.5038519846163867
304 1.0113504348457802 0.00039597389123111905 -6.213791268488977 -0.00039597389123111905 1.0113504348457802 -1.8858404155545299
305 1.0109866362413729 0.0002992427601468166 -5.955504262020575 -0.0002992427601468166 1.0109866362413729 -1.7278664162688295
306 1.0112171997658845 0.0004196259468828707 -6.177244676714052 -0.0004196259468828707 1.0112171997658845 -1.696785868589221
307 1.0109918008571661 -0.0008521510353138733 -5.7801575463828545 0.0008521510353138733 1.0109918008571661 -2.252283955485481
308 1.011421550763766 -0.0009033543222013679 -5.744348436399022 0.0009033543222013679 1.011421550763766 -1.566897069946489
309 1.0117369703244523 -0.0004907015016566696 -6.132307234979079 0.0004907015016566696 1.0117369703244523 -1.4605697482005666
310 1.0111800963459407 0.0004337065139020379 -6.330684201803126 -0.0004337065139020379 1.0111800963459407 -1.3371952774388127
311 1.012164787765229 -0.0004687548214445329 -6.451102172143842 0.0004687548214445329 1.012164787765229 -1.9738994251407629
312 1.0127053523729799 -0.0009631450287807656 -6.521879933709976 0.0009631450287807656 1.0127053523729799 -2.222421460990919
313 1.0128653869179725 -0.0008957243223450066 -6.5064976502255965 0.0008957243223450066 1.0128653869179725 -2.3949075238432043
314 1.0132231766128053 -0.00012891518969882014 -6.940565112532864 0.00012891518969882014 1.0132231766128053 -1.911387061965611
315 1.0121717573416331 -0.00015298824138656602 -6.456220371343107 0.00015298824138656602 1.0121717573416331 -1.7397828239192
316 1.01242662339799 -0.0004048766756317845 -6.447744871264613 0.0004048766756317845 1.01242662339799 -1.754545648322131
317 1.013691697093132 -0.0009935304081005304 -6.671405357962906 0.0009935304081005304 1.013691697093132 -1.9953741236136224
318 1.01077445879639 -0.0012860537044197225 -5.864323581629614 0.0012860537044197225 1.01077445879639 -2.3771807680625074
319 1.0110543179746376 -0.001702769820541964 -5.978977300589984 0.001702769820541964 1.0110543179746376 -3.079206603785716
320 1.011637322715201 -0.0017743333564316048 -5.958088996030666 0.0017743333564316048 1.011637322715201 -3.6713509711490446
321 1.0110336749261795 -0.0008905262739731344 -5.888996170474129 0.0008905262739731344 1.0110336749261795 -3.0406840656081227
322 1.0131349613314424 -0.00032584278419335155 -6.380904772261781 0.00032584278419335155 1.0131349613314424 -2.3826592032054594
323 1.011965888981643 -5.9472601908744976e-05 -5.8800328905109875 5.9472601908744976e-05 1.011965888981643 -1.9801322157853782
324 1.0116900248326006 -0.0005695907944084885 -5.726314293220246 0.0005695907944084885 1.0116900248326006 -2.25907683377858
325 1.010591035251142 -0.0010236082558046434 -4.887014591989409 0.0010236082558046434 1.010591035251142 -2.2602470501187293
326 1.0075579943386574 -0.0004792086652412465 -3.6040859568199854 0.0004792086652412465 1.0075579943386574 -1.6806506759988995
327 1.0080657210653396 9.662514531008908e-06 -3.8117155647596492 -9.662514531008908e-06 1.0080657210653396 -1.2482359311704565
328 1.0067936622974665 0.0005579283557917609 -3.004301671061055 -0.0005579283557917609 1.0067936622974665 -0.24058289551839493
329 1.00570019896901 0.0004450402169468232 -2.410631916293605 -0.0004450402169468232 1.00570019896901 -0.009741777135649984
330 1.0036016269699763 0.0008484130693703551 -1.732805895953626 -0.0008484130693703551 1.0036016269699763 0.2175096714173903
331 1.0038315697272902 0.001068938251767259 -1.632805169536209 -0.001068938251767259 1.0038315697272902 0.16332950379066333
332 1.0029683322121041 0.0011921469831296298 -1.2999348001150364 -0.0011921469831296298 1.0029683322121041 0.09300947426085784
333 1.002049424339223 0.0006706188048740284 -0.8137681324719361 -0.0006706188048740284 1.002049424339223 -0.08511966294726858
334 1.0015719727510952 0.0002603839235659966 -0.446055848942709 -0.0002603839235659966 1.0015719727510952 -0.09204737673279362
335 1.0005539775378665 0.00019264424823360864 0.05426387718880177 -0.00019264424823360864 1.0005539775378665 -0.09943660325336401
336 0.9995469136251088 0.00046936736872999174 0.3560524699687957 -0.00046936736872999174 0.9995469136251088 0.08096465675721469
337 0.9989732416953719 9.928409712003138e-05 0.8825535140572077 -9.928409712003138e-05 0.9989732416953719 0.7354817989457285
338 0.9993659395738528 -0.00019138191942072214 0.8066382564270336 0.00019138191942072214 0.9993659395738528 1.3564300514813163
