0 1.0 0.0 0.0 0.0 1.0 0.0
1 1.0312234959024285 -0.0004654452682290281 -14.838786057980048 0.0004654452682290281 1.0312234959024285 -5.630230164695696
2 1.0277392404187304 -0.0032765408218248153 -13.738435757557195 0.0032765408218248153 1.0277392404187304 -4.901476997898873
3 1.0294995897216572 -0.0030765161952817288 -14.531049363514306 0.0030765161952817288 1.0294995897216572 -3.881417484879546
4 1.0316207895542078 -0.0032796193939875385 -15.178224809190906 0.0032796193939875385 1.0316207895542078 -5.936760137573075
5 1.0288577685676588 -9.272663498819545e-05 -13.84183345600088 9.272663498819545e-05 1.0288577685676588 -5.353131914023585
6 1.02865344640641 -0.00018402575353011413 -13.614764281235928 0.00018402575353011413 1.02865344640641 -4.6962408809660685
7 1.028155354120193 -0.00013174129801201296 -13.285433974450237 0.00013174129801201296 1.028155354120193 -3.3491216343615404
8 1.0280562561251985 -0.00019529929730983326 -13.378111499858676 0.00019529929730983326 1.0280562561251985 -4.152507901782105
9 1.0321373816310697 -0.0012778368559293917 -15.665747676390733 0.0012778368559293917 1.0321373816310697 -6.6262141085733965
10 1.0318552217966848 -0.0015198027676593018 -16.218702056110423 0.0015198027676593018 1.0318552217966848 -7.473971931779757
11 1.0342488866011703 -0.001132077159503437 -18.69840290813996 0.001132077159503437 1.0342488866011703 -7.383507692279204
12 1.0329646551388936 -0.001421508392145109 -18.229867854727583 0.001421508392145109 1.0329646551388936 -6.6780333082967935
13 1.03144380973817 -0.0005469759199006499 -16.99952305673709 0.0005469759199006499 1.03144380973817 -5.6401222952612375
14 1.0334654924901312 -0.00020717081504122598 -18.111964223736464 0.00020717081504122598 1.0334654924901312 -7.142442415339081
15 1.0342676538664592 -0.002059181669255012 -18.884396237111634 0.002059181669255012 1.0342676538664592 -8.253997455805575
16 1.0374481186814324 -0.0014178441608072257 -20.082439843415806 0.0014178441608072257 1.0374481186814324 -8.288336050685707
17 1.0388464195551224 -0.0005550087569227909 -20.987345553127412 0.0005550087569227909 1.0388464195551224 -6.645702797979736
18 1.0398929380291753 0.0008463822334244563 -21.838701826934464 -0.0008463822334244563 1.0398929380291753 -5.0904426921182315
19 1.0492120749805205 0.0027501930418832063 -24.682291111728308 -0.0027501930418832063 1.0492120749805205 -6.2183427797824296
20 1.0405237909900678 0.0016758344073312713 -22.02028886480839 -0.0016758344073312713 1.0405237909900678 -5.275422077157556
21 1.0416266660981526 0.0016751095401890343 -22.60625407637839 -0.0016751095401890343 1.0416266660981526 -5.473263655751365
22 1.0376835658991332 0.001246699876747148 -18.636748387740838 -0.001246699876747148 1.0376835658991332 -5.316931931060821
23 1.0370204605103905 0.0011270390631361676 -18.326470088931266 -0.0011270390631361676 1.0370204605103905 -5.5764588672710635
24 1.0395785058372424 -0.0003550350297294837 -19.38607142772128 0.0003550350297294837 1.0395785058372424 -7.402272518967898
25 1.0393540101084788 -0.0011143101052874388 -19.742146307672677 0.0011143101052874388 1.0393540101084788 -8.2940773905459
26 1.0403113989376482 -0.00223452607103456 -20.33759247292944 0.00223452607103456 1.0403113989376482 -9.095760236747406
27 1.0441663282968419 8.154220570173211e-05 -21.990821024778437 -8.154220570173211e-05 1.0441663282968419 -8.067823885831455
28 1.0485411269104605 -0.0004678703141510756 -24.058280755916904 0.0004678703141510756 1.0485411269104605 -8.475045254877884
29 1.0474273087842803 -0.0016320595448595856 -23.670511727420603 0.0016320595448595856 1.0474273087842803 -9.038404220203072
30 1.0407890615052762 -0.004821583387035933 -21.238864724605893 0.004821583387035933 1.0407890615052762 -9.780477135653697
31 1.049376649763831 -0.004292256745931147 -24.774239192119087 0.004292256745931147 1.049376649763831 -9.624148773995001
32 1.053471231782825 -0.006792435719103154 -26.072443291059944 0.006792435719103154 1.053471231782825 -9.805344569587708
33 1.0433909772019274 -6.565201404064996e-05 -21.485120557720478 6.565201404064996e-05 1.0433909772019274 -6.178671699472348
34 1.0370648509786988 0.0035654422844817626 -19.160143810770997 -0.0035654422844817626 1.0370648509786988 -3.511938078912461
35 1.0452433044137954 0.00446323035784827 -23.907413582516785 -0.00446323035784827 1.0452433044137954 -4.804233951112298
36 1.0331531992001446 0.004485156344606374 -17.929406637994116 -0.004485156344606374 1.0331531992001446 -3.919491475400523
37 1.0340429574046617 0.0033673052493578635 -18.784993912688584 -0.0033673052493578635 1.0340429574046617 -4.6096402301350246
38 1.0339872330783815 0.002792197039216016 -19.028669628790436 -0.002792197039216016 1.0339872330783815 -4.172698619235707
39 1.0381156574676382 0.0020369616829373364 -20.784578449064515 -0.0020369616829373364 1.0381156574676382 -4.670173271968963
40 1.0371751589401155 0.00024560769690724595 -20.973315390237648 -0.00024560769690724595 1.0371751589401155 -5.684221943497348
41 1.0411638622142345 0.0009988643965931794 -23.138200933009955 -0.0009988643965931794 1.0411638622142345 -6.1254421280531846
42 1.0443700546079198 0.0007347694482114967 -24.95890129897458 -0.0007347694482114967 1.0443700546079198 -6.884471580302261
43 1.0480882471836035 0.002874437399318103 -27.10918676158804 -0.002874437399318103 1.0480882471836035 -5.8930804413065525
44 1.044015746302727 -0.0012801771107657824 -25.873431758443214 0.0012801771107657824 1.044015746302727 -7.138312569472814
45 1.0515594007482487 -7.823490774296277e-05 -29.241897316924465 7.823490774296277e-05 1.0515594007482487 -7.1519779424001575
46 1.0528653428680417 -0.0016804121806765554 -30.483856175231846 0.0016804121806765554 1.0528653428680417 -9.89663656160072
47 1.0570336323932654 -0.00037964057031018167 -33.101615707141846 0.00037964057031018167 1.0570336323932654 -10.553498557013944
48 1.0598194077174314 0.0012610479633911656 -35.16459911510482 -0.0012610479633911656 1.0598194077174314 -10.298216751461254
49 1.0481480044784581 0.0017781816679425114 -29.63520325364789 -0.0017781816679425114 1.0481480044784581 -6.39604911939051
50 1.0536255785133133 0.004327131825813349 -31.413931534342137 -0.004327131825813349 1.0536255785133133 -4.492869810823579
51 1.0474401609711843 0.0038796829959581677 -29.422473604809866 -0.0038796829959581677 1.0474401609711843 -5.115336530087334
52 1.0534307010504418 0.0029652342782012487 -32.42145329777725 -0.0029652342782012487 1.0534307010504418 -7.408266240014147
53 1.0543331431860161 0.003024371735408606 -33.145668517955485 -0.003024371735408606 1.0543331431860161 -8.174578566784882
54 1.0578059984845793 0.0018882115589003942 -34.614393226936926 -0.0018882115589003942 1.0578059984845793 -8.664307983398954
55 1.0628482101277803 0.0026741260478485825 -36.757291350074105 -0.0026741260478485825 1.0628482101277803 -10.087616223005163
56 1.0634348505119322 -0.001363513335084359 -38.364397664624626 0.001363513335084359 1.0634348505119322 -13.065800771643945
57 1.0660204121763237 3.887393443349784e-07 -39.70870738110718 -3.887393443349784e-07 1.0660204121763237 -10.444289762106338
58 1.0570382805424121 -0.005005443814533456 -35.08507191773528 0.005005443814533456 1.0570382805424121 -9.245115244563134
59 1.0469300188493118 -0.003921796227535318 -29.46742866899356 0.003921796227535318 1.0469300188493118 -6.6697259325620175
60 1.0502309900492368 -0.008770210086745884 -31.325529180528186 0.008770210086745884 1.0502309900492368 -11.311765439020808
61 1.056262186138353 -0.0021875181793169513 -36.10128511311253 0.0021875181793169513 1.056262186138353 -12.802563872365512
62 1.0559588302655345 -0.00039312945902760725 -36.15759236739837 0.00039312945902760725 1.0559588302655345 -17.65534289078688
63 1.0603943686189021 0.007635768581726359 -36.593367582925744 -0.007635768581726359 1.0603943686189021 -8.50215484207426
64 1.038172421842805 0.01168506003406102 -25.115853742781777 -0.01168506003406102 1.038172421842805 3.124649092905121
65 1.0514057515454094 0.0055876563722781734 -30.714636298252962 -0.0055876563722781734 1.0514057515454094 0.6996868802598057
66 1.0582350098573374 0.0017307224645361223 -35.13501231739541 -0.0017307224645361223 1.0582350098573374 -5.353481045704598
67 1.047864815606544 -0.0005636432129061541 -27.615647632050642 0.0005636432129061541 1.047864815606544 -8.651608018791297
68 1.0490160978458718 0.00020994432586551176 -28.429568939571602 -0.00020994432586551176 1.0490160978458718 -9.751498004725983
69 1.0761484448331347 -0.004623048845326813 -45.02918413710179 0.004623048845326813 1.0761484448331347 -16.58138665853959
70 1.0848116351314216 -0.006072785198157853 -51.8135566115336 0.006072785198157853 1.0848116351314216 -18.15724945047815
71 1.029582198088389 0.0011278682000530553 -17.21467548519558 -0.0011278682000530553 1.029582198088389 -4.550898594785489
72 1.0386196604855362 0.0032599535793501836 -23.47224463503125 -0.0032599535793501836 1.0386196604855362 -2.399247182943054
73 1.025308220045433 0.0058325058866319085 -15.479646390157578 -0.0058325058866319085 1.025308220045433 -0.7936184223199829
74 1.0461451853409638 0.0059952509098246095 -26.501763285300925 -0.0059952509098246095 1.0461451853409638 -4.016634220194665
75 1.0438312608044484 0.002417277414067707 -25.370060158506657 -0.002417277414067707 1.0438312608044484 -4.781332188457493
76 1.0379890953311686 0.0004299940179803223 -22.10485408598004 -0.0004299940179803223 1.0379890953311686 -5.668454650131223
77 1.0320810481668001 -0.0003592216178335444 -18.728501504898272 0.0003592216178335444 1.0320810481668001 -5.653244086071727
78 1.0320107309505122 0.0016825153537501011 -18.953396454093316 -0.0016825153537501011 1.0320107309505122 -0.7405719658683307
79 1.0356644972035907 0.005669233495784967 -21.01725895926661 -0.005669233495784967 1.0356644972035907 3.048218442390349
80 1.037656871597048 0.0028559663816556963 -22.278138508434907 -0.0028559663816556963 1.037656871597048 -4.762066269552314
81 1.0373354268598178 0.0007214142664964426 -21.34789365825396 -0.0007214142664964426 1.0373354268598178 -7.94611981503699
82 1.0407992588559216 -0.0015403737306979833 -23.09603415566345 0.0015403737306979833 1.0407992588559216 -8.094618752031883
83 1.0407564626845889 -0.0016565587989695724 -22.775412519003297 0.0016565587989695724 1.0407564626845889 -9.550411912273276
84 1.0429440458753072 -0.0008096179293973708 -24.393218081518295 0.0008096179293973708 1.0429440458753072 -10.488657270816738
85 1.0403330756913574 -0.0001689022185981156 -23.655155225890798 0.0001689022185981156 1.0403330756913574 -8.506428019184515
86 1.0382796899887865 0.0005280287813759309 -22.698628367319515 -0.0005280287813759309 1.0382796899887865 -5.827686946507582
87 1.0424821855314332 0.002007836521269508 -25.222724164981145 -0.002007836521269508 1.0424821855314332 -4.514697979230333
88 1.0492759765056179 0.0035083654032085155 -28.593783985023407 -0.0035083654032085155 1.0492759765056179 -6.013603554980499
89 1.050381715810642 0.0016599187711603593 -29.127588507166745 -0.0016599187711603593 1.050381715810642 -7.855271526022121
90 1.0541515826823475 0.0021732799014113477 -31.338877635991103 -0.0021732799014113477 1.0541515826823475 -7.887891991621689
91 1.055018244156293 0.0029390167699628613 -31.93527118668984 -0.0029390167699628613 1.055018244156293 -7.834761574746417
92 1.0460848266488136 0.0030885846612259907 -29.497939168127168 -0.0030885846612259907 1.0460848266488136 -6.867253250829677
93 1.050123373490644 0.002926114786003882 -31.114198624097714 -0.002926114786003882 1.050123373490644 -6.653602502452182
94 1.0567950375962976 0.003461616500298933 -34.35780701274604 -0.003461616500298933 1.0567950375962976 -6.2192796001487
95 1.0608822812699528 0.0035260705726037466 -37.26269593850392 -0.0035260705726037466 1.0608822812699528 -7.089287835936281
96 1.0564312612778948 0.0011232415735919423 -36.44111569318299 -0.0011232415735919423 1.0564312612778948 -8.393847520282549
97 1.0669966640149156 0.003036001729029355 -40.13971862945374 -0.003036001729029355 1.0669966640149156 -9.90267975888587
98 1.0627916932705137 0.0013228777077613418 -39.3572951092187 -0.0013228777077613418 1.0627916932705137 -11.12320286084802
99 1.0499725925021293 0.0021261576389948683 -31.07470538290047 -0.0021261576389948683 1.0499725925021293 -7.669820868039301
100 1.058676621122654 0.0013931839510950544 -36.05587172966525 -0.0013931839510950544 1.058676621122654 -8.002706039433502
101 1.051976598175433 0.00299808960684069 -29.982615854704896 -0.00299808960684069 1.051976598175433 -4.419785979479788
102 1.0608972566518262 -0.0003292860213949862 -36.01696679930924 0.0003292860213949862 1.0608972566518262 -9.177943950849839
103 1.0813133360641447 -0.0025122510346832876 -48.517167982135135 0.0025122510346832876 1.0813133360641447 -16.078791149717304
104 1.049553175817267 0.0023059220877979206 -27.94844358844203 -0.0023059220877979206 1.049553175817267 -7.503438655467102
105 1.0442222530334166 -0.0014873918052338757 -25.56995493326819 0.0014873918052338757 1.0442222530334166 -9.208903357407012
106 1.035828823936907 -0.0027153454517123052 -21.715855541409194 0.0027153454517123052 1.035828823936907 -8.216669450305375
107 1.051418779222032 -0.0018859577231698584 -29.13420797228443 0.0018859577231698584 1.051418779222032 -9.672058207874366
108 1.041505413859697 -0.0028434295280288365 -24.850169902343744 0.0028434295280288365 1.041505413859697 -8.571619055786392
109 1.0520797847778192 -0.0012424282504313333 -30.574276860098564 0.0012424282504313333 1.0520797847778192 -9.29947470642068
110 1.0520008556317904 0.000692003878304764 -30.351186285756025 -0.000692003878304764 1.0520008556317904 -8.306185176963789
111 1.054224217104539 -0.0009321674699261789 -32.17199898435473 0.0009321674699261789 1.054224217104539 -8.99219858389574
112 1.056310296593754 -0.0007462728583707609 -32.936893080582664 0.0007462728583707609 1.056310296593754 -8.731513661700614
113 1.0588137639434456 -0.0014471974543677083 -32.84068137140616 0.0014471974543677083 1.0588137639434456 -8.267233720327733
114 1.0564611166339732 -0.0031654067477656636 -32.84722056751686 0.0031654067477656636 1.0564611166339732 -10.855075349335607
115 1.052483571862676 -0.000590894474373693 -30.820777931088053 0.000590894474373693 1.052483571862676 -11.305675900032371
116 1.0427629472256057 0.0022209230074606147 -25.614097565773033 -0.0022209230074606147 1.0427629472256057 -7.645715095037681
117 1.050570007260921 0.005826390031588713 -30.26525483936403 -0.005826390031588713 1.050570007260921 -3.933259671202563
118 1.0598648031400688 0.0006591521662831629 -35.68836413671423 -0.0006591521662831629 1.0598648031400688 -6.4974117921268535
119 1.0653082570172376 -0.008141079088481685 -37.345046453869934 0.008141079088481685 1.0653082570172376 -11.080921288944957
120 1.060022048746619 -0.0023934755869197406 -35.08723780745124 0.0023934755869197406 1.060022048746619 -10.828215563377155
121 1.0614762312969588 -0.0010068442319162078 -34.47132757595757 0.0010068442319162078 1.0614762312969588 -16.040990137702664
122 1.0550153188440894 0.008440904043414455 -32.55225406110104 -0.008440904043414455 1.0550153188440894 -5.934450842291465
123 1.0565517523385608 0.010766811382632142 -34.284939483723754 -0.010766811382632142 1.0565517523385608 -2.559845590071538
124 1.0410318256315945 0.006706528407747725 -25.722576499757885 -0.006706528407747725 1.0410318256315945 -2.910070129778564
125 1.0339701211786292 0.003562936031630884 -20.955848858226283 -0.003562936031630884 1.0339701211786292 -1.4665682522636243
126 1.041002619822106 0.0004296602857013355 -25.015817356169283 -0.0004296602857013355 1.041002619822106 -3.8503755955320136
127 1.0390697366765789 -0.00156538691749947 -22.84754965976636 0.00156538691749947 1.0390697366765789 -5.739536800088954
128 1.0611537418164454 -0.002754126664314456 -37.48724183304409 0.002754126664314456 1.0611537418164454 -11.343216935563564
129 1.0327664710873248 0.00021212444842553223 -19.722806114510576 -0.00021212444842553223 1.0327664710873248 -7.574516644458628
130 1.0560625609293426 0.0037679790060885527 -34.51897896997368 -0.0037679790060885527 1.0560625609293426 -8.39326307656667
131 1.0407262571906613 0.0019976111190037832 -25.163324144169238 -0.0019976111190037832 1.0407262571906613 -6.402856700075809
132 1.0375776676467268 0.002447222638059788 -22.279500215017094 -0.002447222638059788 1.0375776676467268 -3.8605466385734593
133 1.039134707396068 0.0014544812035158204 -23.84712692244939 -0.0014544812035158204 1.039134707396068 -4.525116506387608
134 1.040368996498375 -0.0006868319918923661 -24.47200618245486 0.0006868319918923661 1.040368996498375 -5.548601771438704
135 1.0427550845078526 -0.0030092829683991303 -25.198091290097857 0.0030092829683991303 1.0427550845078526 -7.019838603593569
136 1.0390305916190399 -0.00418553548324718 -22.74671271661999 0.00418553548324718 1.0390305916190399 -9.459387277202302
137 1.0476048158565403 -0.00412119917789675 -27.479176905390947 0.00412119917789675 1.0476048158565403 -12.400891916047193
138 1.0475250437032568 -0.0022642847314537314 -27.67136684066129 0.0022642847314537314 1.0475250437032568 -11.669042175183378
139 1.0537278517354887 -0.0004845406808245864 -31.751197066029288 0.0004845406808245864 1.0537278517354887 -11.615387224192661
140 1.0536360370032516 0.004392047138344633 -31.938563847932606 -0.004392047138344633 1.0536360370032516 -8.100903623811213
141 1.0388324898449455 0.005542807636333856 -22.46317352701415 -0.005542807636333856 1.0388324898449455 -2.937105796211989
142 1.0536940537763881 0.005025387176168389 -32.85087647322692 -0.005025387176168389 1.0536940537763881 -4.003003958308002
143 1.0611091440367764 0.001062476794620726 -36.82651338937049 -0.001062476794620726 1.0611091440367764 -7.873208131295672
144 1.045526315826143 -0.0005866876974343835 -26.470052680142505 0.0005866876974343835 1.045526315826143 -7.4882880753321235
145 1.073026500235912 -0.00168342873159169 -42.22249769184002 0.00168342873159169 1.073026500235912 -12.323524135494068
146 1.045524274432215 -0.002046221824404301 -26.755115972975634 0.002046221824404301 1.045524274432215 -8.980202833027583
147 1.0534113519782473 0.00013208903571970153 -30.633174373038248 -0.00013208903571970153 1.0534113519782473 -8.476379232725343
148 1.0587109051814154 0.0018920298531324875 -34.35901795376011 -0.0018920298531324875 1.0587109051814154 -8.902604490736236
149 1.0599802190092362 0.0002771373298470147 -34.56725608387148 -0.0002771373298470147 1.0599802190092362 -8.870369256966468
150 1.052437886383894 -0.00533753686361047 -30.376936412560376 0.00533753686361047 1.052437886383894 -9.27369377340789
151 1.0590369077563138 0.0035387018396396807 -36.090230397458264 -0.0035387018396396807 1.0590369077563138 -9.388507094409377
152 1.0558162181320776 0.0008379801362149969 -33.44246048572423 -0.0008379801362149969 1.0558162181320776 -13.583666647249679
153 1.055702258753581 0.004129650798571234 -34.444975864444665 -0.004129650798571234 1.055702258753581 -6.598638964222342
154 1.0583043857904206 0.004855790167163549 -36.07355404854367 -0.004855790167163549 1.0583043857904206 -4.070377674272356
155 1.050302202850486 0.0013840962683879345 -30.846411698233364 -0.0013840962683879345 1.050302202850486 -5.959703397696382
156 1.058111951946198 -0.0008755560120414933 -35.04629744183442 0.0008755560120414933 1.058111951946198 -9.79841165970774
157 1.064653830242619 -0.006135751029799318 -39.56787217991927 0.006135751029799318 1.064653830242619 -14.128674489568528
158 1.0413575581378773 0.000522852545700881 -25.469975764196157 -0.000522852545700881 1.0413575581378773 -7.388244110209521
159 1.047968692624629 0.0015379379493570045 -29.075142207198784 -0.0015379379493570045 1.047968692624629 -7.709424175981783
160 1.0572478606945226 0.00023562382672385985 -34.837129381565774 -0.00023562382672385985 1.0572478606945226 -7.94518914657101
161 1.0561770340355063 0.0006960235352791624 -33.64442300265708 -0.0006960235352791624 1.0561770340355063 -7.3798916841065125
162 1.0538792051083485 -0.0002509264642106849 -33.19078080301168 0.0002509264642106849 1.0538792051083485 -8.455760690461506
163 1.054062384391414 -0.0006696097997170921 -32.8073539040757 0.0006696097997170921 1.054062384391414 -9.482706776793046
164 1.0337207269996207 0.0005685381018678939 -21.8609183292536 -0.0005685381018678939 1.0337207269996207 -4.868813429488122
165 1.0480999807253621 0.0007165885898958678 -29.675451985964475 -0.0007165885898958678 1.0480999807253621 -5.486218104565834
166 1.045861519025699 -0.0008390463600464479 -29.392836605061763 0.0008390463600464479 1.045861519025699 -6.518426882645082
167 1.0379560612639889 0.0002851708119982727 -24.796906496510772 -0.0002851708119982727 1.0379560612639889 -6.549751441868317
168 1.041275560834747 0.0035732760479231657 -26.46320394418712 -0.0035732760479231657 1.041275560834747 -5.674840134939616
169 1.0432032260947013 0.005673338370485348 -27.41345940306136 -0.005673338370485348 1.0432032260947013 -3.4775325586094463
170 1.0426269324574229 0.005491982004541873 -26.942548210965768 -0.005491982004541873 1.0426269324574229 -2.9974391112537204
171 1.0402008087858192 0.0002958338678377753 -25.197803497588914 -0.0002958338678377753 1.0402008087858192 -5.340431840803383
172 1.036293456898802 0.00043065698772801653 -23.307934757074552 -0.00043065698772801653 1.036293456898802 -5.585787463191278
173 1.04072625891942 -0.0014887278914258748 -25.36414742461986 0.0014887278914258748 1.04072625891942 -8.001802887807642
174 1.0431599742117268 -0.0015343461404129588 -26.772392304326274 0.0015343461404129588 1.0431599742117268 -8.515051200732668
175 1.0434313782977862 -0.0011883587139260598 -27.064407721426566 0.0011883587139260598 1.0434313782977862 -8.696653863013964
176 1.0402078113549922 -0.0015044111512786992 -24.668828518001245 0.0015044111512786992 1.0402078113549922 -8.778962758239947
177 1.0526214418034168 -0.00014225924391504403 -32.2436764266758 0.00014225924391504403 1.0526214418034168 -9.329836653812498
178 1.0392685259568164 -0.0015150493276838363 -24.860905033679167 0.0015150493276838363 1.0392685259568164 -8.510993681681532
179 1.051091330203154 0.0029972130294902933 -30.912239257655262 -0.0029972130294902933 1.051091330203154 -6.964612852019827
180 1.0391501397910796 0.000679406111233528 -24.00857032649866 -0.000679406111233528 1.0391501397910796 -5.726103083644221
181 1.030594599106975 0.0002603918356028265 -19.43354865153255 -0.0002603918356028265 1.030594599106975 -5.3001734907791125
182 1.0490941779455405 0.0006649931267204925 -29.553523522226055 -0.0006649931267204925 1.0490941779455405 -8.549374331674736
183 1.049188406620096 0.003270652670798152 -29.139763463638747 -0.003270652670798152 1.049188406620096 -7.883366333051507
184 1.0304521518804246 0.0003807029860054657 -19.202589254644394 -0.0003807029860054657 1.0304521518804246 -6.568207030896252
185 1.0317887314560303 -0.0038800306237719677 -19.832734851367956 0.0038800306237719677 1.0317887314560303 -7.699441055658797
186 1.0412521985734209 -0.00012961545168453832 -24.373116094223253 0.00012961545168453832 1.0412521985734209 -6.111509287721403
187 1.0308111085892124 -0.0025637075303883185 -19.354765706074307 0.0025637075303883185 1.0308111085892124 -5.957498171346604
188 1.032297093670481 -0.00031450351954952465 -20.667599979954336 0.00031450351954952465 1.032297093670481 -5.052734642033787
189 1.0367799898722823 0.0011356565110988968 -22.332208006417094 -0.0011356565110988968 1.0367799898722823 -4.260776576845096
190 1.037264317501615 0.00023140553212675836 -22.387598779560225 -0.00023140553212675836 1.037264317501615 -4.976304377199936
191 1.034975301332683 -0.0012385876383284678 -21.974283948071225 0.0012385876383284678 1.034975301332683 -5.044844133182981
192 1.0339055867212426 -0.0034995718137793173 -21.43072839563054 0.0034995718137793173 1.0339055867212426 -5.453844994366083
193 1.0333681811815092 -0.0035256435053005394 -21.221191198123673 0.0035256435053005394 1.0333681811815092 -6.580775455303351
194 1.0353632945093791 -0.002453293444385021 -22.169488740033724 0.002453293444385021 1.0353632945093791 -7.2322670958151605
195 1.0329703311031582 -0.0004666375733146062 -21.38188895783482 0.0004666375733146062 1.0329703311031582 -5.55989489467033
196 1.0373869572388603 -0.0015447743602718285 -23.90871463120813 0.0015447743602718285 1.0373869572388603 -6.124567269822547
197 1.0489424032188481 -0.0027284262944146237 -28.964982436982524 0.0027284262944146237 1.0489424032188481 -8.504731573306612
198 1.0398126183181788 -0.0016696596933052194 -24.543865402063922 0.0016696596933052194 1.0398126183181788 -7.76088935427145
199 1.0316454103615935 -0.0030953638094444757 -20.939601848432453 0.0030953638094444757 1.0316454103615935 -7.371341023061249
200 1.0328343262123787 -0.002764709896218101 -22.02546837260992 0.002764709896218101 1.0328343262123787 -8.016712502397839
201 1.0290289003398314 -0.002590344819110483 -18.90495200050626 0.002590344819110483 1.0290289003398314 -5.034055922988726
202 1.0358446192999533 -0.001576728262923477 -24.120210952479646 0.001576728262923477 1.0358446192999533 -6.448593576552888
203 1.0267927758391464 -0.0019543051382620164 -18.213817537237418 0.0019543051382620164 1.0267927758391464 -4.722483080282564
204 1.026920235217985 0.0006394480447963026 -18.440923301677064 -0.0006394480447963026 1.026920235217985 -3.434661811470968
205 1.0324346824068902 0.0011068993325212856 -22.408388370453384 -0.0011068993325212856 1.0324346824068902 -3.87131879476122
206 1.0303086954324736 0.0017883653458395426 -20.855753799115888 -0.0017883653458395426 1.0303086954324736 -3.876820481367915
207 1.0289981681078242 0.00016609315085766053 -20.485542663687994 -0.00016609315085766053 1.0289981681078242 -4.899753453522226
208 1.0476162713335218 -0.0010448435334304155 -29.870121966130856 0.0010448435334304155 1.0476162713335218 -7.849070395472316
209 1.0315988648955328 0.00011127701715142602 -22.45888417146895 -0.00011127701715142602 1.0315988648955328 -5.056792368966889
210 1.032412801462965 -0.0013257685774750033 -23.637485609944775 0.0013257685774750033 1.032412801462965 -5.454865960233552
211 1.0280127000482298 -0.00022697300924592696 -20.015485521131794 0.00022697300924592696 1.0280127000482298 -5.392848432136128
212 1.0248354742199899 -0.0009066598209721184 -18.431582931846286 0.0009066598209721184 1.0248354742199899 -4.885656225188582
213 1.0292899757189684 0.0002573435117804268 -20.990899649789803 -0.0002573435117804268 1.0292899757189684 -4.490476108535045
214 1.0283650524933299 -0.002174895103822919 -20.161270604244727 0.002174895103822919 1.0283650524933299 -5.173401991847068
215 1.0366383971519086 -0.0010516801650408939 -25.62059648121202 0.0010516801650408939 1.0366383971519086 -6.331319409236979
216 1.0455565240809988 -0.005508573903416905 -29.184568955103625 0.005508573903416905 1.0455565240809988 -10.366952832424314
217 1.043689131353916 -0.0012666021061970532 -28.219728890863795 0.0012666021061970532 1.043689131353916 -7.5561433481584555
218 1.0372184513414806 -0.0022896565194467254 -25.32985826483403 0.0022896565194467254 1.0372184513414806 -6.765092761019728
219 1.0368851367537693 -0.0025142023869901336 -25.104982543278645 0.0025142023869901336 1.0368851367537693 -6.404139964043971
220 1.0539767574282242 -0.0036802019466326023 -33.183577196148114 0.0036802019466326023 1.0539767574282242 -9.621744763670764
221 1.0533138535187867 -0.0012581254893862792 -33.160710443498445 0.0012581254893862792 1.0533138535187867 -8.946381440053766
222 1.0400419993989696 -0.002666426691292806 -26.985868383617255 0.002666426691292806 1.0400419993989696 -7.509052298508957
223 1.0625736862427877 7.870713136542756e-05 -37.79787842236773 -7.870713136542756e-05 1.0625736862427877 -9.998388949412522
224 1.0306653702772768 -0.0035419980186855637 -20.55826740974737 0.0035419980186855637 1.0306653702772768 -6.347125719301639
225 1.0366173816754674 -0.0037231294369589464 -24.40905194171923 0.0037231294369589464 1.0366173816754674 -7.82206585565567
226 1.0445649766277256 -0.002428693550218004 -28.831020037218384 0.002428693550218004 1.0445649766277256 -8.323276676732725
227 1.054459860274247 -0.005660494342763986 -34.586847704812406 0.005660494342763986 1.054459860274247 -10.882447395862808
228 1.0720047985534271 -0.020836567979615268 -39.464345074466756 0.020836567979615268 1.0720047985534271 -15.296228065281431
229 1.0375622641624285 -0.0024825188428406067 -26.09712723056983 0.0024825188428406067 1.0375622641624285 -6.757720462831216
230 1.0635315240143568 -0.006229284538949974 -38.806471027827406 0.006229284538949974 1.0635315240143568 -12.590995530191982
231 1.0339586159679286 -0.0022351726050647246 -23.932286879481694 0.0022351726050647246 1.0339586159679286 -6.832587417520547
232 1.051904588091046 -0.0032901865428062423 -33.50405828262768 0.0032901865428062423 1.051904588091046 -10.583022547968083
233 1.0320886218543308 -0.0013752575662362735 -22.335707584423616 0.0013752575662362735 1.0320886218543308 -7.000019774508358
234 1.0427317471702542 -0.0022042653452096035 -28.44822742367154 0.0022042653452096035 1.0427317471702542 -8.404900904571555
235 1.0467923543433897 -0.003606536836821021 -30.097467794124483 0.003606536836821021 1.0467923543433897 -9.034772500234494
236 1.0332067241735219 -0.0014325609604788354 -23.003229026271402 0.0014325609604788354 1.0332067241735219 -6.185186668605921
237 1.0325438295022877 -0.0023322925734065815 -22.401379713990305 0.0023322925734065815 1.0325438295022877 -6.7911091604094
238 1.027281752949478 -0.0014163840152085876 -19.317510273011628 0.0014163840152085876 1.027281752949478 -5.8047413969755475
239 1.040845123813294 -0.002763835295573894 -28.318376644437073 0.002763835295573894 1.040845123813294 -8.565814606911044
240 1.0363732860792632 -0.0029494291830398133 -25.43524260850417 0.0029494291830398133 1.0363732860792632 -7.783293650926938
241 1.0327832859662112 -0.002276854657378699 -23.240446522597182 0.002276854657378699 1.0327832859662112 -6.258773077839353
242 1.0338269136340725 -0.0028509200478476983 -24.218900674527873 0.0028509200478476983 1.0338269136340725 -6.475797135134451
243 1.0315269443337625 -0.0005589548997662823 -22.45384289532959 0.0005589548997662823 1.0315269443337625 -6.02305052055475
244 1.0357906500968108 -0.001047364424402341 -25.90924228873229 0.001047364424402341 1.0357906500968108 -7.637279265075176
245 1.030558498207029 -1.7307238190069304e-05 -22.023809068001444 1.7307238190069304e-05 1.030558498207029 -5.827459586230155
246 1.0353528869466104 -0.0003093559468191828 -25.32320458590566 0.0003093559468191828 1.0353528869466104 -5.787216635324669
247 1.0342102051357038 -0.000298927979638271 -24.07530027522016 0.000298927979638271 1.0342102051357038 -6.038716908884812
248 1.036710674522467 -5.581537635611323e-06 -26.506645906892476 5.581537635611323e-06 1.036710674522467 -6.187879451783898
249 1.031950764796772 -0.0008780372250100032 -22.915986538538128 0.0008780372250100032 1.031950764796772 -5.794419059103442
250 1.0302216644293907 -0.0005586518870532788 -22.433010629748246 0.0005586518870532788 1.0302216644293907 -5.586336290998324
251 1.0328337976039947 -0.0006090710799210239 -23.59099446802219 0.0006090710799210239 1.0328337976039947 -5.998834295308903
252 1.0377831040699896 0.0007878748607781641 -26.544954748622132 -0.0007878748607781641 1.0377831040699896 -6.080770261838437
253 1.0397795846891646 -0.0008704982092497569 -27.317572556659993 0.0008704982092497569 1.0397795846891646 -6.548606871228384
254 1.0344519523082252 5.189486520386243e-05 -23.726693311908285 -5.189486520386243e-05 1.0344519523082252 -4.734614481501882
255 1.035963260801518 -0.00029195780943260305 -24.42988287529858 0.00029195780943260305 1.035963260801518 -5.916184402186748
256 1.0385051791102895 -0.0002934613041335795 -25.632264201552786 0.0002934613041335795 1.0385051791102895 -6.791004747810218
257 1.045191575702248 5.78559093117806e-05 -30.029746972788097 -5.78559093117806e-05 1.045191575702248 -8.064866154943577
258 1.040161115402297 -0.0012581750503221358 -27.158456347138067 0.0012581750503221358 1.040161115402297 -7.4882939390393375
259 1.0416615094741908 -0.0009179740872045771 -27.78072654092227 0.0009179740872045771 1.0416615094741908 -7.380367280914723
260 1.0422769472210214 -0.0008114096890598672 -27.99607815490545 0.0008114096890598672 1.0422769472210214 -7.408341311379852
261 1.0357114704933312 -0.00035316046934328373 -23.440564368258116 0.00035316046934328373 1.0357114704933312 -6.45942728586123
262 1.0336438972994773 -0.000547497323913978 -22.44626144966926 0.000547497323913978 1.0336438972994773 -6.522860401700634
263 1.028272149038306 2.683529752243873e-05 -20.51622967912344 -2.683529752243873e-05 1.028272149038306 -4.645876120912653
264 1.03551178035872 8.366458404315694e-06 -24.287636811732405 -8.366458404315694e-06 1.03551178035872 -5.422445204035611
265 1.0211344984164052 5.957368782369965e-06 -15.867910240411929 -5.957368782369965e-06 1.0211344984164052 -3.9013227063502995
266 1.0254637132908981 -0.00027892357818682257 -18.981409991228837 0.00027892357818682257 1.0254637132908981 -5.21779377797761
267 1.0198220110246694 -0.0006258100447859529 -15.039225557717257 0.0006258100447859529 1.0198220110246694 -4.53368524769046
268 1.029433131000695 -0.00014472489404458516 -20.628363907126136 0.00014472489404458516 1.029433131000695 -4.967536228779812
269 1.0191360691312132 -0.0009076398070109571 -14.625650886053567 0.0009076398070109571 1.0191360691312132 -4.2094495616130185
270 1.0245848961283208 -0.0010237053521826 -17.651241436666496 0.0010237053521826 1.0245848961283208 -5.17643951111859
271 1.0236816544336473 -0.0007443884662985182 -17.409848657346423 0.0007443884662985182 1.0236816544336473 -5.075589584221148
272 1.0273765260745054 -0.0011340332141217126 -19.505217811576152 0.0011340332141217126 1.0273765260745054 -5.486292095640768
273 1.035124629182731 -0.0015989673643109067 -23.500761942811046 0.0015989673643109067 1.035124629182731 -6.847034310294869
274 1.0341721482507291 8.422714040912353e-05 -23.634004112972622 -8.422714040912353e-05 1.0341721482507291 -5.861289316035945
275 1.0284720089810446 -0.0009672421033787502 -20.366387831218496 0.0009672421033787502 1.0284720089810446 -6.551791976561329
276 1.0377456519974035 0.00032960597249627477 -25.79975714999348 -0.00032960597249627477 1.0377456519974035 -7.111856488543972
277 1.0377627313943487 0.00016877511859585503 -25.976779342398103 -0.00016877511859585503 1.0377627313943487 -7.081703750750347
278 1.0315704568437623 1.344333699019153e-05 -23.580221484576118 -1.344333699019153e-05 1.0315704568437623 -5.226924171449069
279 1.0241055694840937 0.0003633762723609807 -17.741495810905235 -0.0003633762723609807 1.0241055694840937 -4.068740387052916
280 1.0381080839303092 -0.0008079396112696902 -26.170161609561724 0.0008079396112696902 1.0381080839303092 -6.937836761795066
281 1.0196128733005938 0.0008772981783192061 -14.501356642767803 -0.0008772981783192061 1.0196128733005938 -2.8232129186848907
282 1.0415341519508523 -0.0008517857185885651 -28.529335108990796 0.0008517857185885651 1.0415341519508523 -6.972199454910403
283 1.0278125035570678 0.000268474383573694 -20.294250626759805 -0.000268474383573694 1.0278125035570678 -4.965645589553735
284 1.0323051507372076 -0.0004042072274585314 -22.87625811956074 0.0004042072274585314 1.0323051507372076 -5.865598540741619
285 1.0338028028446529 -0.0005995495465267705 -23.76215993054477 0.0005995495465267705 1.0338028028446529 -6.44429369622383
286 1.0260203853649759 0.0006831857901455916 -19.584403976721106 -0.0006831857901455916 1.0260203853649759 -4.959997654215376
287 1.0365747115071318 0.00029593051536766805 -24.981958572826166 -0.00029593051536766805 1.0365747115071318 -5.761504136485144
288 1.0374099057220822 -0.0005340896932807471 -26.122677588781432 0.0005340896932807471 1.0374099057220822 -6.717010147488177
289 1.02768395543442 0.0002946065069461268 -21.27192004188786 -0.0002946065069461268 1.02768395543442 -5.092298664885757
290 1.0304695940222997 -0.000729125645488664 -23.201955909557455 0.000729125645488664 1.0304695940222997 -5.922594267520858
291 1.0325020539464784 -0.0011221717368298445 -24.886184814482515 0.0011221717368298445 1.0325020539464784 -6.256698702984677
292 1.0405300189224853 -0.002280954713632619 -29.369648299072697 0.002280954713632619 1.0405300189224853 -8.25132143519257
293 1.042077232307789 -0.0028654518881526207 -30.126315724645767 0.0028654518881526207 1.042077232307789 -9.069094415906715
