0 1.0 0.0 0.0 0.0 1.0 0.0
1 1.0444317983034108 0.0027254499257611505 -31.393828942368767 -0.0027254499257611505 1.0444317983034108 -4.965341444415136
2 1.0448880691620301 0.0013308646815563228 -31.59334060284363 -0.0013308646815563228 1.0448880691620301 -5.979900403603037
3 1.059125043893229 0.0050277107877648285 -43.12163584167636 -0.0050277107877648285 1.059125043893229 -5.96891341200756
4 1.0451995897434543 0.0004051604790716644 -31.00180324777306 -0.0004051604790716644 1.0451995897434543 -7.076196093577201
5 1.0525784964356388 0.0008106161567020418 -37.343618238303755 -0.0008106161567020418 1.0525784964356388 -7.68769686011393
6 1.0445631563164492 0.0016859691251088164 -31.48592817498627 -0.0016859691251088164 1.0445631563164492 -5.305869907254557
7 1.0507823293330956 0.0015479525571884425 -36.93995775062704 -0.0015479525571884425 1.0507823293330956 -6.304231605248363
8 1.0525689860559573 0.0007613569511874767 -36.560485319493154 -0.0007613569511874767 1.0525689860559573 -8.020823256284858
9 1.0495021931848059 0.0025902233252450596 -35.431057431002316 -0.0025902233252450596 1.0495021931848059 -6.411072445946602
10 1.05485093530018 0.001958985935876994 -36.99677868334024 -0.001958985935876994 1.05485093530018 -8.116788426331075
11 1.0533489381392434 0.001708809001904478 -35.478291531013085 -0.001708809001904478 1.0533489381392434 -7.587265780414361
12 1.0363646515544636 0.004048896041048224 -22.702163150251867 -0.004048896041048224 1.0363646515544636 -2.3742480701354136
13 1.0432367853331028 0.0005137842635138014 -27.812678569510428 -0.0005137842635138014 1.0432367853331028 -4.843729383708187
14 1.0289251508506616 0.0026866185200294154 -16.949625915959643 -0.0026866185200294154 1.0289251508506616 -0.509980745925105
15 1.036662392705422 0.006089378538319132 -22.894266636090627 -0.006089378538319132 1.036662392705422 1.5937452573392674
16 1.0327724648172736 0.0011401696309609694 -19.598440202253723 -0.0011401696309609694 1.0327724648172736 -2.0978202312856697
17 1.0304950845450556 -0.0022291588688435737 -15.769926602462647 0.0022291588688435737 1.0304950845450556 -5.933964405787489
18 1.03656895008247 0.003719634577418259 -22.97948264433427 -0.003719634577418259 1.03656895008247 -3.9875123138802406
19 1.0380598058347839 0.005748427800812431 -23.347728618170155 -0.005748427800812431 1.0380598058347839 -3.9790224653009383
20 1.0473412074977873 0.007209461021449896 -31.241439096255174 -0.007209461021449896 1.0473412074977873 -5.0439075022350135
21 1.0240097520344433 0.002936785698668104 -14.989411373620818 -0.002936785698668104 1.0240097520344433 -3.707429429899266
22 1.0290837675874076 0.007105784226358304 -18.760436244154157 -0.007105784226358304 1.0290837675874076 2.208152298274694
23 1.0340603853302177 0.0074397861856877025 -22.389992700791144 -0.0074397861856877025 1.0340603853302177 5.475283003036207
24 1.0344934462639306 0.004967172762234992 -21.537497317048736 -0.004967172762234992 1.0344934462639306 2.75254260733795
25 1.0408934807781924 0.005589676937401172 -25.786209372506008 -0.005589676937401172 1.0408934807781924 -1.3143008970594847
26 1.0434533694361794 0.006742627956936993 -28.768066414156067 -0.006742627956936993 1.0434533694361794 -3.8401490762430095
27 1.0473862870700947 0.005886661882466191 -31.45393520991 -0.005886661882466191 1.0473862870700947 -7.040324553797654
28 1.0363203509333474 0.004817492192970992 -22.968521125766546 -0.004817492192970992 1.0363203509333474 -3.2698426001504663
29 1.0373220486594918 -0.002626139552916444 -22.510214743513473 0.002626139552916444 1.0373220486594918 -5.095813852284825
30 1.0371591231208412 0.0035283277096940886 -23.7057835843163 -0.0035283277096940886 1.0371591231208412 -0.0685506100036854
31 1.0465771934872388 0.010548353858919796 -32.170093919977106 -0.010548353858919796 1.0465771934872388 2.674109636394131
32 1.020057097003672 0.004970508219263313 -13.02221363611187 -0.004970508219263313 1.020057097003672 -1.6890435964654096
33 1.0323054487639 0.001550875973073403 -19.659259750272334 -0.001550875973073403 1.0323054487639 -6.776700614692285
34 1.0255027250750577 0.0018745219614765343 -15.564955568692886 -0.0018745219614765343 1.0255027250750577 -3.9473857846925036
35 1.0266824854758603 0.004330238941262774 -16.418061741786648 -0.004330238941262774 1.0266824854758603 -0.4042851430458758
36 1.027454437802365 0.00701154746107945 -16.98189852541817 -0.00701154746107945 1.027454437802365 1.9653064753967444
37 1.0302215458452555 0.005062936960511646 -18.25267435644556 -0.005062936960511646 1.0302215458452555 0.8722752722307786
38 1.0370927178982947 0.010411236310621453 -24.88255119713428 -0.010411236310621453 1.0370927178982947 4.106094752701822
39 1.0397272888705698 0.0009783031416303635 -23.556365745337203 -0.0009783031416303635 1.0397272888705698 -5.071810897743187
40 1.0258734957810114 0.001906436549874456 -16.372176001562746 -0.001906436549874456 1.0258734957810114 -2.5440617835114203
41 1.0351006254283601 0.0035026818948979133 -22.335390513143775 -0.0035026818948979133 1.0351006254283601 -2.416524208113944
42 1.0284822026686107 0.0048930846627500205 -19.21093061441413 -0.0048930846627500205 1.0284822026686107 -0.2646998079141625
43 1.0362952246391206 0.003643495324624184 -24.443577499374474 -0.003643495324624184 1.0362952246391206 -1.2741152613997628
44 1.0402432091126201 0.002235724905831722 -26.440202793759948 -0.002235724905831722 1.0402432091126201 -3.447573385973494
45 1.0339168190462198 0.01152713756138912 -24.12844188593523 -0.01152713756138912 1.0339168190462198 4.924890627227973
46 1.0367226259599756 0.0046598795756830486 -24.105735689115114 -0.0046598795756830486 1.0367226259599756 -1.6642049681096565
47 1.0403116155755012 0.013527360931716668 -29.2622027684342 -0.013527360931716668 1.0403116155755012 5.518350937372249
48 1.0449525845015624 -0.0005141769849155778 -29.618393317371833 0.0005141769849155778 1.0449525845015624 -7.703722252144114
49 1.030646190418724 0.002945529467603523 -19.761551892484995 -0.002945529467603523 1.030646190418724 -1.8010607973995048
50 1.0396452273299805 0.003903324807187271 -24.466978712453916 -0.003903324807187271 1.0396452273299805 -2.2680585758152643
51 1.030661176644245 0.0028652833521248125 -19.93828858468073 -0.0028652833521248125 1.030661176644245 -1.1110221909535432
52 1.038341318655057 0.0027323803393575446 -23.999340321041572 -0.0027323803393575446 1.038341318655057 -2.726495347171663
53 1.0364680134283226 0.004727887673652897 -24.066975245280528 -0.004727887673652897 1.0364680134283226 -1.6326946502892405
54 1.03875393607542 0.006865254881627502 -24.633959608232647 -0.006865254881627502 1.03875393607542 -1.7056825167335044
55 1.0457819193215796 0.01048233091568059 -32.56762550088415 -0.01048233091568059 1.0457819193215796 1.1816534327293888
56 1.0272599425772977 0.002877633384513755 -19.16348013567918 -0.002877633384513755 1.0272599425772977 -1.5523888640118473
57 1.0404903473696867 0.007042576521622164 -29.499275212640672 -0.007042576521622164 1.0404903473696867 0.5029872758751655
58 1.0239832013490804 0.0021422397845515563 -17.39697217986734 -0.0021422397845515563 1.0239832013490804 -2.3442861640818844
59 1.0370082688514795 0.0016191066433500591 -25.714746408585572 -0.0016191066433500591 1.0370082688514795 -3.6039699274467845
60 1.0369327449617904 -0.0004342987969609521 -26.024925801525747 0.0004342987969609521 1.0369327449617904 -5.131473253238607
61 1.0320324530907419 0.0038676274388110142 -23.397853970821522 -0.0038676274388110142 1.0320324530907419 -1.6682770901053507
62 1.0334344778119204 9.570399151062354e-05 -23.786696064303282 -9.570399151062354e-05 1.0334344778119204 -4.0958246763056465
63 1.027321372290615 0.0026847341928204166 -19.796427062583874 -0.0026847341928204166 1.027321372290615 -2.566781751445446
64 1.0401182567648206 0.0013167616298090839 -28.36622682933332 -0.0013167616298090839 1.0401182567648206 -5.177760708936049
65 1.0305389640812679 0.0009223681550366641 -21.692899353043128 -0.0009223681550366641 1.0305389640812679 -5.373573978379971
66 1.0321308568060987 0.0019383879227117464 -22.304282460658474 -0.0019383879227117464 1.0321308568060987 -5.281588545377448
67 1.0357463117081982 0.004937084650918209 -26.747672311765484 -0.004937084650918209 1.0357463117081982 -2.0524122995852614
68 1.02198651815876 0.0011798315081626924 -15.856185262904289 -0.0011798315081626924 1.02198651815876 -0.7557185455979152
69 1.0350796115455716 0.0021821853115676663 -24.67247744325935 -0.0021821853115676663 1.0350796115455716 -1.7881482153445996
70 1.0386310438040733 0.0002746501748333305 -26.369537301266817 -0.0002746501748333305 1.0386310438040733 -3.8708073894021835
71 1.028055416593215 0.002715262689971548 -19.657920444891413 -0.002715262689971548 1.028055416593215 -2.369798692012112
72 1.0253320013282246 0.0009683810335649197 -18.03704001570613 -0.0009683810335649197 1.0253320013282246 -4.156568136777953
73 1.0272233965166253 0.0017447812823563904 -19.523022233249797 -0.0017447812823563904 1.0272233965166253 -3.1022282534553876
74 1.0284832800770465 0.0032797956008378407 -19.677148882932254 -0.0032797956008378407 1.0284832800770465 -3.356865036263061
75 1.0324694936311938 -0.000843969689838576 -21.395534266016725 0.000843969689838576 1.0324694936311938 -5.165662265666599
76 1.0295872433717783 -0.002716734792350621 -18.86137630340262 0.002716734792350621 1.0295872433717783 -6.140511938161882
77 1.0309838408025966 0.001332623208841892 -20.828382654994606 -0.001332623208841892 1.0309838408025966 -2.891896860905039
78 1.03223190220735 0.0046741072566353495 -21.11668259374893 -0.0046741072566353495 1.03223190220735 -0.688283469605453
79 1.0483532167641012 0.001953813133329783 -31.603596665643604 -0.001953813133329783 1.0483532167641012 -4.736799895238843
80 1.0567816301926154 -0.0005632010672036339 -34.63064607963016 0.0005632010672036339 1.0567816301926154 -9.51317247414259
81 1.0603088528291955 0.0025320225843892662 -38.217572774974144 -0.0025320225843892662 1.0603088528291955 -9.499670849751052
82 1.0268445312836456 -0.000321891961710777 -18.26885520226918 0.000321891961710777 1.0268445312836456 -5.927909476260743
83 1.0187341246920636 0.0015711518543825632 -14.111128159799115 -0.0015711518543825632 1.0187341246920636 -2.5722391605642496
84 1.0216042093317357 0.0007196875414636923 -14.972404663593238 -0.0007196875414636923 1.0216042093317357 -2.318293101017041
85 1.021064410867798 -0.00024433617393762857 -15.151904555812877 0.00024433617393762857 1.021064410867798 -2.3192358665011037
86 1.020681763708289 -0.0006040986518265107 -14.44972902301653 0.0006040986518265107 1.020681763708289 -3.4059667614846436
87 1.0262033549674814 0.0012521563273439806 -18.43177599534374 -0.0012521563273439806 1.0262033549674814 -3.5398554745281117
88 1.0288732097342723 0.0013418658703111645 -19.24614457502433 -0.0013418658703111645 1.0288732097342723 -4.028247819699089
89 1.030691883681011 0.00036788011646729946 -20.546949865211516 -0.00036788011646729946 1.030691883681011 -5.193750723900689
90 1.0248178079002395 -0.0015865077840444292 -16.58551689475714 0.0015865077840444292 1.0248178079002395 -3.472323314361227
91 1.0253672378393635 0.002231843448778567 -17.632229447451984 -0.002231843448778567 1.0253672378393635 -2.1259686835498446
92 1.0257047316259813 0.004389633336425802 -17.809661085953685 -0.004389633336425802 1.0257047316259813 -0.05086479640747028
93 1.0258924417351794 0.000666530529381049 -17.88789724540634 -0.000666530529381049 1.0258924417351794 -2.627328271814032
94 1.0265508321996535 -0.001268742009055644 -17.528040312670612 0.001268742009055644 1.0265508321996535 -4.840233589968411
95 1.0262192210542571 0.0023268466196283847 -17.926076518337773 -0.0023268466196283847 1.0262192210542571 -2.8416248249120555
96 1.0263502474357262 -0.00010133514559158979 -17.180578978603084 0.00010133514559158979 1.0263502474357262 -4.208175711511437
97 1.0275507116336382 -0.0015715671533690098 -18.122283121120596 0.0015715671533690098 1.0275507116336382 -5.358399404629358
98 1.0324284241809922 0.0006668613070308388 -21.160158466348527 -0.0006668613070308388 1.0324284241809922 -4.778170346713772
99 1.030857580666286 0.005375126102754464 -21.014844156313593 -0.005375126102754464 1.030857580666286 -1.9114607358506317
100 1.029304048430979 8.678663361059394e-05 -19.289048359734863 -8.678663361059394e-05 1.029304048430979 -5.132620767663878
101 1.0320714888869233 -0.002299837684140774 -20.81010149963038 0.002299837684140774 1.0320714888869233 -7.509679764529348
102 1.0338959483097387 -0.0019022715907583273 -21.630079578229484 0.0019022715907583273 1.0338959483097387 -8.189223245522916
103 1.0301328380714532 0.001795584367938793 -20.48900410153864 -0.001795584367938793 1.0301328380714532 -4.625092599744417
104 1.0338347597757263 0.005191557304479547 -23.178598642890307 -0.005191557304479547 1.0338347597757263 -2.36829717326086
105 1.039315664700432 0.002625429212917965 -26.174718533579693 -0.002625429212917965 1.039315664700432 -2.836416544533112
106 1.0312748387917205 -0.0010457018025866668 -20.89277624595781 0.0010457018025866668 1.0312748387917205 -4.036073752562772
107 1.041701207138642 -0.0029544471440346404 -26.157070018085744 0.0029544471440346404 1.041701207138642 -8.082144158818776
108 1.0379442217803003 0.0005586601563577368 -25.761939923824865 -0.0005586601563577368 1.0379442217803003 -6.428771574870018
109 1.0430337287719056 0.002487482909019417 -28.438895767101204 -0.002487482909019417 1.0430337287719056 -6.358258340294783
110 1.0449610708943202 0.001729286714647949 -29.552346022236897 -0.001729286714647949 1.0449610708943202 -7.3914995818755
111 1.0347823739579565 -0.0020571548636887657 -25.120431033155224 0.0020571548636887657 1.0347823739579565 -6.808740321540647
112 1.0354801602363848 -0.0011618258565848298 -26.307929407862297 0.0011618258565848298 1.0354801602363848 -5.077228846668346
113 1.0267680908168881 0.0026370939166209216 -19.82128453972501 -0.0026370939166209216 1.0267680908168881 -0.19185759091428434
114 1.044245192482991 0.0035811532200337756 -34.05049295750368 -0.0035811532200337756 1.044245192482991 -3.176791432769094
115 1.0343116036569697 -0.0013626329799143605 -25.86910958855519 0.0013626329799143605 1.0343116036569697 -6.3173269632147
116 1.0352002978243897 0.002525629075966403 -26.984390350111124 -0.002525629075966403 1.0352002978243897 -4.9155472524298105
117 1.0396463330412509 0.0016554798463284687 -29.161912981164292 -0.0016554798463284687 1.0396463330412509 -5.890448349161083
118 1.0372985071685716 -0.001659617740067476 -28.775400613387884 0.001659617740067476 1.0372985071685716 -7.088256045079733
119 1.0365869825001692 -0.0004131188553983473 -27.53757645187569 0.0004131188553983473 1.0365869825001692 -5.064119679450162
120 1.037910829352749 0.001556822828152267 -29.246301927115034 -0.001556822828152267 1.037910829352749 -2.176699579076355
121 1.0432188392316093 0.003602804300500957 -34.098277680473515 -0.003602804300500957 1.0432188392316093 -2.107150049007178
122 1.0417796823168124 0.005360719699249541 -32.95453274748557 -0.005360719699249541 1.0417796823168124 -1.1674071021523744
123 1.0412773985425232 0.002231031755833869 -32.08644665738233 -0.002231031755833869 1.0412773985425232 -3.6786744790525727
124 1.0424693653299986 -0.0010324958708977409 -31.03784024817749 0.0010324958708977409 1.0424693653299986 -7.023061235684426
125 1.045193829356907 0.0039731505709869 -33.04850989243711 -0.0039731505709869 1.045193829356907 -3.321059801541926
126 1.0449232187773323 0.006042889652224243 -33.1577412423104 -0.006042889652224243 1.0449232187773323 -3.1316430607330275
127 1.0525133385474408 0.011197502290071234 -42.07675126209595 -0.011197502290071234 1.0525133385474408 0.7927233803476628
128 1.0416354674120882 0.0048865362603513944 -31.152147538880254 -0.0048865362603513944 1.0416354674120882 -1.5724486355277871
129 1.03630900941987 -0.0021830709285053916 -25.91507945292092 0.0021830709285053916 1.03630900941987 -5.806092959917426
130 1.0466032581592273 0.006273496647950125 -34.980524830541086 -0.006273496647950125 1.0466032581592273 0.1393424396383237
131 1.042993174190856 0.006629539310493026 -30.519473474014458 -0.006629539310493026 1.042993174190856 -0.21870108577127967
132 1.040469714502383 0.005608141562579166 -30.009172974353962 -0.005608141562579166 1.040469714502383 -0.37638637945226217
133 1.041816561137203 0.0024504326376859507 -29.477477592959172 -0.0024504326376859507 1.041816561137203 -3.578234138860788
134 1.0424773027589862 0.00034095367665489267 -30.22495490504118 -0.00034095367665489267 1.0424773027589862 -4.085306783671306
135 1.0487136057635644 0.005615772032621094 -36.837976740578455 -0.005615772032621094 1.0487136057635644 -0.23670420281399718
136 1.0408717461267667 0.003936396395371801 -29.859173161700948 -0.003936396395371801 1.0408717461267667 -0.882022837804664
137 1.0423717292195358 0.004057384423181131 -29.691596316388054 -0.004057384423181131 1.0423717292195358 -2.9769629240278883
138 1.0461680810002891 0.0005775533567902859 -32.401897610501194 -0.0005775533567902859 1.0461680810002891 -7.016344506616402
139 1.0444058457066916 -0.0036029200547391155 -27.81822641723474 0.0036029200547391155 1.0444058457066916 -9.140612114414791
140 1.0311984154523415 0.0008331175972556068 -20.215835254595596 -0.0008331175972556068 1.0311984154523415 -3.9623982584427435
141 1.0339889795773622 0.003450303351769173 -22.973812370554693 -0.003450303351769173 1.0339889795773622 -4.519886687401274
142 1.0394552890548316 -0.0013484833226265844 -25.65347119285823 0.0013484833226265844 1.0394552890548316 -7.356186224504524
143 1.0436628835837862 -0.001553101624276007 -27.025223964682304 0.001553101624276007 1.0436628835837862 -7.332327796205114
144 1.0355056488355188 -0.004653210911028095 -21.682793193379684 0.004653210911028095 1.0355056488355188 -7.655148584480631
145 1.0308111610382176 -0.0013579497013383695 -18.61153925644153 0.0013579497013383695 1.0308111610382176 -5.6407362617355
146 1.029536898876364 -0.0032269317949534613 -16.180285180428374 0.0032269317949534613 1.029536898876364 -6.765383989200742
147 1.0271009738860573 -0.0007398540815729687 -15.367005726879547 0.0007398540815729687 1.0271009738860573 -2.4284764243856785
148 1.0233605716874796 -0.0027820250577393723 -13.842872376767627 0.0027820250577393723 1.0233605716874796 -4.478218774749873
149 1.0396942188315244 0.0007814224004077398 -22.83852171722967 -0.0007814224004077398 1.0396942188315244 -5.67323168725514
150 1.0198236435894588 0.0030485282250788284 -12.497742589577335 -0.0030485282250788284 1.0198236435894588 -2.3330788229976345
151 1.0391574436412565 0.002154382954215636 -23.852368417275414 -0.002154382954215636 1.0391574436412565 -5.5365425879477295
152 1.0221024829653327 0.00018146144378451676 -13.572084313301483 -0.00018146144378451676 1.0221024829653327 -4.7712388828153935
153 1.0273947946330395 -0.0027013470024852683 -15.5194798193294 0.0027013470024852683 1.0273947946330395 -8.253029246991
154 1.0276050818592284 0.00040206933520604333 -16.337859161999575 -0.00040206933520604333 1.0276050818592284 -4.013695559675743
155 1.0242642081632751 -0.0022231079680925933 -14.804743606639546 0.0022231079680925933 1.0242642081632751 -4.29243024839615
156 1.0255267942306296 -0.002298084077623385 -15.725044583985284 0.002298084077623385 1.0255267942306296 -3.685067804669488
157 1.0231555211804682 0.003206223222996304 -14.91820707236199 -0.003206223222996304 1.0231555211804682 -0.8757225516005037
158 1.0327496836516215 0.001839361683296582 -20.851112739128457 -0.001839361683296582 1.0327496836516215 -3.783659179624848
159 1.021119335658809 0.004700135828874606 -14.48685501274291 -0.004700135828874606 1.021119335658809 -0.17471079970204273
160 1.0250898272050908 -0.000985459718460844 -16.053838351733038 0.000985459718460844 1.0250898272050908 -3.251129218535783
161 1.0255494023600287 -0.004884275636270882 -15.976186169419872 0.004884275636270882 1.0255494023600287 -6.921132738256803
162 1.0270182167882878 -0.008596485989846052 -15.267181267959902 0.008596485989846052 1.0270182167882878 -8.465688866068522
163 1.0208223229848201 -0.007951375465379341 -11.679941104619042 0.007951375465379341 1.0208223229848201 -6.867001558669041
164 1.043516515358984 0.003673252101694389 -25.065710240826164 -0.003673252101694389 1.043516515358984 -2.8428177054015853
165 1.0245713160315613 0.006332543920624133 -17.245914383773435 -0.006332543920624133 1.0245713160315613 -1.8441585774338027
166 1.020509577492163 0.006435326976903408 -14.544226384530605 -0.006435326976903408 1.020509577492163 -1.7108737289759597
167 1.020534630500052 -0.001874529828867079 -12.676477465232306 0.001874529828867079 1.020534630500052 -5.498850279054075
168 1.0207377394971429 -0.005963434079291015 -12.32521461560084 0.005963434079291015 1.0207377394971429 -6.488858486842057
169 1.0223325336460907 -0.007795287737567162 -13.07694402378759 0.007795287737567162 1.0223325336460907 -8.57052328380906
170 1.0197145969472712 -0.0052567220434584505 -12.203324738315574 0.0052567220434584505 1.0197145969472712 -7.461776672295396
171 1.0221836126270316 -0.0016896371127977997 -15.413411898387736 0.0016896371127977997 1.0221836126270316 -5.68230942202093
172 1.0203417564738417 0.005332283657616695 -16.62639011116442 -0.005332283657616695 1.0203417564738417 1.4111191310134907
173 1.0206546513663122 0.007605115722385668 -18.302800011625568 -0.007605115722385668 1.0206546513663122 3.15742791906354
174 1.0211545817409704 0.005328963675229804 -19.523363578060568 -0.005328963675229804 1.0211545817409704 -0.9841839362527459
175 1.0230955041732859 -0.005996263465222837 -18.68532051626676 0.005996263465222837 1.0230955041732859 -7.714581612901029
176 1.0184072973229925 -0.008143809415157419 -15.39848104746765 0.008143809415157419 1.0184072973229925 -6.196547194147968
177 1.020447220159957 -0.006585573125070892 -17.887502828174938 0.006585573125070892 1.020447220159957 -5.409140604435715
178 1.0145234875628475 -0.0017804321921091886 -15.779745720578653 0.0017804321921091886 1.0145234875628475 -3.13350099082179
179 1.022069222181167 0.0006873763171994533 -22.28151542877472 -0.0006873763171994533 1.022069222181167 -3.253455870612346
180 1.0238336793267349 -0.0004993282869041456 -23.51735054585937 0.0004993282869041456 1.0238336793267349 -4.737960130107901
181 1.017146002051031 -0.0007111126636952427 -19.256688420227945 0.0007111126636952427 1.017146002051031 -3.361569612052522
182 1.0173968571370908 -0.0006116100693654046 -19.601974859399643 0.0006116100693654046 1.0173968571370908 -2.8330002071644347
183 1.02023999626536 0.0021229503747247245 -21.648759671682757 -0.0021229503747247245 1.02023999626536 -0.8159613015944156
184 1.0166922410153674 0.004169273565984023 -18.60765183880473 -0.004169273565984023 1.0166922410153674 1.515846589629449
185 1.0198188784867943 0.004039382657348526 -17.38376983366955 -0.004039382657348526 1.0198188784867943 0.3142375940035531
186 1.0194608801565475 -0.0019857799636596313 -12.103557437268531 0.0019857799636596313 1.0194608801565475 -4.819553147611691
187 1.0192768736926476 -0.007719231536174191 -8.186168417878196 0.007719231536174191 1.0192768736926476 -7.697100721112975
188 1.0164963531773106 -0.006070362504502379 -5.588323054389611 0.006070362504502379 1.0164963531773106 -4.741602536790257
189 1.0206049240697457 0.0013247660440066343 -7.635956460413038 -0.0013247660440066343 1.0206049240697457 -1.3196478425220421
190 1.0209083888647812 0.0036850206624416035 -7.434156368347147 -0.0036850206624416035 1.0209083888647812 -1.497451950358293
191 1.015113156598803 0.00022178807409726456 -1.7192107814135662 -0.00022178807409726456 1.015113156598803 -2.519957410665929
192 1.0206463168725133 0.0010096599232677634 -2.196147211255791 -0.0010096599232677634 1.0206463168725133 -2.421883532917564
193 1.014741231128897 0.0007926639309342545 0.939177079405645 -0.0007926639309342545 1.014741231128897 -1.202836993212265
194 1.0149830617272875 -0.0013011568035654778 1.1693779425508357 0.0013011568035654778 1.0149830617272875 -2.8356798525871167
195 1.0192094171709047 2.4654868223218294e-05 -0.4589280502690336 -2.4654868223218294e-05 1.0192094171709047 -3.380902637244117
196 1.0134372774164937 0.0006105431454639021 2.2095482545015668 -0.0006105431454639021 1.0134372774164937 -1.320269941494152
197 1.0158557155904364 0.0014567543861132024 0.3414479794141846 -0.0014567543861132024 1.0158557155904364 -1.2167196423660633
198 1.0158700706430823 6.624085787489065e-05 0.8109187622286792 -6.624085787489065e-05 1.0158700706430823 -3.093214965581798
199 1.021250263267893 -0.00041778475300948163 -0.9022021833662521 0.00041778475300948163 1.021250263267893 -4.856789661473767
200 1.018731851414405 0.00023501626362529144 -0.497072414053703 -0.00023501626362529144 1.018731851414405 -3.5197394160904203
201 1.0171504302912824 -0.0011646668863960336 0.153732643550508 0.0011646668863960336 1.0171504302912824 -3.765845737881934
202 1.0209861995569651 -0.0005008106119882803 -1.7061630267200538 0.0005008106119882803 1.0209861995569651 -3.4374326639216672
203 1.0220756385771406 -0.0010814161658395643 -2.3822267650395146 0.0010814161658395643 1.0220756385771406 -3.662068788139963
204 1.021202124274932 -0.00015116919085767302 -3.9090392863901813 0.00015116919085767302 1.021202124274932 -2.0672357218536197
205 1.0230722729383943 -9.701272664559347e-05 -5.615881973252642 9.701272664559347e-05 1.0230722729383943 -2.6355097210333174
206 1.026184079918786 0.0003501432865443474 -8.23332588468018 -0.0003501432865443474 1.026184079918786 -2.206187721247255
207 1.027769868599964 0.000991374686553343 -11.287221279282415 -0.000991374686553343 1.027769868599964 -2.3761209158135133
208 1.0314060145370756 6.632606866375243e-05 -14.445077242268347 -6.632606866375243e-05 1.0314060145370756 -4.24433110792407
209 1.035857686702012 -0.0008264949118877218 -18.01135888339453 0.0008264949118877218 1.035857686702012 -6.776135405093678
210 1.0367575461510545 -0.00161374209804678 -21.25455093780413 0.00161374209804678 1.0367575461510545 -6.670578226694576
211 1.0367184730384675 -0.005861200606391049 -22.280631878270267 0.005861200606391049 1.0367184730384675 -8.554946085549643
212 1.0428079844879399 -0.000121689974866392 -28.052896100291434 0.000121689974866392 1.0428079844879399 -6.32878155693753
213 1.0498015842824526 0.00547117930693842 -34.664036624504845 -0.00547117930693842 1.0498015842824526 -5.486853466888658
214 1.054338111244089 0.009137189076535438 -39.69207110483237 -0.009137189076535438 1.054338111244089 -4.998786815533478
215 1.03791041580143 0.004193648501322213 -27.715558089598744 -0.004193648501322213 1.03791041580143 -4.9872296175942585
216 1.0450439525432793 0.0010648738181639967 -31.37298076376544 -0.0010648738181639967 1.0450439525432793 -9.864448596374526
217 1.0487933814057049 -0.0028008476119210186 -33.20716406410298 0.0028008476119210186 1.0487933814057049 -12.119793561936802
218 1.0520010291246467 -6.86053576503668e-05 -36.7256999713077 6.86053576503668e-05 1.0520010291246467 -10.07464892780281
219 1.0378199431532145 0.0029721701228942405 -30.05909959155408 -0.0029721701228942405 1.0378199431532145 -4.195700810114273
220 1.0327035769666921 0.006052846230678551 -26.162461035697575 -0.006052846230678551 1.0327035769666921 -0.14773058014345547
221 1.042709308220304 0.0031872968234254208 -31.039219959827957 -0.0031872968234254208 1.042709308220304 -2.1162438073985896
222 1.0328369461564813 -0.0007696150155736014 -24.765086400503133 0.0007696150155736014 1.0328369461564813 -3.484064349724147
223 1.0454782204800896 0.0008046089946272273 -31.850006167123496 -0.0008046089946272273 1.0454782204800896 -5.966486437905173
224 1.0531055606663215 -0.003243745939775861 -35.081521313507494 0.003243745939775861 1.0531055606663215 -11.653013081831746
225 1.0421922350390804 -0.004413133325403348 -28.760404467525845 0.004413133325403348 1.0421922350390804 -11.467290960906816
226 1.0469546077540903 -0.004121220006037725 -33.55256151775244 0.004121220006037725 1.0469546077540903 -11.847892149394863
227 1.0502914697828316 -0.002041182867214513 -33.42448864626024 0.002041182867214513 1.0502914697828316 -9.214694056907756
228 1.0417218791251905 -0.00017766014509940474 -28.600414295882324 0.00017766014509940474 1.0417218791251905 -5.4742888686175215
229 1.0410243846082126 0.000258581611180348 -29.05579280385186 -0.000258581611180348 1.0410243846082126 -5.248326194136837
230 1.0417178826231852 -0.0023773968693384722 -30.56517660466335 0.0023773968693384722 1.0417178826231852 -7.656507378812603
231 1.0432955599576306 -0.0011538559156219035 -31.24756063264906 0.0011538559156219035 1.0432955599576306 -8.450980099576816
232 1.0325286794353268 -0.0010779220362695753 -25.12862116107801 0.0010779220362695753 1.0325286794353268 -6.23964975975986
233 1.0397149002383586 0.0025908427368121225 -30.597720143657938 -0.0025908427368121225 1.0397149002383586 -4.7438416569078665
234 1.0285902802359252 0.000699364207172681 -23.001570427661715 -0.000699364207172681 1.0285902802359252 -3.653692217444573
235 1.0264312041627777 -0.0015157720157552474 -20.74065339909876 0.0015157720157552474 1.0264312041627777 -4.397068201577676
236 1.0427370607484847 -0.004060061787951281 -32.524814699563194 0.004060061787951281 1.0427370607484847 -9.82433948881646
237 1.0460407443078787 -0.0011820595834328956 -34.25350522937836 0.0011820595834328956 1.0460407443078787 -9.503747448796684
238 1.0424322115882563 0.0004731308610806291 -33.634897012912916 -0.0004731308610806291 1.0424322115882563 -8.048319309616609
239 1.0465634830529604 0.00039411611829546703 -38.042918027109394 -0.00039411611829546703 1.0465634830529604 -8.040376880008692
240 1.0366196235661012 -0.0009221464733021423 -30.194409030444973 0.0009221464733021423 1.0366196235661012 -7.122532135320737
241 1.0434478679855126 -0.0014737877584661645 -34.34773450983723 0.0014737877584661645 1.0434478679855126 -8.112895623400698
242 1.026969401598809 -0.004005122829711303 -22.224076548688785 0.004005122829711303 1.026969401598809 -6.7798098860836395
243 1.02836844967398 -0.003172427196971465 -22.593244919379888 0.003172427196971465 1.02836844967398 -6.9708640054611
244 1.025560083180676 -0.0009742467357232746 -21.563227398384946 0.0009742467357232746 1.025560083180676 -4.618356257873219
245 1.032180435804905 -0.00036848350552795843 -25.722038707799232 0.00036848350552795843 1.032180435804905 -5.106323714747108
246 1.0288886015769159 -0.0005456133855715383 -23.126550899917213 0.0005456133855715383 1.0288886015769159 -5.20086130646806
247 1.0363224942830127 -0.0005028109618511186 -27.056601922168003 0.0005028109618511186 1.0363224942830127 -6.204390370388562
248 1.0333871683141742 -0.00234393610393047 -25.017511523165002 0.00234393610393047 1.0333871683141742 -7.115610033109894
249 1.034867267000395 -0.002958941555077382 -24.909992483400615 0.002958941555077382 1.034867267000395 -7.194362786288083
250 1.03332104384117 0.0002741059527095477 -23.61153194940182 -0.0002741059527095477 1.03332104384117 -5.033549532038334
251 1.0355259406337045 0.0018832696414424757 -24.008458354216785 -0.0018832696414424757 1.0355259406337045 -3.4095380982550787
252 1.0340378077672365 -0.0010500515752880253 -22.93089798393203 0.0010500515752880253 1.0340378077672365 -4.679464493365305
253 1.041928615182372 -0.0002489284663338611 -25.874032646446473 0.0002489284663338611 1.041928615182372 -5.583471885591591
254 1.0270180776226647 0.0001991809221451998 -16.641157188219275 -0.0001991809221451998 1.0270180776226647 -4.024312699261126
255 1.0271898169011542 -0.0003434506542143499 -15.912373686894577 0.0003434506542143499 1.0271898169011542 -4.174397921587927
256 1.036453516031959 0.00017014884468917902 -21.151698166144524 -0.00017014884468917902 1.036453516031959 -5.9792081965277575
257 1.0264288614465122 0.002069896818145188 -13.755651528243312 -0.002069896818145188 1.0264288614465122 -2.820277433020075
258 1.0344107100557736 0.0022456522630366345 -17.08658837015938 -0.0022456522630366345 1.0344107100557736 -4.224571020062673
259 1.0344398113524573 0.001361031381116009 -15.950992762432818 -0.001361031381116009 1.0344398113524573 -6.1068931734230905
260 1.0302501882705242 0.0030648159170664673 -12.887953042558149 -0.0030648159170664673 1.0302501882705242 -4.97525675128514
261 1.0339959325206156 0.0020928683571194845 -14.794779187707537 -0.0020928683571194845 1.0339959325206156 -6.246963061546458
262 1.0291309260546826 -0.002545632863822695 -10.951715620859895 0.002545632863822695 1.0291309260546826 -6.240111397459907
263 1.0393596490231505 0.0009836191728016144 -17.48420527379882 -0.0009836191728016144 1.0393596490231505 -4.912789719811792
264 1.038133134268077 -0.002774006290587169 -17.44470876358708 0.002774006290587169 1.038133134268077 -7.663506967208619
265 1.0324587524929167 -0.00027934588168660054 -14.823558667210367 0.00027934588168660054 1.0324587524929167 -4.883300864769079
266 1.029607618539477 0.00034302906612461177 -13.35886303938062 -0.00034302906612461177 1.029607618539477 -5.1906397157012405
267 1.0363964996118333 0.002432535978690885 -17.97713410210856 -0.002432535978690885 1.0363964996118333 -5.87950868165879
268 1.0336935777462606 -0.002622222977656869 -16.03330287317688 0.002622222977656869 1.0336935777462606 -7.602802411823761
269 1.023012727690574 0.0018854639098543065 -10.268748966106905 -0.0018854639098543065 1.023012727690574 -2.6089775319067803
270 1.0331533099739645 0.0015203990621280008 -16.087097237362915 -0.0015203990621280008 1.0331533099739645 -5.062360127291151
271 1.0347241458838865 0.0007966778447481924 -16.25109365899351 -0.0007966778447481924 1.0347241458838865 -4.331222776401979
272 1.0416177790922094 0.0012848303318001401 -21.174116694006536 -0.0012848303318001401 1.0416177790922094 -4.21925603634332
273 1.0421514565249441 0.0026901536280219372 -21.507307563381893 -0.0026901536280219372 1.0421514565249441 -2.9243405672342706
274 1.0391610830890021 0.0015146601588955776 -18.16179008949822 -0.0015146601588955776 1.0391610830890021 -3.5071919277086647
275 1.052300642182329 -0.0025146107722555807 -27.82453771501429 0.0025146107722555807 1.052300642182329 -8.144467811769847
276 1.03208612101889 -0.0018732324206964946 -14.651767703451826 0.0018732324206964946 1.03208612101889 -6.589377964867023
277 1.0332368670185514 0.003225122614961038 -15.758945806105446 -0.003225122614961038 1.0332368670185514 -4.984913738530931
278 1.032469735005286 0.0016171463609064123 -14.238964527257817 -0.0016171463609064123 1.032469735005286 -7.095389460143444
279 1.038041826926178 0.004071587815517792 -18.981569958726432 -0.004071587815517792 1.038041826926178 -4.486333161337818
280 1.042697695028323 -0.00021038205347261046 -20.798583162727997 0.00021038205347261046 1.042697695028323 -6.446128064470526
281 1.0408244484562066 0.00011030029205313615 -20.81579796748482 -0.00011030029205313615 1.0408244484562066 -4.120676899956093
282 1.0303332532955167 0.0006789100478932661 -14.015214834055033 -0.0006789100478932661 1.0303332532955167 -3.3630802495027816
283 1.05891274380724 0.0034285072005480017 -33.453501719696234 -0.0034285072005480017 1.05891274380724 -8.146197507079844
284 1.0335461211933261 0.0016556026139013327 -16.16599642748643 -0.0016556026139013327 1.0335461211933261 -5.568253724811498
285 1.041398015687569 -0.001399764712960729 -21.28198322909602 0.001399764712960729 1.041398015687569 -7.861877621154291
286 1.0278847508496909 -0.002236750564512589 -13.020032716793015 0.002236750564512589 1.0278847508496909 -5.1452356989008425
287 1.0490675443111992 0.003326889055254789 -27.216723379656575 -0.003326889055254789 1.0490675443111992 -4.874317797910209
288 1.036793863924076 0.002115234093713105 -19.610714574990787 -0.002115234093713105 1.036793863924076 -5.548128115786441
289 1.0405150469700073 -0.0006477978365203659 -21.671141838090065 0.0006477978365203659 1.0405150469700073 -8.205234343480655
290 1.0508739373705134 0.0012510314016930613 -27.228434888498672 -0.0012510314016930613 1.0508739373705134 -8.634507194507878
291 1.0453682939414044 0.0018220159917193054 -24.211274967084663 -0.0018220159917193054 1.0453682939414044 -6.537873243479132
292 1.040992521470028 0.00037326974714386703 -21.93083676789524 -0.00037326974714386703 1.040992521470028 -5.74306334693639
293 1.0347614137194747 -0.0023325563600437547 -18.46201322962419 0.0023325563600437547 1.0347614137194747 -6.871420506255741
294 1.030010822877925 0.0008799554193390413 -16.046230936329472 -0.0008799554193390413 1.030010822877925 -4.582420877002955
295 1.0375748212446514 0.0004895272589349933 -19.693633148092157 -0.0004895272589349933 1.0375748212446514 -5.861678350085829
296 1.0375831066164474 -0.00030851006443271173 -20.777135406925396 0.00030851006443271173 1.0375831066164474 -6.259835963229048
297 1.0412550996695853 -0.0026100624321128596 -22.087274918575837 0.0026100624321128596 1.0412550996695853 -8.235441105351105
298 1.0427416926748736 0.00019956709803801282 -24.248512592459196 -0.00019956709803801282 1.0427416926748736 -5.3618887220121865
299 1.0315454350852065 -0.0021896294689762227 -17.72443387404681 0.0021896294689762227 1.0315454350852065 -4.98217516506125
300 1.0338008559305851 -0.0015719774503635134 -19.411873604681567 0.0015719774503635134 1.0338008559305851 -5.022330552931974
301 1.0400775475534605 -4.8602593348409055e-05 -23.726280693293806 4.8602593348409055e-05 1.0400775475534605 -5.855023690997369
302 1.035912143465122 -0.0012459740365948976 -20.719232899543194 0.0012459740365948976 1.035912143465122 -6.202560095815684
303 1.0439926674440196 0.001102067339514561 -26.514305117209883 -0.001102067339514561 1.0439926674440196 -6.037724596680758
304 1.0447268916158896 -0.0010892261712781633 -25.913016341755363 0.0010892261712781633 1.0447268916158896 -7.601524946474888
305 1.0475324349323525 8.264619051437838e-05 -28.71214290005725 -8.264619051437838e-05 1.0475324349323525 -7.360982857530464
306 1.0270641665380162 0.0007944732899668404 -15.218254789637541 -0.0007944732899668404 1.0270641665380162 -4.217088171663366
307 1.0290421296288217 0.0020913751580937546 -17.444419912585055 -0.0020913751580937546 1.0290421296288217 -3.5227203137835
308 1.0315671867826346 -0.0006716405823963905 -18.002675508660193 0.0006716405823963905 1.0315671867826346 -5.321525451877492
309 1.029401718431856 0.000956289948473539 -17.59226554733816 -0.000956289948473539 1.029401718431856 -2.8613752424630556
310 1.036560609996165 -0.0019295705136897496 -21.514683807672107 0.0019295705136897496 1.036560609996165 -5.638902452717218
311 1.040462212112116 8.446735541303707e-06 -24.197052460261123 -8.446735541303707e-06 1.040462212112116 -5.827876148026933
312 1.0375303654770442 0.0006401987122847575 -22.58682176308098 -0.0006401987122847575 1.0375303654770442 -6.085627473996462
313 1.0383127345638936 -0.0011512633745166439 -21.808204168544226 0.0011512633745166439 1.0383127345638936 -7.551632230950859
314 1.0444288459788633 -0.0023548314383745367 -26.479511363998938 0.0023548314383745367 1.0444288459788633 -9.684607821898346
315 1.0358133046874658 -0.003717130220880726 -21.788518617810745 0.003717130220880726 1.0358133046874658 -9.69798473245175
316 1.032942922655539 0.0014329549712691712 -19.848298606037247 -0.0014329549712691712 1.032942922655539 -4.92981178894931
317 1.0482419301784993 0.0026757302387162285 -30.394175205051898 -0.0026757302387162285 1.0482419301784993 -4.26774503693159
318 1.0352669597555473 0.0015008283917844745 -21.546205136597834 -0.0015008283917844745 1.0352669597555473 -2.8195142564764133
319 1.0429267637417727 0.0021293508667741025 -25.580227445814835 -0.0021293508667741025 1.0429267637417727 -2.7624524191803523
320 1.0432560017859016 -0.0032648930043670654 -26.392279110403372 0.0032648930043670654 1.0432560017859016 -7.771962363307512
321 1.0368176142447554 0.0024014795894630567 -22.16964112861363 -0.0024014795894630567 1.0368176142447554 -5.293469968552064
322 1.0310829500358127 0.0011682770640961207 -18.216091612067565 -0.0011682770640961207 1.0310829500358127 -5.409031308716778
323 1.0443090469551604 0.001703721037001137 -26.932718298005017 -0.001703721037001137 1.0443090469551604 -6.535973069634151
324 1.0341998707327966 -0.002249160622290693 -19.66933993037668 0.002249160622290693 1.0341998707327966 -5.59260526910221
325 1.0296944339985195 -0.0011436282964932894 -17.343278740586072 0.0011436282964932894 1.0296944339985195 -4.240663892577939
326 1.033910280084859 -7.02612696251767e-05 -20.786263807203696 7.02612696251767e-05 1.033910280084859 -4.601458699135052
327 1.0353057991519174 0.0032036475308700294 -22.121585937646753 -0.0032036475308700294 1.0353057991519174 -3.2216848488740957
328 1.037563282591966 0.0022667787505927495 -24.176250262791612 -0.0022667787505927495 1.037563282591966 -3.8608948572299555
329 1.0329822450866013 -0.0009327882030408965 -21.2242890185961 0.0009327882030408965 1.0329822450866013 -5.909456700260569
330 1.0329067906921245 -0.00026924938287510813 -22.169937985956317 0.00026924938287510813 1.0329067906921245 -5.54831177544064
331 1.0318019554103448 0.0010686019205371083 -21.882551795743023 -0.0010686019205371083 1.0318019554103448 -3.321789574987597
332 1.0375450849964292 0.0017688625620709108 -26.48741679235721 -0.0017688625620709108 1.0375450849964292 -3.813092532239674
333 1.031514647124071 -0.002296712756919212 -20.904141815699276 0.002296712756919212 1.031514647124071 -5.849299817708304
334 1.0337608531979356 0.0015061537285149997 -23.283587350012596 -0.0015061537285149997 1.0337608531979356 -4.521512686115472
335 1.0298820796728363 0.0015040513392464477 -20.132777116683013 -0.0015040513392464477 1.0298820796728363 -3.476341720603088
336 1.0368512001080346 0.0011531594467604977 -25.847482490965017 -0.0011531594467604977 1.0368512001080346 -6.331365883485452
337 1.041254552380178 4.838414326653476e-05 -26.41218745221617 -4.838414326653476e-05 1.041254552380178 -7.200564371201908
338 1.037043027018518 -0.0011948711912292535 -24.95639776221184 0.0011948711912292535 1.037043027018518 -7.373530635338058
339 1.0369377247102018 -0.0028319744915264473 -25.26781953347201 0.0028319744915264473 1.0369377247102018 -8.61683744350403
