0 1.0 0.0 0.0 0.0 1.0 0.0
1 0.9999884464156026 6.808282714235506e-06 0.004017839734631018 -6.808282714235506e-06 0.9999884464156026 0.037895182643715095
2 1.0000394929405814 -7.013666965313842e-05 0.010061998362985042 7.013666965313842e-05 1.0000394929405814 -0.007189907245164065
3 0.9999976181370762 7.540632637958153e-05 0.008652501301655291 -7.540632637958153e-05 0.9999976181370762 0.00027875360516774715
4 0.9999803355653352 1.8957479657125513e-05 0.0094597441462394 -1.8957479657125513e-05 0.9999803355653352 0.000810867501497782
5 0.9999518510150683 9.056561679557217e-06 0.005297484712054656 -9.056561679557217e-06 0.9999518510150683 -0.007676845365339191
6 0.9999951293214853 -3.19845323444754e-05 0.013326164131135979 3.19845323444754e-05 0.9999951293214853 -0.022153693844359966
7 0.9999731436347356 1.83775238705549e-05 -0.0027636615701250515 -1.83775238705549e-05 0.9999731436347356 0.01174295621141832
8 1.0000258167153615 -1.9086287521490506e-05 -0.009611423914799511 1.9086287521490506e-05 1.0000258167153615 -0.013155564308122286
9 1.000049051236865 -6.0785785336582815e-06 0.017745711103767936 6.0785785336582815e-06 1.000049051236865 0.011756164246485512
10 1.0000228579861372 2.3056709254545046e-05 -0.002654134376984349 -2.3056709254545046e-05 1.0000228579861372 -0.0002799055200395223
11 1.000033460994325 -2.989953672110073e-05 0.007234364964512713 2.989953672110073e-05 1.000033460994325 0.007809082207601986
12 1.000045069322991 -8.061444984140385e-07 3.4960425850763816e-05 8.061444984140385e-07 1.000045069322991 0.034614209374608636
13 0.9999965635924082 -2.4500562653490665e-05 0.005705458957378638 2.4500562653490665e-05 0.9999965635924082 -0.01991336495842526
14 1.0000216772394874 3.8943781693291744e-05 -0.025259113514977033 -3.8943781693291744e-05 1.0000216772394874 0.028157798652124838
15 1.0000040999820212 -4.289297075398486e-05 0.009646589079597657 4.289297075398486e-05 1.0000040999820212 -0.028935418284148966
16 0.999986557688352 3.16740582150537e-05 -0.027256805007491666 -3.16740582150537e-05 0.999986557688352 0.02798711819306567
17 0.9999811311600648 -2.734139077063063e-05 0.003095724599721241 2.734139077063063e-05 0.9999811311600648 -0.001519589905299064
18 1.000000126588674 1.2911407138331904e-05 -0.018210515255479287 -1.2911407138331904e-05 1.000000126588674 3.1748720134023335e-08
19 0.9999968572651178 1.1206769918831876e-05 -0.004681560293169426 -1.1206769918831876e-05 0.9999968572651178 0.002807000378830883
20 1.0000247150718125 -2.383984353190103e-05 -0.004045380707131855 2.383984353190103e-05 1.0000247150718125 -0.01850236131397953
21 1.0000106015696948 3.111913710203228e-05 -0.005035642832313166 -3.111913710203228e-05 1.0000106015696948 0.032929972363216854
22 1.000058989876695 -5.281140107986319e-05 -0.004649951331811286 5.281140107986319e-05 1.000058989876695 -0.046588385724601944
23 1.000012443050205 3.289412856819906e-05 -0.003726980477954918 -3.289412856819906e-05 1.000012443050205 0.027835807261966734
24 1.000037649190793 -2.077035754790055e-05 -0.007258486694065029 2.077035754790055e-05 1.000037649190793 -0.007365095961923995
25 1.0000930232161673 1.504388084108522e-05 0.0013501066667712769 -1.504388084108522e-05 1.0000930232161673 -0.010595356574375048
26 1.0000360153065089 -9.824456849342108e-06 -0.003417070461329467 9.824456849342108e-06 1.0000360153065089 -0.0056531752193738315
27 1.000023888897322 2.9706950111621594e-05 -0.001537282138139288 -2.9706950111621594e-05 1.000023888897322 0.005851885021249117
28 1.0000321446181617 -2.6355500902541925e-05 -0.012504397928239723 2.6355500902541925e-05 1.0000321446181617 -0.011683055384347612
29 1.0000699511858668 -1.1428971371253161e-05 -0.014181106189805599 1.1428971371253161e-05 1.0000699511858668 -0.0046156412087940985
30 1.0000375469923315 -0.00012237362173287886 0.004813885256106322 0.00012237362173287886 1.0000375469923315 -0.05346972341610999
31 1.0001358884544997 -5.448715889423039e-05 -0.03484618695058514 5.448715889423039e-05 1.0001358884544997 -0.04432132913294686
32 1.000087693115732 -8.943902669724136e-05 -0.02826090772640076 8.943902669724136e-05 1.000087693115732 -0.022483129110520975
33 1.000159634851316 -3.8601669337490414e-05 -0.03596556982879964 3.8601669337490414e-05 1.000159634851316 -0.06075203017052914
34 1.000359866236301 -1.5025013799110501e-05 -0.13559783494244249 1.5025013799110501e-05 1.000359866236301 -0.031939369808686835
35 1.0001577483131943 -1.5650095209338583e-05 -0.041032031217189964 1.5650095209338583e-05 1.0001577483131943 -0.02810924416148728
36 1.0000573294854722 7.263928869018952e-05 -0.04350817754235422 -7.263928869018952e-05 1.0000573294854722 0.019403216560743168
37 1.000045126518322 2.715397856739443e-05 -0.01278046653181522 -2.715397856739443e-05 1.000045126518322 -0.004257772363483028
38 1.0002418794475976 5.024439707916152e-05 -0.11129228721570439 -5.024439707916152e-05 1.0002418794475976 -0.007428087639262199
39 1.000033128483513 3.3774725721921934e-05 -0.027842194511346365 -3.3774725721921934e-05 1.000033128483513 0.022460565567087455
40 0.9999926417666549 -4.7119068911391364e-05 0.007596815675952589 4.7119068911391364e-05 0.9999926417666549 -0.027488125168179594
41 1.000006244676049 2.5704570212747892e-05 -0.02212572242324022 -2.5704570212747892e-05 1.000006244676049 0.015020031184018954
42 1.0000149791858086 -3.448583411532543e-05 -0.006338443300913317 3.448583411532543e-05 1.0000149791858086 -0.020782257863079422
43 0.9999904631074668 3.641471153445971e-05 -0.01435826543712785 -3.641471153445971e-05 0.9999904631074668 0.01383304043954596
44 0.9999981239418253 -5.823533697961848e-05 -0.005656624320343206 5.823533697961848e-05 0.9999981239418253 -0.02017729968780968
45 0.9999998151972408 2.0683014788575134e-05 -0.013901354635872346 -2.0683014788575134e-05 0.9999998151972408 0.011354810363222247
46 0.9999960271624703 -7.728412380045348e-06 -0.006412356706879615 7.728412380045348e-06 0.9999960271624703 -0.004174320450543851
47 1.0000004665982394 -3.0127720615312103e-06 -0.015625772911406252 3.0127720615312103e-06 1.0000004665982394 -0.002338371240985641
48 0.9999951848562062 -2.17725592461103e-05 -0.0061777369516363735 2.17725592461103e-05 0.9999951848562062 -0.027300545371869732
49 1.0000048877670182 8.89126793946945e-06 -0.013022353559372948 -8.89126793946945e-06 1.0000048877670182 0.02701973318849967
50 1.0000118265250169 6.176545121835919e-06 -0.01363548239564595 -6.176545121835919e-06 1.0000118265250169 -0.008635306186284657
51 0.9999909713435217 -3.148011549093168e-05 -0.021270115919653082 3.148011549093168e-05 0.9999909713435217 -0.0038803649185805214
52 0.9999932112852181 1.1124120348994463e-05 -0.0279637613084463 -1.1124120348994463e-05 0.9999932112852181 0.010389136252336431
53 0.9999940531215047 -4.057650187172434e-05 -0.009469318877599489 4.057650187172434e-05 0.9999940531215047 -0.02134086962566901
54 1.0000174996711868 3.050193410320052e-05 -0.037520202871676546 -3.050193410320052e-05 1.0000174996711868 0.00883737300250377
55 1.0000151095962744 -4.114308361649457e-05 -0.02263016322949078 4.114308361649457e-05 1.0000151095962744 -0.028896414375937565
56 1.0000071934934072 1.0711999543003585e-05 -0.018937489156933898 -1.0711999543003585e-05 1.0000071934934072 0.017980585769635526
57 1.000017424374459 2.0844996611555406e-05 -0.024845693031896283 -2.0844996611555406e-05 1.000017424374459 -0.0015283221108506697
58 1.000021520965439 -2.7663206652086105e-05 -0.026954792243755254 2.7663206652086105e-05 1.000021520965439 -0.02635354885086102
59 1.000010846860985 3.73404023845139e-05 -0.015133759404358911 -3.73404023845139e-05 1.000010846860985 0.018354722190603145
60 1.000019361815687 -1.862091897947798e-05 -0.023007457519884613 1.862091897947798e-05 1.000019361815687 -0.0049753381741015085
61 1.000023167233955 3.596064238660179e-05 -0.04130422421338072 -3.596064238660179e-05 1.000023167233955 0.018859218726099282
62 1.0000238968651094 -5.5137080922764215e-05 -0.03224875672796075 5.5137080922764215e-05 1.0000238968651094 -0.029492572354862804
63 1.000004578030618 4.709690478775649e-06 -0.026319126287715964 -4.709690478775649e-06 1.000004578030618 -0.009275251341641083
64 1.0000210627601671 -4.585192057544159e-05 -0.027101622893530315 4.585192057544159e-05 1.0000210627601671 -0.010165538948230593
65 1.0000215557826468 4.638341640742629e-05 -0.038620854990399085 -4.638341640742629e-05 1.0000215557826468 0.007783914883723974
66 1.0000038430107752 -5.847509848849276e-05 -0.02608670981734113 5.847509848849276e-05 1.0000038430107752 -0.03398292120388821
67 1.0000082720900925 7.991611982757985e-06 -0.01179452945301188 -7.991611982757985e-06 1.0000082720900925 0.0126139705286934
68 0.9999988368019512 -4.912074974405479e-06 -0.01508402981658579 4.912074974405479e-06 0.9999988368019512 -0.006883293647167385
69 1.000010583915435 1.6954801316479355e-06 -0.020365307100210242 -1.6954801316479355e-06 1.000010583915435 0.0019728095191233396
70 1.0000069156649862 -6.419027719850816e-06 -0.022273731722227186 6.419027719850816e-06 1.0000069156649862 -0.019892547238693603
71 1.0000181725823156 -1.630097982969481e-05 -0.022940211522425515 1.630097982969481e-05 1.0000181725823156 0.016283830692986057
72 1.0000131996920685 2.9506759182614796e-05 -0.03728577049929031 -2.9506759182614796e-05 1.0000131996920685 0.001310960472770822
73 1.0000149826564053 -4.258802913693307e-05 -0.01848375275856252 4.258802913693307e-05 1.0000149826564053 -0.032723290819357945
74 0.9999974180994334 2.5863652307896984e-05 -0.021790659205392186 -2.5863652307896984e-05 0.9999974180994334 0.01591031856015017
75 1.0000040920007887 -2.7663416043975532e-05 0.001132548340422639 2.7663416043975532e-05 1.0000040920007887 -0.01957855819298403
76 1.0000003712069836 3.6197520617993505e-05 -0.02951577894751789 -3.6197520617993505e-05 1.0000003712069836 0.027999532054487693
77 1.00001436457536 -4.773903837646589e-05 -0.01003935286552914 4.773903837646589e-05 1.00001436457536 -0.030788312335197777
