0 1.0 0.0 0.0 0.0 1.0 0.0
1 1.0429377818922783 -0.0014587134129330638 -29.901280476084946 0.0014587134129330638 1.0429377818922783 -7.895702591928305
2 1.0367926534237302 0.0017518747972169093 -26.150884408983863 -0.0017518747972169093 1.0367926534237302 -4.466563312950116
3 1.0410470494457738 -9.109310097122052e-05 -28.345780764792018 9.109310097122052e-05 1.0410470494457738 -6.079318108250057
4 1.0396941432721352 0.00036095258583906335 -27.42506503312484 -0.00036095258583906335 1.0396941432721352 -6.553662471284246
5 1.0405186702109595 -0.0008868192596577291 -27.76519481600023 0.0008868192596577291 1.0405186702109595 -8.583646132520524
6 1.0308025301122188 -0.002588017433334237 -22.46041402789863 0.002588017433334237 1.0308025301122188 -8.652997690575422
7 1.0400067082108895 -0.0031885754890571844 -27.181744599232974 0.0031885754890571844 1.0400067082108895 -9.234617595792091
8 1.0344966688944877 -0.0019619075734431256 -23.89786829945912 0.0019619075734431256 1.0344966688944877 -6.365101067508663
9 1.0390111825877189 -0.0038497552540964963 -26.729755375437595 0.0038497552540964963 1.0390111825877189 -8.328495441947393
10 1.045963403655548 7.682838062745373e-05 -30.803897845736643 -7.682838062745373e-05 1.045963403655548 -5.868926647751705
11 1.0393700643573742 -0.00026097122298973305 -26.369901512645907 0.00026097122298973305 1.0393700643573742 -4.401630702220947
12 1.042209150619152 0.003077968761828764 -29.98086041284542 -0.003077968761828764 1.042209150619152 -5.373793629777203
13 1.045359343447333 0.0012638786479984582 -30.541751258222885 -0.0012638786479984582 1.045359343447333 -8.281659941118962
14 1.0453345365741686 0.0008521172694278627 -32.24458749447567 -0.0008521172694278627 1.0453345365741686 -9.02738462460982
15 1.048028379439816 -0.0026176939697513764 -33.29335946066099 0.0026176939697513764 1.048028379439816 -11.26656398753919
16 1.054557099919133 0.0003852989513290675 -37.356910243581076 -0.0003852989513290675 1.054557099919133 -8.824726431910939
17 1.0424092466208288 -0.0025491420519573767 -29.588858349753423 0.0025491420519573767 1.0424092466208288 -7.958283657443144
18 1.0488887062514247 -0.003168737690283063 -35.271192478343764 0.003168737690283063 1.0488887062514247 -9.767040616039735
19 1.0365130246205645 0.0014460869229655587 -25.112368279905382 -0.0014460869229655587 1.0365130246205645 -7.290744345081331
20 1.0332050898470064 0.0005849521752534105 -23.27041352914026 -0.0005849521752534105 1.0332050898470064 -6.50454403600926
21 1.0340420938037003 0.0012082597767759488 -23.00290808923328 -0.0012082597767759488 1.0340420938037003 -4.953642186479094
22 1.0333826180664973 0.0007804531161072084 -22.525167723530437 -0.0007804531161072084 1.0333826180664973 -3.1392083729447826
23 1.0383980669856143 0.001255265869482824 -24.419295901640282 -0.001255265869482824 1.0383980669856143 -5.189343529156605
24 1.0320833446142674 -0.0006359845187682635 -20.120978546599723 0.0006359845187682635 1.0320833446142674 -5.285255382668359
25 1.0340195548507245 -0.002004207630996261 -20.567104937423277 0.002004207630996261 1.0340195548507245 -5.780202562791074
26 1.0349307259259977 1.5674603483914126e-05 -21.477479075952218 -1.5674603483914126e-05 1.0349307259259977 -3.062795378274076
27 1.0354661984483629 0.002678969981204959 -22.95656047098659 -0.002678969981204959 1.0354661984483629 -5.145283999683813
28 1.034800755568787 -0.001069575037658154 -21.417450106153556 0.001069575037658154 1.034800755568787 -9.442072260144446
29 1.0422501776620132 0.003046626766356951 -26.69332581719227 -0.003046626766356951 1.0422501776620132 -7.677721126005323
30 1.0343593249904879 0.0017729743540019504 -22.25477173145646 -0.0017729743540019504 1.0343593249904879 -5.740828939835145
31 1.0422253833911665 0.00027425965491669835 -25.97020950604198 -0.00027425965491669835 1.0422253833911665 -6.763343228700657
32 1.0391703859472448 -0.0022863045399244574 -23.60344925386505 0.0022863045399244574 1.0391703859472448 -8.424185664971146
33 1.043332668571841 0.0008873518637522947 -26.687928703202925 -0.0008873518637522947 1.043332668571841 -5.554089052661365
34 1.0453708406574336 -0.00014483945846104703 -27.190984588314624 0.00014483945846104703 1.0453708406574336 -7.013197837703066
35 1.046868578039248 0.0005114411256642037 -28.965550652516338 -0.0005114411256642037 1.046868578039248 -7.86900650525403
36 1.0506093614064658 -7.728562494973049e-06 -30.528792882853473 7.728562494973049e-06 1.0506093614064658 -9.575644942309792
37 1.0455125124392093 1.4553607564805101e-05 -30.047376333615553 -1.4553607564805101e-05 1.0455125124392093 -7.3986461336836715
38 1.0289495579305004 -0.0016728773434807036 -20.479636309348667 0.0016728773434807036 1.0289495579305004 -5.073431418280403
39 1.036169954376365 -0.002190407921019594 -25.870890978129378 0.002190407921019594 1.036169954376365 -7.384524765296188
40 1.041900303086701 -0.0025188944104015632 -28.726017965143477 0.0025188944104015632 1.041900303086701 -8.855984489034865
41 1.040745649086385 -0.0019697067040681357 -28.473876899787168 0.0019697067040681357 1.040745649086385 -7.9453416793037945
42 1.0248959650979874 -0.0017906565465290278 -17.676451734747964 0.0017906565465290278 1.0248959650979874 -4.833793304289411
43 1.027722214348929 -0.00075325767188414 -19.737469291199666 0.00075325767188414 1.027722214348929 -5.167530023639235
44 1.0272451943445278 0.00021836289775743506 -19.57931506247332 -0.00021836289775743506 1.0272451943445278 -4.4297466383210775
45 1.024393842323955 -0.00012604516553920688 -17.511814275453215 0.00012604516553920688 1.024393842323955 -3.2116433426996975
46 1.040008871386432 0.0005536956499076655 -26.933456043351846 -0.0005536956499076655 1.040008871386432 -4.40197201065489
47 1.0421236106020222 -0.00016483574350885388 -28.228167434456008 0.00016483574350885388 1.0421236106020222 -6.711305095449333
48 1.0438528241612428 -0.0010814016411306764 -29.367326924884875 0.0010814016411306764 1.0438528241612428 -8.883603665433196
49 1.0296834425598145 -0.0003875952109697175 -22.41413119227025 0.0003875952109697175 1.0296834425598145 -4.825040371201722
50 1.0219925759556125 -0.0012175601066405132 -16.385580529898586 0.0012175601066405132 1.0219925759556125 -5.671211142206188
51 1.0475858580873159 -0.0006110391439577867 -32.283935022013736 0.0006110391439577867 1.0475858580873159 -9.015864029152642
52 1.0262346550474937 0.0006981893499245421 -20.47159501722568 -0.0006981893499245421 1.0262346550474937 -4.265680204817632
53 1.0246388112266194 -0.0022238298108362715 -19.20678925270885 0.0022238298108362715 1.0246388112266194 -5.433714473620397
54 1.030420543900748 0.0003343578799486143 -23.51308233096236 -0.0003343578799486143 1.030420543900748 -5.338464227723442
55 1.0355268650845137 0.0015815516310674577 -25.872360484442193 -0.0015815516310674577 1.0355268650845137 -5.11554743540422
56 1.036625523930682 0.0002919803419285066 -26.737544696363482 -0.0002919803419285066 1.036625523930682 -6.280209139315512
57 1.030373601573777 -0.0003470387036507059 -22.54844964453747 0.0003470387036507059 1.030373601573777 -5.224986088199033
58 1.0307604310663365 0.0016636411502210565 -23.74477286529481 -0.0016636411502210565 1.0307604310663365 -2.695212894430833
59 1.0284649558703671 -0.0022142100190640827 -21.15434727884717 0.0022142100190640827 1.0284649558703671 -6.070642813889646
60 1.0352144622362793 -0.0008128229913315194 -25.23792921564701 0.0008128229913315194 1.0352144622362793 -7.604739820783073
61 1.0390416668872569 0.0004907600331397735 -26.909149925013356 -0.0004907600331397735 1.0390416668872569 -7.26075881224942
62 1.029384538948416 -0.0012832641813959615 -22.576698915347766 0.0012832641813959615 1.029384538948416 -7.080896649808282
63 1.0289601882610282 0.00042039856516236894 -22.105153638117333 -0.00042039856516236894 1.0289601882610282 -5.194636538354327
64 1.0250735900451045 0.001435707959937819 -18.530542074873537 -0.001435707959937819 1.0250735900451045 -3.356570491959901
65 1.0275961086598773 0.0014710235382025538 -20.06037774044244 -0.0014710235382025538 1.0275961086598773 -2.190443466372863
66 1.023427801341411 0.0024329485512145014 -17.39328521540619 -0.0024329485512145014 1.023427801341411 -1.653418387618835
67 1.0381503146556703 0.0014001447428971185 -25.153979495322822 -0.0014001447428971185 1.0381503146556703 -6.4642826977445464
68 1.033982533755936 0.0002919717258351642 -23.863164579073164 -0.0002919717258351642 1.033982533755936 -7.562885485285376
69 1.036144007454368 5.8812985907935714e-05 -23.213886699865117 -5.8812985907935714e-05 1.036144007454368 -6.980063554560795
70 1.0327646269996387 0.0005911355942154005 -22.409015818835034 -0.0005911355942154005 1.0327646269996387 -4.891750616794103
71 1.038712714046473 0.0005919526089981685 -24.88984785184591 -0.0005919526089981685 1.038712714046473 -5.017106959647805
72 1.037994740658138 -0.00024737710829479535 -24.58813750918531 0.00024737710829479535 1.037994740658138 -5.178736889332582
73 1.0409840908287513 7.227857401057112e-05 -25.906383562904846 -7.227857401057112e-05 1.0409840908287513 -5.12921110279623
74 1.0334980595508896 0.002162606917831569 -21.008952304030785 -0.002162606917831569 1.0334980595508896 -3.118112064357231
75 1.0282397602846927 0.002036349643250401 -17.431287209461296 -0.002036349643250401 1.0282397602846927 -3.188161225227252
76 1.0235890738369997 -0.0002872748088363642 -14.593282380175157 0.0002872748088363642 1.0235890738369997 -6.165383834304631
77 1.0165291347599335 -0.002673525397576762 -10.740647916569365 0.002673525397576762 1.0165291347599335 -6.725995158786238
78 1.0173836779499523 -0.0010568761388095752 -11.545220194317807 0.0010568761388095752 1.0173836779499523 -4.636575104544642
79 1.0199080598165762 -0.00196946737451598 -12.882500142854278 0.00196946737451598 1.0199080598165762 -3.245909372309278
80 1.0168403312492573 -0.0008715695780961389 -11.403588081737686 0.0008715695780961389 1.0168403312492573 -1.8915567644398246
81 1.0148052441351827 -0.00014363989107090785 -10.075058508181897 0.00014363989107090785 1.0148052441351827 -1.8383434647896912
82 1.016342630123816 -0.0005249479356187405 -10.86711637114437 0.0005249479356187405 1.016342630123816 -2.8568196461302326
83 1.0170759324954306 0.00013589282303242819 -11.43504362262294 -0.00013589282303242819 1.0170759324954306 -2.46325663679564
84 1.018996799879093 0.0012920442352005498 -12.736524967198449 -0.0012920442352005498 1.018996799879093 -2.1904136772919744
85 1.014365972897425 0.000790035508479412 -9.292231705623342 -0.000790035508479412 1.014365972897425 -2.161552254831945
86 1.0165584430923267 9.899699588218798e-06 -11.169548821784213 -9.899699588218798e-06 1.0165584430923267 -2.8356544660471252
87 1.0168049119429685 0.0009376304803909263 -11.342846877149174 -0.0009376304803909263 1.0168049119429685 -2.388083625869143
88 1.0175403646374925 0.00043658248118170643 -11.549202699495535 -0.00043658248118170643 1.0175403646374925 -2.6815283267473693
89 1.0146149019454846 0.0009442778198091921 -10.48123763402128 -0.0009442778198091921 1.0146149019454846 -2.1514290137262955
90 1.0133932795484202 0.00026949125393991056 -9.263860122374092 -0.00026949125393991056 1.0133932795484202 -2.27828751218034
91 1.0137501515373044 0.00043974251839041037 -9.569359323289753 -0.00043974251839041037 1.0137501515373044 -1.9036321869827921
92 1.013411620629068 -0.0001640371957006157 -9.553801260644192 0.0001640371957006157 1.013411620629068 -2.249427578025951
93 1.0137823265369055 -0.00018384765238289323 -9.683162615476036 0.00018384765238289323 1.0137823265369055 -2.554387147715848
94 1.0166263549809218 -0.00012443759222821894 -10.833400871861583 0.00012443759222821894 1.0166263549809218 -3.1549665040491846
95 1.0173978586045884 0.0004769455619439084 -11.459736431695484 -0.0004769455619439084 1.0173978586045884 -2.414050595356817
96 1.0144584102067031 0.0002267814055142244 -10.178542876580272 -0.0002267814055142244 1.0144584102067031 -2.098291210848355
97 1.0145366382058516 0.00037915149920979713 -9.805272970277242 -0.00037915149920979713 1.0145366382058516 -2.519324215062458
98 1.0126685268788047 2.7021737748019587e-05 -8.86128865727994 -2.7021737748019587e-05 1.0126685268788047 -2.100221714904159
99 1.0131416557455872 -0.00017790583182488817 -9.004474883206887 0.00017790583182488817 1.0131416557455872 -2.203918239679726
100 1.0109547674748702 -0.0002993493239778962 -7.6961030709314775 0.0002993493239778962 1.0109547674748702 -1.4100621342959876
101 1.0125952292986102 -0.0008460096306577258 -8.016941299670748 0.0008460096306577258 1.0125952292986102 -2.3342251685363675
102 1.015589985489896 0.00023342196142772404 -9.477658641473283 -0.00023342196142772404 1.015589985489896 -2.3681339882326773
103 1.0163863516797116 0.0007104740934650885 -9.851694983317946 -0.0007104740934650885 1.0163863516797116 -2.302150670569417
104 1.021698199247195 0.0013016124070474634 -12.416886274881577 -0.0013016124070474634 1.021698199247195 -2.8005534076468854
105 1.0171164970127171 0.0006376027478566791 -9.880955274399376 -0.0006376027478566791 1.0171164970127171 -2.350076460432844
106 1.01736526124324 0.0006588909957782436 -10.235987843307722 -0.0006588909957782436 1.01736526124324 -2.59243563972954
107 1.014041783730581 -0.00017505380506241524 -7.801962534783528 0.00017505380506241524 1.014041783730581 -2.408597513712168
108 1.0113157615752078 -0.00035259338811677554 -6.066213318927992 0.00035259338811677554 1.0113157615752078 -2.156116289162041
109 1.0085853161409255 -0.000877574956210848 -4.98191609143237 0.000877574956210848 1.0085853161409255 -1.5976348471200192
110 1.0105649106667647 -0.00010707688779500195 -5.768740323610828 0.00010707688779500195 1.0105649106667647 -1.2703982635180908
111 1.0106538833515928 0.00035095371455487934 -5.848066121527257 -0.00035095371455487934 1.0106538833515928 -1.4725534631404322
112 1.0134700076277185 0.0011677460701437297 -7.219858315200082 -0.0011677460701437297 1.0134700076277185 -1.184969251029719
113 1.0127966491694147 0.0009219028832889232 -7.661801065555981 -0.0009219028832889232 1.0127966491694147 -1.1454408693448288
114 1.0127526803403217 0.0010674746375637582 -7.423183381228233 -0.0010674746375637582 1.0127526803403217 -1.2408333263849034
115 1.0073398589385625 0.0003075887347016779 -4.315190095359798 -0.0003075887347016779 1.0073398589385625 -0.7620151718372694
116 1.0111589336378046 0.0006291240959768745 -6.0699900647891925 -0.0006291240959768745 1.0111589336378046 -1.1531284729741533
117 1.0091193269055654 0.0005368843755858037 -5.11970471947326 -0.0005368843755858037 1.0091193269055654 -1.300257165805481
118 1.009835809829706 -4.6035730171881985e-05 -5.416892543822199 4.6035730171881985e-05 1.009835809829706 -1.401495566003343
119 1.009574333654925 -0.0006631495143772964 -5.031000533612092 0.0006631495143772964 1.009574333654925 -2.009950942455167
120 1.0060550905215442 0.00027593865909832587 -3.7520605997100316 -0.00027593865909832587 1.0060550905215442 -0.9501712091976098
121 1.0075603697174864 0.0007674206955634719 -4.382792190117945 -0.0007674206955634719 1.0075603697174864 -0.5217517178114285
122 1.008310339673723 0.0009613662068852832 -4.606997494462766 -0.0009613662068852832 1.008310339673723 -0.6038455437535383
123 1.007425907497378 0.0008761927603254495 -4.325826462857473 -0.0008761927603254495 1.007425907497378 -0.57168487190363
124 1.0075745777758636 0.0007132578604942857 -4.319771218692465 -0.0007132578604942857 1.0075745777758636 -0.4402636202483406
125 1.005746132845986 0.0005160220770483282 -3.410368811558624 -0.0005160220770483282 1.005746132845986 -0.6707604844174568
126 1.005574567455871 -4.4961319323633215e-06 -3.2758166510372932 4.4961319323633215e-06 1.005574567455871 -1.0267202203176202
127 1.006530846669719 0.0006770464480959815 -3.6790270941571466 -0.0006770464480959815 1.006530846669719 -0.21992825911763125
128 1.005816327859554 0.0002453829759426955 -3.201532776360046 -0.0002453829759426955 1.005816327859554 -0.6733877677600748
129 1.0051820830440448 0.0002069866038262333 -3.051309102297604 -0.0002069866038262333 1.0051820830440448 -0.5914552413881937
130 1.004889552092806 -0.0001286583858330345 -2.6599783287218224 0.0001286583858330345 1.004889552092806 -0.550835094752422
131 1.0043817358593612 0.0001389858417800559 -2.6368809788873135 -0.0001389858417800559 1.0043817358593612 -0.3337212202477152
132 1.004598460618413 9.666988479320308e-05 -2.6771036020588967 -9.666988479320308e-05 1.004598460618413 -0.34602994812060967
133 1.004242767002415 0.0005188401896553513 -2.5400703693602122 -0.0005188401896553513 1.004242767002415 -0.24140182354049153
134 1.0040853770876013 0.000399421519088744 -2.5507180461515793 -0.000399421519088744 1.0040853770876013 -0.4859306949278235
135 1.004034440446207 7.4830659711111e-05 -2.37893260915385 -7.4830659711111e-05 1.004034440446207 -0.38429439312448416
136 1.0038379908200246 -0.0002118978622988355 -1.932437130541387 0.0002118978622988355 1.0038379908200246 0.23827266661273244
137 1.0037270181566733 -0.0005321333327413256 -2.0793254879713543 0.0005321333327413256 1.0037270181566733 -0.043850427394618696
138 1.00363761459198 9.56605599538209e-05 -2.737001987520974 -9.56605599538209e-05 1.00363761459198 -0.4456773121889634
139 1.003647895293047 -0.00019764726471528543 -2.677173375978803 0.00019764726471528543 1.003647895293047 -0.8800179659735057
140 1.0035804994914699 4.908133961656766e-05 -2.269524828936416 -4.908133961656766e-05 1.0035804994914699 -0.07928002697092307
141 1.0036076061206174 7.701621529188534e-05 -2.5246690714167657 -7.701621529188534e-05 1.0036076061206174 -0.2676693154703207
142 1.0035834206519934 0.00035554588798536956 -2.6324097025802633 -0.00035554588798536956 1.0035834206519934 -0.4570778114363088
143 1.003367185153904 0.00019687802552470146 -2.393469812328514 -0.00019687802552470146 1.003367185153904 -0.24038840817859553
144 1.0033277729936134 5.140501867692597e-05 -2.441609481912299 -5.140501867692597e-05 1.0033277729936134 -0.7740510199128886
145 1.0032312659696396 0.00048560944444320486 -2.3290027267496547 -0.00048560944444320486 1.0032312659696396 -0.2493751210098348
146 1.0028493779764858 0.0003662832268858324 -2.146075890194945 -0.0003662832268858324 1.0028493779764858 -0.04648838384470667
147 1.0027797070720372 0.0004070154995676615 -2.2532057935869103 -0.0004070154995676615 1.0027797070720372 -0.2411229745415226
148 1.0027009432811644 0.0002672424740707461 -2.0121912215947138 -0.0002672424740707461 1.0027009432811644 -0.04018331455156277
149 1.0024392485789018 0.0005134032257480582 -1.9401178242794566 -0.0005134032257480582 1.0024392485789018 0.0854775264101425
150 1.0023662693029567 8.960211824091233e-05 -1.7558751835474093 -8.960211824091233e-05 1.0023662693029567 -0.5117519020268133
151 1.0022671794070068 -8.844772008061077e-05 -1.5837372114092283 8.844772008061077e-05 1.0022671794070068 -0.26394295089829034
152 1.0021217246555638 0.00019220984317097937 -1.5848001326041719 -0.00019220984317097937 1.0021217246555638 0.13430945314169807
153 1.0021306691927387 0.00016748973375013004 -1.6201887375267128 -0.00016748973375013004 1.0021306691927387 -0.4093386302988124
154 1.0021316858596865 0.00010684577624456943 -1.455711488884034 -0.00010684577624456943 1.0021316858596865 -0.26896988973501657
155 1.0019893752422675 7.504665631076912e-05 -1.4823834352446101 -7.504665631076912e-05 1.0019893752422675 -0.25007755624544925
156 1.0017378837845925 5.908284943933892e-05 -1.2971428363061674 -5.908284943933892e-05 1.0017378837845925 -0.23496895629889694
157 1.0015014742918513 0.00014455756496874352 -1.0544621647726198 -0.00014455756496874352 1.0015014742918513 0.20975827416291043
158 1.001391721070254 0.00023793783503673152 -0.9540602598213326 -0.00023793783503673152 1.001391721070254 0.08468490485989529
159 1.0013704713651363 0.00011298584895306657 -1.048146447513973 -0.00011298584895306657 1.0013704713651363 -0.25744953418074024
160 1.001089350091742 0.00016853208002116566 -0.8154196449573522 -0.00016853208002116566 1.001089350091742 0.010107273514871812
161 1.0011258367188889 8.449205647786896e-05 -0.8709653280253026 -8.449205647786896e-05 1.0011258367188889 -0.12021924944224971
162 1.0009268127542996 2.6786942928759573e-05 -0.7802521971890221 -2.6786942928759573e-05 1.0009268127542996 -0.22859877093184564
163 1.0007519387372403 -0.00010426131157456847 -0.5940519267987463 0.00010426131157456847 1.0007519387372403 -0.11062919026518712
164 1.000744154018833 -6.154187709472175e-05 -0.5919564679838739 6.154187709472175e-05 1.000744154018833 -0.14668101167075215
165 1.000643409043205 3.096999428876375e-05 -0.5499090170453826 -3.096999428876375e-05 1.000643409043205 -0.0693185947940045
166 1.0005705970195067 3.9089970818713286e-05 -0.4983631437833198 -3.9089970818713286e-05 1.0005705970195067 -0.04818699215714948
167 1.0003401790891708 2.380300534163723e-05 -0.28300379202072784 -2.380300534163723e-05 1.0003401790891708 0.031361582373565164
168 1.0001982422468536 -8.90458166186691e-05 -0.17853729185264583 8.90458166186691e-05 1.0001982422468536 -0.161186198388923
169 0.9999717429760575 1.622026161119371e-05 0.005867176769169812 -1.622026161119371e-05 0.9999717429760575 0.01492734474157828
170 0.9999132351096157 6.570351754298337e-06 0.03559607377067796 -6.570351754298337e-06 0.9999132351096157 0.3184980231140002
171 1.0000102911076854 0.000123764842653034 -0.056918566250675005 -0.000123764842653034 1.0000102911076854 0.1529489591446604
172 1.0001046512007843 8.795208724472814e-05 -0.1266180089130018 -8.795208724472814e-05 1.0001046512007843 -0.22507736849835058
173 1.0000144942940563 -2.5720509453825986e-05 0.0008074960379539364 2.5720509453825986e-05 1.0000144942940563 0.10286707637118982
174 0.9999748930050475 -2.6282605226350594e-05 -0.026092005962926705 2.6282605226350594e-05 0.9999748930050475 0.17799907655733893
175 1.0000665261874329 -1.3147433244197865e-06 -0.06911378160515692 1.3147433244197865e-06 1.0000665261874329 -0.20988326960760914
176 1.000055225558913 3.207487787383469e-05 -0.09981111952352682 -3.207487787383469e-05 1.000055225558913 -0.02252731187261804
177 0.9999618505736321 -5.688593529687327e-05 0.01809592388984982 5.688593529687327e-05 0.9999618505736321 0.09607971177241725
178 1.0000249231375207 -4.8454105176642387e-05 -0.033507864665436454 4.8454105176642387e-05 1.0000249231375207 -0.07603838099292672
179 0.9999469140215822 1.79138099350035e-05 0.06700905816225783 -1.79138099350035e-05 0.9999469140215822 -0.10190558304312175
180 1.00000604775383 -2.258020916885652e-05 -0.010422364551748662 2.258020916885652e-05 1.00000604775383 0.061640004272710346
181 0.9998509362022576 2.0598921593787722e-05 0.1705777425402365 -2.0598921593787722e-05 0.9998509362022576 0.0672820147515769
182 1.0000440956224315 -9.846116330914677e-05 -0.02699417632716683 9.846116330914677e-05 1.0000440956224315 -0.2107816367435504
183 1.0000184468775377 -3.1962298186404676e-05 -0.020962615280329944 3.1962298186404676e-05 1.0000184468775377 -0.0508783672679452
184 1.000036569937832 -0.0001140063686116142 -0.052800769526944485 0.0001140063686116142 1.000036569937832 -0.06821241395265981
185 1.0000647165072327 -5.785895942800471e-05 -0.07397010686711414 5.785895942800471e-05 1.0000647165072327 -0.07427706737267512
186 1.0000407651069714 8.542111464633646e-05 -0.0839213591658517 -8.542111464633646e-05 1.0000407651069714 0.0388914676735149
187 1.000018680836778 -1.961981163539449e-05 -0.03717229649176507 1.961981163539449e-05 1.000018680836778 0.04508003727705505
188 1.0000415959912394 -4.968454446928665e-05 -0.09447361484767736 4.968454446928665e-05 1.0000415959912394 0.0012504153845387111
189 1.0001079899567973 -2.923044464052661e-06 -0.10262913684557125 2.923044464052661e-06 1.0001079899567973 -0.08962107248951265
190 0.9999808638664405 -4.060082081942828e-05 -0.012532462178428789 4.060082081942828e-05 0.9999808638664405 0.030502198617937425
191 1.000024186486127 -0.00010491716404382017 -0.019022860985883842 0.00010491716404382017 1.000024186486127 -0.06606827081782218
192 0.9999455289166257 -2.195210472550097e-05 0.03713231451812889 2.195210472550097e-05 0.9999455289166257 -0.04557794855886751
193 0.9999986612288825 -2.9052552094712025e-05 -0.003850105494331452 2.9052552094712025e-05 0.9999986612288825 0.011738010226256543
194 1.000090533822825 -3.0871522717371344e-05 -0.09147846086630694 3.0871522717371344e-05 1.000090533822825 -0.025182198881029145
195 1.0000089562029684 -2.6149188152505173e-05 -0.05293250052111394 2.6149188152505173e-05 1.0000089562029684 -0.0014886860741204603
196 1.0000278282300843 -3.646731437773193e-05 -0.03815850120718514 3.646731437773193e-05 1.0000278282300843 -0.032241541016345326
197 0.9999123440999659 8.142602194559717e-05 0.06130074095196628 -8.142602194559717e-05 0.9999123440999659 0.10302238371273652
198 0.9999739365175769 -4.622528888415689e-06 -0.012389394120326282 4.622528888415689e-06 0.9999739365175769 0.031716576157441556
199 0.9999594700759973 1.6820275811888697e-05 -0.020023213135815583 -1.6820275811888697e-05 0.9999594700759973 -0.02240518021660075
200 0.9999547692346249 3.1343706326645055e-05 -0.02117985513181242 -3.1343706326645055e-05 0.9999547692346249 0.0873668292141907
201 1.0001229119802408 4.181298638826633e-06 -0.21519075458926662 -4.181298638826633e-06 1.0001229119802408 0.017533959259225573
202 0.9998568742507479 -6.426654331057123e-05 0.02476828149607639 6.426654331057123e-05 0.9998568742507479 -0.05487469491043237
203 0.9998239183238626 -2.3678844952466738e-05 0.010787640505968761 2.3678844952466738e-05 0.9998239183238626 0.05800610416062804
204 0.9998398610241758 -2.7322012811925244e-05 0.055553947664048524 2.7322012811925244e-05 0.9998398610241758 -0.005720664384852574
205 0.9999133593423304 -3.855878886058433e-05 -0.006654462951212692 3.855878886058433e-05 0.9999133593423304 -0.005728422718895599
206 0.9999175094146316 2.2706053349080883e-05 -0.016223418046637204 -2.2706053349080883e-05 0.9999175094146316 0.05296528877579916
207 0.9999188223403005 -7.186918831285779e-05 0.004841676631052811 7.186918831285779e-05 0.9999188223403005 -0.05379823499942827
208 0.9998540220528986 2.964620819163242e-05 0.06058608194278159 -2.964620819163242e-05 0.9998540220528986 0.08215651802822659
209 0.9999200469556884 -0.00010888716941516017 0.034337842010272394 0.00010888716941516017 0.9999200469556884 -0.09880395080945586
210 0.9999776864081265 3.464606598410705e-05 -0.035481321850645814 -3.464606598410705e-05 0.9999776864081265 0.04495461641547319
211 0.9999532194737729 2.4114133296086293e-05 0.002408538793785331 -2.4114133296086293e-05 0.9999532194737729 0.05466877679514833
212 0.9999597397970306 4.389954937167174e-05 -0.008797411003559462 -4.389954937167174e-05 0.9999597397970306 -0.006589291824269593
213 0.9999481972288392 -8.380184413007157e-06 0.0322684276159133 8.380184413007157e-06 0.9999481972288392 0.035773022446253536
214 0.9999727400650951 1.765180227633904e-05 0.002107145101587757 -1.765180227633904e-05 0.9999727400650951 0.027337810072555504
215 0.9999812077693162 -3.6853638236534336e-05 0.01444058633564833 3.6853638236534336e-05 0.9999812077693162 -0.04696630583396924
216 0.9999730514463732 1.0706589124323056e-05 0.0019276777932726748 -1.0706589124323056e-05 0.9999730514463732 0.04177166157919063
217 1.0000017446767335 9.71820022269498e-06 0.0008442315487905801 -9.71820022269498e-06 1.0000017446767335 -0.025574904658758717
218 1.000024613245109 -3.2586201964885384e-05 -0.01577586213274413 3.2586201964885384e-05 1.000024613245109 0.003656225856643984
219 1.000013878182389 3.5287366012708066e-05 -0.02076073851984555 -3.5287366012708066e-05 1.000013878182389 0.0052397324502104995
220 1.0000005340859386 -4.399650853237523e-05 0.01379262054923091 4.399650853237523e-05 1.0000005340859386 -0.02453173635753958
221 1.0000066393002263 4.089281326390684e-05 -0.020195796512329528 -4.089281326390684e-05 1.0000066393002263 0.05076095676149477
222 1.000001748224719 -2.8256844354156087e-05 -0.007216036353833111 2.8256844354156087e-05 1.000001748224719 -0.06485412167534077
223 0.999993315613519 2.4000702207107732e-05 0.008471091093946516 -2.4000702207107732e-05 0.999993315613519 0.04924753529225236
224 0.9999975322671046 -1.2846809719483843e-05 -0.00643464323117655 1.2846809719483843e-05 0.9999975322671046 -0.011521529396356915
225 1.0000073335093675 1.4417345407434654e-06 -0.002188366221084437 -1.4417345407434654e-06 1.0000073335093675 -0.023843206423223025
226 0.9999895410537567 1.4524006621504276e-05 -0.0035027625157239353 -1.4524006621504276e-05 0.9999895410537567 0.048345607278193065
227 1.0000006970649882 -2.7946617505207995e-05 0.018448550411276462 2.7946617505207995e-05 1.0000006970649882 -0.05025198283623987
228 0.9999915290198799 3.354132422179766e-05 -0.009842626540593362 -3.354132422179766e-05 0.9999915290198799 0.04529161067642843
229 0.9999980928363916 -4.505902565071985e-05 0.012590911271271219 4.505902565071985e-05 0.9999980928363916 -0.0405766249192655
230 1.000001059705779 3.3373908610076725e-05 -0.012149238578406829 -3.3373908610076725e-05 1.000001059705779 0.01192443469925681
231 0.9999905349222324 -3.213572554942006e-05 0.014898511250052086 3.213572554942006e-05 0.9999905349222324 0.02375899582189454
232 1.0000006241323354 1.9652646914089545e-05 -0.01510137357977092 -1.9652646914089545e-05 1.0000006241323354 -0.02605955628391475
