0 1.0 0.0 0.0 0.0 1.0 0.0
1 1.000178178768307 9.130579084611717e-05 -0.03172572480047347 -9.130579084611717e-05 1.000178178768307 0.03151988483176248
2 1.0001454850536349 0.0001327522395495573 0.10457747465672994 -0.0001327522395495573 1.0001454850536349 0.06559742868718532
3 1.0001072888351454 9.346642680919345e-05 0.03769144337575708 -9.346642680919345e-05 1.0001072888351454 0.03221837046499701
4 1.000074877235722 0.00018588222195504102 0.13243250185516572 -0.00018588222195504102 1.000074877235722 0.07153697394653523
5 1.0001885007598745 0.00014702070382489963 -0.004080582737815605 -0.00014702070382489963 1.0001885007598745 0.06160609343401313
6 1.0004061383111489 0.0002289208392314932 0.02685643011939909 -0.0002289208392314932 1.0004061383111489 0.1280126107314764
7 1.0001899344124348 0.00020585044745952184 0.1480683367741965 -0.00020585044745952184 1.0001899344124348 0.15019134519996696
8 1.000122390269424 0.00014239620571744892 0.10288301447778288 -0.00014239620571744892 1.000122390269424 0.08948326591048189
9 1.0002433285239392 0.00027264209330787577 0.21056931011344693 -0.00027264209330787577 1.0002433285239392 0.1386883444807756
10 1.0001310852294636 0.0001705409882584836 0.13435599800621553 -0.0001705409882584836 1.0001310852294636 0.15445471655559817
11 1.0000615792828151 0.00010686585334098315 0.07559317362095237 -0.00010686585334098315 1.0000615792828151 0.09753546805786226
12 1.0000414902384285 7.054929248729063e-05 0.12984247335887833 -7.054929248729063e-05 1.0000414902384285 0.08352237856211064
13 1.000593986687976 0.00016588946228940176 0.10568975547666493 -0.00016588946228940176 1.000593986687976 0.04633716424258005
14 1.0001410955317536 0.00016004305055933188 0.21921856302284548 -0.00016004305055933188 1.0001410955317536 0.06633729773460444
15 1.0001469707965425 0.00011042813643786739 0.13343382502497525 -0.00011042813643786739 1.0001469707965425 0.0920925954396034
16 1.0001672091277904 0.00011631546416387947 0.07829421122940708 -0.00011631546416387947 1.0001672091277904 0.10474270772453691
17 1.0004746817514525 0.00020345679719369265 0.10326165169831353 -0.00020345679719369265 1.0004746817514525 0.10786035989446441
18 1.0006904432322956 0.00014864169643019422 0.14849353656968134 -0.00014864169643019422 1.0006904432322956 0.06487863775197
19 1.0000387839145586 -1.4334183774077284e-05 0.1232573639438637 1.4334183774077284e-05 1.0000387839145586 0.03419132740927005
20 1.00003635676321 0.00014299676591212322 0.19841489116279293 -0.00014299676591212322 1.00003635676321 0.09050173291589822
21 0.9999972775261333 0.00015738153011882037 0.15993269626736542 -0.00015738153011882037 0.9999972775261333 0.1764296766786415
22 1.0000235773281339 0.0001238546501230652 0.18249357434148036 -0.0001238546501230652 1.0000235773281339 0.13240746346035737
23 1.0000891501047309 4.199456941263401e-05 0.19041863441678053 -4.199456941263401e-05 1.0000891501047309 0.08876587204446282
24 1.0000154370382617 -5.419938020549805e-05 0.19229317894224587 5.419938020549805e-05 1.0000154370382617 -0.0017365657075335966
25 1.000110758525433 0.00013519936276650934 0.17766108247891105 -0.00013519936276650934 1.000110758525433 0.0880533572090429
26 0.9999105947620603 0.0001669411178581656 0.21555601417824857 -0.0001669411178581656 0.9999105947620603 0.15794527758045296
27 1.0002889757428433 0.00026734661060829316 0.16401678757334548 -0.00026734661060829316 1.0002889757428433 0.19646040507626855
28 0.9999858766236018 0.0002119150052821467 0.27077509216154594 -0.0002119150052821467 0.9999858766236018 0.1946580153909152
29 0.999804020025697 4.060643702334969e-05 0.3714592432973009 -4.060643702334969e-05 0.999804020025697 0.05795492892929138
30 0.9997684022312308 0.00015761465389954485 0.4368139788657481 -0.00015761465389954485 0.9997684022312308 0.13774979691717804
31 0.9999749762956494 0.00017847543932363266 0.28641581671793065 -0.00017847543932363266 0.9999749762956494 0.1380014239470955
32 0.9997835655233218 0.0002762189351799483 0.3312324031685218 -0.0002762189351799483 0.9997835655233218 0.2327767035992063
33 0.9996836289300705 0.0001552954269702801 0.48399688194794455 -0.0001552954269702801 0.9996836289300705 0.19450710188239403
34 0.9997452614876973 0.00015838876529080518 0.5266137454272305 -0.00015838876529080518 0.9997452614876973 0.12211535623794847
35 0.9999558520102183 -8.588602127368824e-05 0.4048198203005816 8.588602127368824e-05 0.9999558520102183 0.01759846153399645
36 0.9999070617317949 0.00014567262347022538 0.425726446339546 -0.00014567262347022538 0.9999070617317949 0.13801722139964986
37 1.0000335966333713 0.0002517081585506749 0.3473143605965856 -0.0002517081585506749 1.0000335966333713 0.22035308687322638
38 0.9999050426248041 0.00026157901151937227 0.32461903458959224 -0.00026157901151937227 0.9999050426248041 0.25903708257445857
39 0.9997735087374963 0.00022880740080603764 0.4868244480136673 -0.00022880740080603764 0.9997735087374963 0.17453074299669055
40 0.9998179387219304 1.5355938844635953e-05 0.505000139167433 -1.5355938844635953e-05 0.9998179387219304 0.024522892518637998
41 1.0000166982034977 0.00018805362201045045 0.3855534528304093 -0.00018805362201045045 1.0000166982034977 0.15373270364383929
42 0.9999487142416106 0.00016250619208994975 0.3703364679816514 -0.00016250619208994975 0.9999487142416106 0.20746113087670892
43 0.9995376389711011 0.0003010936967176998 0.7113349257180723 -0.0003010936967176998 0.9995376389711011 0.3557079674460232
44 0.9993986514863005 0.00031305188498011974 0.8592769761202987 -0.00031305188498011974 0.9993986514863005 0.2645681624993923
45 0.9994600936384146 0.00018346401845960094 0.680182006011738 -0.00018346401845960094 0.9994600936384146 0.14523695015292432
46 0.9995938854613073 0.00018104285900123713 0.602863204741596 -0.00018104285900123713 0.9995938854613073 0.20349088657373277
47 0.9995847623528799 0.0003394196190375613 0.6393226078875792 -0.0003394196190375613 0.9995847623528799 0.34935445459483366
48 0.9997118498468877 0.00023423988891668328 0.5094761844207268 -0.00023423988891668328 0.9997118498468877 0.27308528356032435
49 0.9997478604566563 0.00018001839270255585 0.6033878370951593 -0.00018001839270255585 0.9997478604566563 0.19986955991857772
50 0.999658372713756 0.00013570871595424693 0.6831006140764873 -0.00013570871595424693 0.999658372713756 0.13471821830603642
51 0.999720582202174 9.24397482819797e-05 0.5975143971403782 -9.24397482819797e-05 0.999720582202174 0.08431939718576076
52 0.9997709212995715 0.000253549977935198 0.5583364292583877 -0.000253549977935198 0.9997709212995715 0.2715197453569902
53 0.9997007947158779 0.000435706372913064 0.7943730833180956 -0.000435706372913064 0.9997007947158779 0.4059647218212959
54 0.9998859842066754 0.00032588640360233726 0.6543500638027566 -0.00032588640360233726 0.9998859842066754 0.2596395275437027
55 0.9995405038332422 0.0003028222899994832 0.8524353446410372 -0.0003028222899994832 0.9995405038332422 0.27997499967435424
56 0.9998009188538253 0.0002554369844302557 0.7447175994414454 -0.0002554369844302557 0.9998009188538253 0.22630190848780085
57 0.9998657608510065 0.00018884839032625673 0.5868159918747241 -0.00018884839032625673 0.9998657608510065 0.17287103506580587
58 0.9999932784538794 0.0003329327649755549 0.6067520261277172 -0.0003329327649755549 0.9999932784538794 0.260095569463061
59 0.9999175286999608 0.0004371744632375272 0.5555309058311301 -0.0004371744632375272 0.9999175286999608 0.37555311636078953
60 0.9997940000526638 0.00041201506602867006 0.7263100153627212 -0.00041201506602867006 0.9997940000526638 0.2843467744274227
61 0.9997554284352859 0.00032268643136615914 0.6710923287490588 -0.00032268643136615914 0.9997554284352859 0.215475453700558
62 0.9998318300229221 0.00023405046027575834 0.6724904288428171 -0.00023405046027575834 0.9998318300229221 0.1665606646018328
63 0.9999430951015894 0.00044021270578596905 0.6210551124811351 -0.00044021270578596905 0.9999430951015894 0.3517751598692125
64 0.9999594954966922 0.0005290874476576819 0.6909273836606444 -0.0005290874476576819 0.9999594954966922 0.36358184617516615
65 0.9999018388394134 0.00037109116149179605 0.6297011463118743 -0.00037109116149179605 0.9999018388394134 0.2542918207459
66 0.9998028528423042 0.0004833381795544617 0.7158176240304847 -0.0004833381795544617 0.9998028528423042 0.32273388144632886
67 0.9999697010228683 0.00045995292206214795 0.6987465278720947 -0.00045995292206214795 0.9999697010228683 0.2479382310824897
68 1.0003045760068021 0.00035696452745226983 0.5022045299713541 -0.00035696452745226983 1.0003045760068021 0.23779473567169954
69 0.999835780043888 0.0003872007413495491 0.6232574442123792 -0.0003872007413495491 0.999835780043888 0.3139606739793671
70 0.999938111499998 0.00047319797269460137 0.7293127990293684 -0.00047319797269460137 0.999938111499998 0.38381172924595597
71 0.9996770475473737 0.0004490275501534443 0.7661754524192913 -0.0004490275501534443 0.9996770475473737 0.2845612912376958
72 0.9997973166828115 0.0003530329291962782 0.5832858375816269 -0.0003530329291962782 0.9997973166828115 0.23094801532761283
73 0.9997543069528364 0.00057319126596181 0.9651550974176544 -0.00057319126596181 0.9997543069528364 0.38187868280832166
74 0.9998025513810652 0.00037823154462821647 0.543726481814909 -0.00037823154462821647 0.9998025513810652 0.3306660419568598
75 0.9997056350143869 0.00043145302582698377 0.7570461459634594 -0.00043145302582698377 0.9997056350143869 0.28057186164734305
76 0.9997425817219139 0.000401265439544075 0.6364406851701031 -0.000401265439544075 0.9997425817219139 0.323424085233355
77 0.9997168375919362 0.0003702506460186476 0.6716131687419168 -0.0003702506460186476 0.9997168375919362 0.25345257741985805
78 0.9997746631387904 0.00030480309219291533 0.6402031973798773 -0.00030480309219291533 0.9997746631387904 0.21462194796939457
79 0.9998090747497719 0.0004080272770099241 0.7436371134170037 -0.0004080272770099241 0.9998090747497719 0.2731440569918813
80 0.9998611486567448 0.00034267310709109314 0.6494700241050149 -0.00034267310709109314 0.9998611486567448 0.23953203867661346
81 1.0000006788675628 0.0003965172560719149 0.5558983864707758 -0.0003965172560719149 1.0000006788675628 0.2992209251785237
82 0.9998338910217671 0.0003770731590614331 0.6811162764535467 -0.0003770731590614331 0.9998338910217671 0.2737133204342569
83 0.9998648786227964 0.00029505561527821186 0.6987539287519332 -0.00029505561527821186 0.9998648786227964 0.23988149209730586
84 0.9998403948532931 0.0002634687700867283 0.7712630574334439 -0.0002634687700867283 0.9998403948532931 0.17006479531814223
85 0.9999051315871078 0.0003462379571200685 0.6171826303537117 -0.0003462379571200685 0.9999051315871078 0.1989025125715332
86 0.9999873892167851 0.0002224279706712469 0.43374813535773044 -0.0002224279706712469 0.9999873892167851 0.19795097159833885
87 0.9998918184845357 0.0002721125940470286 0.4871491887291014 -0.0002721125940470286 0.9998918184845357 0.23800572853572552
88 0.9999388112969483 0.000359798866288478 0.5317164362543408 -0.000359798866288478 0.9999388112969483 0.28062243160419853
89 0.9998540068043303 0.00030504425886645825 0.5459976728550504 -0.00030504425886645825 0.9998540068043303 0.17975285995007745
90 0.9999501464722176 0.00019241252258288646 0.41226210473472874 -0.00019241252258288646 0.9999501464722176 0.10754823281259111
91 0.9999707338917506 0.00025225298986621277 0.43775503550338646 -0.00025225298986621277 0.9999707338917506 0.1895721771394145
92 1.0000255838497896 0.0002768234033232597 0.3899250112085436 -0.0002768234033232597 1.0000255838497896 0.19267751577755454
93 0.9999771705179586 0.00029981434186930985 0.42937077476477503 -0.00029981434186930985 0.9999771705179586 0.2907544882937577
94 0.9999973684031195 0.0003113773095012585 0.4247699654132219 -0.0003113773095012585 0.9999973684031195 0.26885428652986954
95 1.0001495559045999 0.00020196418466137767 0.36880870276488914 -0.00020196418466137767 1.0001495559045999 0.13785207883549958
96 1.0013805834561185 0.000660596929225393 0.48508165108101675 -0.000660596929225393 1.0013805834561185 0.20112941164900094
97 1.0002005625040336 0.00011211394166524865 0.23586100103220048 -0.00011211394166524865 1.0002005625040336 0.1275543530367088
98 1.0000727615920568 0.00024131039670176633 0.40268112887605034 -0.00024131039670176633 1.0000727615920568 0.23431949285888154
99 1.000058750414962 0.00029678940146265126 0.4810469967000162 -0.00029678940146265126 1.000058750414962 0.2199876462324648
100 1.0006860232099182 0.0005843824025526149 0.5786901306670184 -0.0005843824025526149 1.0006860232099182 0.30649687643012175
101 1.000073814753466 0.00010189284757949814 0.30988997223053083 -0.00010189284757949814 1.000073814753466 0.11217363251753365
102 1.0000686192235975 0.00018749457096100338 0.3680865103820935 -0.00018749457096100338 1.0000686192235975 0.14903422745350317
103 1.000160170322854 0.00020766928308841833 0.34697840267862534 -0.00020766928308841833 1.000160170322854 0.20207145355016998
104 1.0002817534971185 0.0003850632605173626 0.290212965638528 -0.0003850632605173626 1.0002817534971185 0.29436321281923444
105 1.0003318491549902 0.00020767619038482619 0.1857742240758481 -0.00020767619038482619 1.0003318491549902 0.16357124992843544
106 1.000355860659225 6.828789590759722e-05 0.2524808007507441 -6.828789590759722e-05 1.000355860659225 0.036097437974694266
107 1.0003372307835383 0.00016641430089871999 0.22233047477992152 -0.00016641430089871999 1.0003372307835383 0.03652331933886717
108 1.0005792875530497 0.000140342441243565 0.2262253956447545 -0.000140342441243565 1.0005792875530497 0.12030701423152773
109 1.0003562879705443 7.893165468563243e-05 0.27204500004216986 -7.893165468563243e-05 1.0003562879705443 0.1636572941098422
110 1.000611210870595 0.00026229359193368873 0.25205560534340143 -0.00026229359193368873 1.000611210870595 0.1586132107349696
111 1.0004349733183042 0.00011163825165870268 0.2116375687994445 -0.00011163825165870268 1.0004349733183042 0.051769086941981186
112 1.0004141892926477 9.736317378277995e-05 0.05971624609376795 -9.736317378277995e-05 1.0004141892926477 0.012589400676490371
113 1.0004818075635689 6.14143441450504e-05 0.05247650482186972 -6.14143441450504e-05 1.0004818075635689 0.00194996915040525
114 1.0005522557723827 9.92682365122294e-05 -0.038727294925177465 -9.92682365122294e-05 1.0005522557723827 0.05776407767915503
115 1.0004647959927606 0.00013229947450939022 -0.05517774739874473 -0.00013229947450939022 1.0004647959927606 0.06058045203207503
116 1.0004359766067967 9.88671308669265e-05 -0.0846968206888022 -9.88671308669265e-05 1.0004359766067967 0.09476610000278962
117 1.0006107815944774 -5.577939729836058e-05 -0.0856640909746668 5.577939729836058e-05 1.0006107815944774 0.019920627033118487
118 1.0007483495452232 9.956010286647397e-05 -0.1001955454873964 -9.956010286647397e-05 1.0007483495452232 -0.03266203435844068
119 1.0008334571311308 0.0001229252848416724 -0.061657997308171356 -0.0001229252848416724 1.0008334571311308 0.07093044370191566
120 1.0009283800180921 0.00023148575829443855 0.04425050199343361 -0.00023148575829443855 1.0009283800180921 0.13409256854152662
121 1.000739349089619 -0.00012505525958693441 -0.17752832542762 0.00012505525958693441 1.000739349089619 -0.009438514553144595
122 1.0008156998803384 -0.00022154760592787466 -0.07676192535224807 0.00022154760592787466 1.0008156998803384 -0.06369763055695031
123 1.000850707899682 -0.00016944566292110085 -0.2085795300151163 0.00016944566292110085 1.000850707899682 -0.0850122103451755
124 1.0007702175785065 -1.999470753885218e-05 -0.14978960277042494 1.999470753885218e-05 1.0007702175785065 0.001407050117912741
125 1.0022489525598415 0.00012736632053628205 -0.3674048977728658 -0.00012736632053628205 1.0022489525598415 -0.014273092643226126
126 1.001782354042302 -0.00042388518047765467 -0.45691627819748254 0.00042388518047765467 1.001782354042302 -0.18112162827611145
127 1.0013388206652216 0.00011888377583531946 -0.2701499835513095 -0.00011888377583531946 1.0013388206652216 -0.04977384756019045
128 1.0006351204940993 -0.0003192098496807512 -0.11682080890703761 0.0003192098496807512 1.0006351204940993 -0.17140310700364433
129 1.0057200012440293 -0.00024165532289986756 -1.3748991913954076 0.00024165532289986756 1.0057200012440293 -0.808296107335871
130 1.0011670075632337 4.673307458668193e-05 -0.3540759162815644 -4.673307458668193e-05 1.0011670075632337 -0.021307965038204802
131 1.0007687510539784 0.00015467707424283766 -0.25532684785774734 -0.00015467707424283766 1.0007687510539784 0.022730862309707223
132 1.0011438700290305 0.00012332678589536573 -0.3478145091775028 -0.00012332678589536573 1.0011438700290305 -0.022435198441505065
133 1.0009573879098292 8.666450116891348e-05 -0.21018418768605293 -8.666450116891348e-05 1.0009573879098292 -0.0893465140634283
134 1.0008823927161243 -2.412616318983314e-05 -0.3298120098530135 2.412616318983314e-05 1.0008823927161243 -0.0689437316032302
135 1.0013533443392906 0.0001836748545069703 -0.34445800486355116 -0.0001836748545069703 1.0013533443392906 -0.03959246146402452
136 1.0008638346479506 0.00012888344149361434 -0.10124565356478965 -0.00012888344149361434 1.0008638346479506 0.05636922133934852
137 1.0030322887590715 0.0003615137403943012 -0.8989677236242818 -0.0003615137403943012 1.0030322887590715 -0.1811372880664261
138 1.0009390154042181 0.00017934172326912457 -0.1738603705627982 -0.00017934172326912457 1.0009390154042181 0.0007267289786874916
139 1.0011586487646207 3.416168992185846e-05 -0.338893545102361 -3.416168992185846e-05 1.0011586487646207 -0.08485878056038929
140 1.0013533787663431 0.0002782998486864602 -0.2931375076866048 -0.0002782998486864602 1.0013533787663431 0.05460017206560251
141 1.0010869607290465 0.00012149727211856651 -0.5106558558365845 -0.00012149727211856651 1.0010869607290465 0.023809824045941983
142 1.000625468921849 0.00019844703911433133 0.023495379955902784 -0.00019844703911433133 1.000625468921849 0.12246049509172685
143 1.0013367163458018 5.411258701508935e-05 -0.6430279754939956 -5.411258701508935e-05 1.0013367163458018 -0.06895011466612415
144 1.000729607831436 -9.878975849839531e-05 -0.4092535367142637 9.878975849839531e-05 1.000729607831436 -0.07543631147017058
145 1.0015599976087664 -0.00010522292080453641 -0.8405644060202802 0.00010522292080453641 1.0015599976087664 -0.13278335996087826
146 1.0011088410580131 -0.00013611269827567966 -0.7225792806855876 0.00013611269827567966 1.0011088410580131 -0.13924961706012834
147 1.0009541686938106 -7.328245268228828e-05 -0.5487076882563082 7.328245268228828e-05 1.0009541686938106 -0.05730826516866516
148 1.0009055739717838 -8.936099241884011e-05 -0.6145672459768288 8.936099241884011e-05 1.0009055739717838 -0.10189150726501708
149 1.0008807923221013 -0.0001475246574652865 -0.4957263187695089 0.0001475246574652865 1.0008807923221013 -0.11673886524852632
150 1.001163240652672 -0.00015434434988513332 -0.6880175288854943 0.00015434434988513332 1.001163240652672 -0.1396157797477617
151 1.0013829566697532 -1.0659461022721862e-06 -0.8628854052146036 1.0659461022721862e-06 1.0013829566697532 -0.05853210816511514
152 1.0019578689990145 -0.00027235569866137236 -1.1749359121797747 0.00027235569866137236 1.0019578689990145 -0.30875232031150046
153 1.0019896947050364 -0.0001449432131614554 -1.0662078502906511 0.0001449432131614554 1.0019896947050364 -0.25132448552351616
154 1.0011988089310864 -0.00015228189716271395 -0.6567896140330131 0.00015228189716271395 1.0011988089310864 -0.12831205547484195
155 1.0007726173425366 -0.00013197270042677415 -0.42361908396025183 0.00013197270042677415 1.0007726173425366 -0.07717770109140112
156 1.0010794628250252 -0.00012089066637426759 -0.5647487547049083 0.00012089066637426759 1.0010794628250252 -0.09381734750879525
157 1.0010217112681536 -0.00024024667434432181 -0.4508919240690251 0.00024024667434432181 1.0010217112681536 -0.1195129933099736
158 1.0011522890711562 -0.00021244937341018122 -0.5132467159069493 0.00021244937341018122 1.0011522890711562 -0.16455910071213298
159 1.0010696373908032 -0.00013645060212185648 -0.532704081953374 0.00013645060212185648 1.0010696373908032 -0.09169622860057386
160 1.0008664044688356 -0.00011554111488612886 -0.5225897857575621 0.00011554111488612886 1.0008664044688356 -0.10250297654897256
161 1.000888812097197 -0.00039087330106473946 -0.4823422444002816 0.00039087330106473946 1.000888812097197 -0.1792617267486698
162 1.0009055237524966 -0.00016699131110971464 -0.41715817043181536 0.00016699131110971464 1.0009055237524966 -0.08005159910308632
163 1.001087258817295 -0.00012102773210661346 -0.4442362218766211 0.00012102773210661346 1.001087258817295 -0.12871646865215208
164 1.0010065249043576 -0.00019951104714504718 -0.42658538084896624 0.00019951104714504718 1.0010065249043576 -0.09647990996312332
165 1.0008970512922606 -0.00016221966354008132 -0.35633469909161464 0.00016221966354008132 1.0008970512922606 -0.05431469528518606
166 1.0006172276368548 -0.00012343407941069976 -0.33065057544524334 0.00012343407941069976 1.0006172276368548 -0.0356753122205718
167 1.0005920907142771 -0.0001815287693426811 -0.3002664613081515 0.0001815287693426811 1.0005920907142771 -0.08076441408805413
168 1.000809252487023 -9.983364527145503e-05 -0.40414087817013966 9.983364527145503e-05 1.000809252487023 -0.10532912782866331
169 1.0007903602328303 -6.685479872430332e-05 -0.3827008497533698 6.685479872430332e-05 1.0007903602328303 -0.0395154892575159
170 1.0007091639057466 1.67393602887668e-05 -0.3405065291356033 -1.67393602887668e-05 1.0007091639057466 -0.04783430424182525
171 1.0005129217575912 0.00010137019837911057 -0.35473878329301517 -0.00010137019837911057 1.0005129217575912 0.011334176696226744
172 1.000677521089646 -0.0001848429469863672 -0.3981845743547789 0.0001848429469863672 1.000677521089646 -0.09536734036820044
173 1.0008209009774127 0.00012062637754175374 -0.50087724144926 -0.00012062637754175374 1.0008209009774127 -0.053756769848680455
174 1.0016361282679258 -0.00013859313435258673 -0.7828326734715957 0.00013859313435258673 1.0016361282679258 -0.14627560330983005
175 1.0006189437411614 -3.1512862700385595e-05 -0.4381219434179133 3.1512862700385595e-05 1.0006189437411614 -0.036342577538590944
176 1.0004296069270793 3.0050271736869116e-05 -0.34449328764820736 -3.0050271736869116e-05 1.0004296069270793 0.01768295068067821
177 1.0006332861594782 0.0001698528397832842 -0.4951075526858819 -0.0001698528397832842 1.0006332861594782 0.05666438624919645
178 1.0013168158330918 -3.1880451100384233e-06 -0.7750824434425678 3.1880451100384233e-06 1.0013168158330918 -0.06097270009452836
179 1.0005180546733021 0.0001084901609962392 -0.3386487297051829 -0.0001084901609962392 1.0005180546733021 0.013452026636965951
180 1.0004905685539855 9.258428192955496e-05 -0.45229360158184617 -9.258428192955496e-05 1.0004905685539855 0.021367592085474316
181 1.0005384893474958 -0.00015040773379593496 -0.4079871196973609 0.00015040773379593496 1.0005384893474958 -0.10358607481602176
182 1.0009809212690444 -0.00010165031615272264 -0.6179610798093357 0.00010165031615272264 1.0009809212690444 -0.12930390983516135
183 1.0007090914941512 -0.00010173245835380847 -0.483022896430781 0.00010173245835380847 1.0007090914941512 -0.10524177400154432
184 1.0008364799224285 -0.00010253094815174997 -0.5503410131583982 0.00010253094815174997 1.0008364799224285 -0.11828905240600948
185 1.0008142397391666 -0.00014212562593327448 -0.5532766166854931 0.00014212562593327448 1.0008142397391666 -0.13294759298756395
186 1.0004039040699912 -6.959616101244238e-05 -0.3293937696517366 6.959616101244238e-05 1.0004039040699912 -0.06564544136388177
187 1.0005701190774101 -1.5554425438769622e-05 -0.44709743042588534 1.5554425438769622e-05 1.0005701190774101 -0.02932656582354577
188 1.0005966237685822 -0.0001427287940338714 -0.4099711915560326 0.0001427287940338714 1.0005966237685822 -0.15281926669763424
189 1.0007789903041184 -5.711872886367047e-05 -0.5120587784523141 5.711872886367047e-05 1.0007789903041184 -0.1026098883279043
190 1.000797517529936 -0.00011270429430670827 -0.5599089411850126 0.00011270429430670827 1.000797517529936 -0.15256861132921734
191 1.0005784381315481 -6.06034006382882e-05 -0.4725667847252838 6.06034006382882e-05 1.0005784381315481 -0.11303480741941062
192 1.0006383840431528 -2.193725036443356e-05 -0.5148603035251486 2.193725036443356e-05 1.0006383840431528 -0.04638273102159766
193 1.0008830477636217 -3.91191180460234e-05 -0.6000642484410007 3.91191180460234e-05 1.0008830477636217 -0.1345918690661888
194 1.00088673888237 -4.4016988652425145e-05 -0.7155016435804473 4.4016988652425145e-05 1.00088673888237 -0.10518477181672076
195 1.0009758231559298 3.2287529866925304e-05 -0.7626212222913484 -3.2287529866925304e-05 1.0009758231559298 -0.0659230717355474
196 1.0008653525591622 4.2388871111576876e-05 -0.67018643312751 -4.2388871111576876e-05 1.0008653525591622 -0.05683311858820086
197 1.0007017915028265 -4.505819927945111e-06 -0.5131711710666832 4.505819927945111e-06 1.0007017915028265 -0.05261187110847973
198 1.0007236372025923 -4.7748438969496045e-05 -0.5521194894656694 4.7748438969496045e-05 1.0007236372025923 -0.13156702412052523
199 1.0004833578578827 -0.00016696293604924212 -0.3588301539088193 0.00016696293604924212 1.0004833578578827 -0.18208190756407738
200 1.0005603981269975 -1.0165490115556723e-05 -0.44749967058480156 1.0165490115556723e-05 1.0005603981269975 -0.0369783254345209
201 1.0005829627883425 -6.3716206852449514e-06 -0.47067475511538215 6.3716206852449514e-06 1.0005829627883425 -0.08015190895921027
202 1.0004870445234368 -0.00015183838951109163 -0.35663346997685086 0.00015183838951109163 1.0004870445234368 -0.14691254303993173
203 1.0002351352660643 -1.4187864978038988e-05 -0.20152474533528877 1.4187864978038988e-05 1.0002351352660643 -0.037858720153976455
204 1.0003930718641005 2.1017645816143665e-05 -0.34056767640600993 -2.1017645816143665e-05 1.0003930718641005 -0.037425737218477376
205 1.0003664005586315 8.663262315370849e-05 -0.34356150686078574 -8.663262315370849e-05 1.0003664005586315 0.03452051011284312
206 1.000147199130108 0.00015085753581889585 -0.1552062166610588 -0.00015085753581889585 1.000147199130108 0.09641954657697867
207 0.9998881022552535 -8.045894742313004e-06 0.07212055771461501 8.045894742313004e-06 0.9998881022552535 0.015683313757308852
208 0.999865354924325 1.3683251293327412e-05 0.07837988158182196 -1.3683251293327412e-05 0.999865354924325 0.00742586330174938
