0 1.0 0.0 0.0 0.0 1.0 0.0
1 1.0140113332207028 0.0017327311163789333 5.82066956898359 -0.0017327311163789333 1.0140113332207028 -4.941037252469163
2 1.0159338828098763 0.002579620837647426 3.1418922475132383 -0.002579620837647426 1.0159338828098763 -8.850963710266338
3 1.016014935671586 -0.0015312937504785185 4.290616445008706 0.0015312937504785185 1.016014935671586 -9.782136749131718
4 1.015920416732722 0.0013845573241474036 3.9192428026606216 -0.0013845573241474036 1.015920416732722 -2.4195463617661983
5 1.015812257955572 0.0005077059691425851 3.838563124363007 -0.0005077059691425851 1.015812257955572 -0.7046247858163189
6 1.013167444238253 0.00453676105692581 3.9423512293573726 -0.00453676105692581 1.013167444238253 1.1201945613344542
7 1.0153333678958492 0.0010205145569312942 4.094766769656188 -0.0010205145569312942 1.0153333678958492 0.25821033572478014
8 1.0164539763356604 -0.00043287419825140594 3.845935823380974 0.00043287419825140594 1.0164539763356604 -0.9706503851359616
9 1.0164892831815475 -0.0024413839243400126 3.7885534394777105 0.0024413839243400126 1.0164892831815475 -3.3494395583617207
10 1.0162319585871462 0.0021445859622879 2.4690849702036592 -0.0021445859622879 1.0162319585871462 2.133442186590057
11 1.0123725806268808 0.003424911170442917 3.0636266196447255 -0.003424911170442917 1.0123725806268808 0.28363040436549297
12 1.0151307650461627 0.004856629525298045 0.9210237865993027 -0.004856629525298045 1.0151307650461627 -3.203872166780588
13 1.0209294082941727 0.0015428311346286688 -0.8343654187458915 -0.0015428311346286688 1.0209294082941727 -4.5844247168885
14 1.0169894906960808 0.0028327576717433987 2.2790250954419484 -0.0028327576717433987 1.0169894906960808 -0.4658343953600702
15 1.012202258839893 0.0006950079749800753 2.809983704613857 -0.0006950079749800753 1.012202258839893 -1.26802172591907
16 1.0115662964406302 -0.000921511695226953 2.456369155587195 0.000921511695226953 1.0115662964406302 -5.629653829334236
17 1.0121216495331273 -0.0017395001235167864 2.726369110656555 0.0017395001235167864 1.0121216495331273 -0.09500872619510932
18 1.0088641700890464 0.000990497006967335 4.322227537585678 -0.000990497006967335 1.0088641700890464 4.516711271177636
19 1.0064149937453921 0.00449708523760768 4.563021856443541 -0.00449708523760768 1.0064149937453921 6.360596524325815
20 1.0097275168853492 0.00571181299251313 2.953356365224103 -0.00571181299251313 1.0097275168853492 5.041948936786473
21 1.0132700073057377 0.002890383195032566 1.4085316235910073 -0.002890383195032566 1.0132700073057377 -2.2217824802817567
22 1.013884378881734 -0.0012924692249817306 1.869835132045354 0.0012924692249817306 1.013884378881734 -7.769489306297988
23 1.0124590215931153 -0.0009676879248108927 2.4126817640194305 0.0009676879248108927 1.0124590215931153 -6.252343226684207
24 1.0133723624966817 -0.00021399573910023143 1.7000603997990138 0.00021399573910023143 1.0133723624966817 -2.094483516216552
25 1.0076362293775643 3.989534661279909e-06 4.092159054102176 -3.989534661279909e-06 1.0076362293775643 -2.1410242614108004
26 1.0103908350448816 -0.001614491135621723 4.215213929866958 0.001614491135621723 1.0103908350448816 -9.903658977656598
27 1.0106724222596404 0.0007703769108563685 3.0293635980694567 -0.0007703769108563685 1.0106724222596404 -6.968443604689144
28 1.0065080331460114 0.007615468637365029 2.8233203819289336 -0.007615468637365029 1.0065080331460114 1.7290431992724435
29 1.0107040261126636 0.005920606465496669 2.051988207729811 -0.005920606465496669 1.0107040261126636 2.7738556889449977
30 1.0109067489595338 0.0035746803943341133 2.1856774737274005 -0.0035746803943341133 1.0109067489595338 0.7346744697251579
31 1.0117807336284366 -0.006537940501954803 4.143326188868617 0.006537940501954803 1.0117807336284366 -5.53039616984024
32 1.010328539090692 -0.004061807165823094 4.978974847124833 0.004061807165823094 1.010328539090692 -3.7146677894189657
33 1.009717729076107 0.0038829247419224057 3.6805424889191642 -0.0038829247419224057 1.009717729076107 0.10614952322153083
34 1.0127762298311516 0.006817570974876547 0.9533503467195301 -0.006817570974876547 1.0127762298311516 0.15028535489715047
35 1.0109631777227055 0.0030591127398662756 2.8384806753329546 -0.0030591127398662756 1.0109631777227055 -3.1221112262489314
36 1.0097836106448124 -0.002029777865113725 5.933163033006262 0.002029777865113725 1.0097836106448124 -6.025240610029305
37 1.0097631964744849 0.0013703051963154453 5.10460153637416 -0.0013703051963154453 1.0097631964744849 -0.7346852411674457
38 1.0119932619656584 0.001568496781726167 4.2787253217255845 -0.001568496781726167 1.0119932619656584 0.5638713035916767
39 1.0133868664026822 0.0012454339897028052 4.005378538326216 -0.0012454339897028052 1.0133868664026822 -0.809818342499788
40 1.0137889125228914 0.004247674061981826 4.2140979433739005 -0.004247674061981826 1.0137889125228914 0.41010999173523977
41 1.0147032857784246 0.006006382463036164 4.073627400272282 -0.006006382463036164 1.0147032857784246 1.8798195427119295
42 1.0154607360702175 0.003650261363212264 4.14935395022767 -0.003650261363212264 1.0154607360702175 2.0495107810481925
43 1.017517105823592 -0.0035517408052040977 5.350871828966443 0.0035517408052040977 1.017517105823592 -3.840697960361142
44 1.01731817145626 -0.0022992803181779205 6.190762394612378 0.0022992803181779205 1.01731817145626 -5.0910463398538095
45 1.0180077407035715 0.0020131795520211887 4.919444564247893 -0.0020131795520211887 1.0180077407035715 -3.339399708619393
46 1.0176177313680992 0.003364431988995036 4.731648497797433 -0.003364431988995036 1.0176177313680992 -2.3904065978565767
47 1.020728868102155 0.002960667547113967 3.3963210137477446 -0.002960667547113967 1.020728868102155 -2.425158089206525
48 1.0235681929003142 0.0006215202643342188 1.8308187427468727 -0.0006215202643342188 1.0235681929003142 -4.680359388140034
49 1.020743131788715 0.00015437254884581326 3.0668595188719117 -0.00015437254884581326 1.020743131788715 -4.787174061299974
50 1.0195535589806985 -0.001305329653143429 3.258757307565515 0.001305329653143429 1.0195535589806985 -4.933160160703725
51 1.0245221338035564 0.00020459430013132886 0.29746010134324896 -0.00020459430013132886 1.0245221338035564 -4.599699793223066
52 1.024353236908608 0.00020788674519474012 -0.054057799372237536 -0.00020788674519474012 1.024353236908608 -3.9851300325939123
53 1.0244251070704296 -0.0003452692702373564 -1.3519494500411577 0.0003452692702373564 1.0244251070704296 -4.414053145556748
54 1.029901463167808 -0.00012610085305594522 -4.876890712766285 0.00012610085305594522 1.029901463167808 -5.461828376757295
55 1.0233564541838722 -0.0008976975245001996 -2.9699752253885823 0.0008976975245001996 1.0233564541838722 -4.933335182552453
56 1.0238667878670333 0.0004312924983675403 -3.5583820860012634 -0.0004312924983675403 1.0238667878670333 -3.756756862437967
57 1.0272305651497486 0.0005600681651015091 -7.133352879425914 -0.0005600681651015091 1.0272305651497486 -4.536800465015856
58 1.0338384698096286 -3.9629241495905775e-05 -11.94005526291205 3.9629241495905775e-05 1.0338384698096286 -6.206164886676463
59 1.021757136030152 -0.0006882813776930472 -5.831526761287618 0.0006882813776930472 1.021757136030152 -4.556476496690795
60 1.026134588890581 -0.0006937072204052807 -9.659337746714623 0.0006937072204052807 1.026134588890581 -4.295420718786694
61 1.0227508985046636 -0.0005869810452148361 -9.026715061546252 0.0005869810452148361 1.0227508985046636 -4.0887259395091915
62 1.028935041729343 0.001960332432326786 -13.574659499798136 -0.001960332432326786 1.028935041729343 -4.037460309962508
63 1.041460457213277 0.002133147371730579 -22.41652876718382 -0.002133147371730579 1.041460457213277 -5.318838733764783
64 1.0214237990692858 0.0007145638768664861 -12.575804312698846 -0.0007145638768664861 1.0214237990692858 -2.8105763132536823
65 1.0243992668975985 -0.0003171879795791041 -15.521128971933903 0.0003171879795791041 1.0243992668975985 -3.396945855915156
66 1.01964304604305 0.00013020441211460321 -13.955276084690903 -0.00013020441211460321 1.01964304604305 -1.90382134559486
67 1.02056815010143 0.00012528030725812036 -16.090574768643656 -0.00012528030725812036 1.02056815010143 -1.0623585375827214
68 1.0199833391549933 0.00018933815956844173 -17.671205047238548 -0.00018933815956844173 1.0199833391549933 -1.1233802373272013
69 1.0221959258579458 -0.00010934202454567659 -20.20764034836258 0.00010934202454567659 1.0221959258579458 -3.5174978134971973
70 1.0216663276177442 -0.0012370123835855826 -21.061133897179296 0.0012370123835855826 1.0216663276177442 -5.953706153369596
71 1.0233730826245402 -0.0024985683741822143 -23.404916769094417 0.0024985683741822143 1.0233730826245402 -7.288190539859354
72 1.0246451414427935 -0.0025505052678899457 -25.955427394164676 0.0025505052678899457 1.0246451414427935 -7.098012455581516
73 1.025015034484501 -0.0010280910468429007 -27.994168206705176 0.0010280910468429007 1.025015034484501 -5.601337665175855
74 1.0259111361874378 -0.0013429984487039505 -29.480261575301537 0.0013429984487039505 1.0259111361874378 -4.82984915265524
75 1.02814165607108 -0.0007360674027101942 -32.47223797008433 0.0007360674027101942 1.02814165607108 -4.158861558318881
76 1.0352333084698166 -0.0017157497172231601 -37.53986994725559 0.0017157497172231601 1.0352333084698166 -5.872618899711211
77 1.026920129923046 -0.0038785948511683797 -33.59304304091532 0.0038785948511683797 1.026920129923046 -6.212914150124112
78 1.0346424543055988 -0.0029192932218910454 -38.280723728989884 0.0029192932218910454 1.0346424543055988 -6.758062653557688
79 1.0349427780134863 0.0009351275580902077 -39.825645117458016 -0.0009351275580902077 1.0349427780134863 -4.438115235257001
80 1.0249098572461368 0.0006578126943666452 -33.95894288680397 -0.0006578126943666452 1.0249098572461368 -3.1334789629348068
81 1.0372056834771763 -0.0008890163453666445 -41.734921866020066 0.0008890163453666445 1.0372056834771763 -5.876867426329221
82 1.0274298992018283 0.00016634808285275458 -36.885194533642114 -0.00016634808285275458 1.0274298992018283 -3.658495850821703
83 1.0382167130520494 0.0027250270549217335 -45.04220600063361 -0.0027250270549217335 1.0382167130520494 -4.844165831185476
84 1.0267479953288845 0.0029735183475497994 -38.3182266034077 -0.0029735183475497994 1.0267479953288845 -3.166364651525842
85 1.0279877531960981 0.0025897122858297822 -38.76496440046463 -0.0025897122858297822 1.0279877531960981 -3.8764159570897667
86 1.0332773382748048 -0.0004979595423648775 -41.78860360862723 0.0004979595423648775 1.0332773382748048 -6.2673179608881755
87 1.0354388143895994 -0.002641054743410236 -42.76567316583617 0.002641054743410236 1.0354388143895994 -7.739475051298202
88 1.0352087835444064 -0.001599976866911433 -43.50340555773331 0.001599976866911433 1.0352087835444064 -7.739476843269964
89 1.041842082620951 0.0021080057751784943 -47.54716226309911 -0.0021080057751784943 1.041842082620951 -6.29493509119939
90 1.0480880290610868 0.00024691274835458854 -50.351591714841696 -0.00024691274835458854 1.0480880290610868 -7.673722674108558
91 1.0496586711418845 -0.0018826462054519863 -51.320309443988016 0.0018826462054519863 1.0496586711418845 -9.572938764502346
92 1.043212979512379 -0.001005554750983056 -48.09554536007638 0.001005554750983056 1.043212979512379 -8.948591361380542
93 1.0482344730198458 -0.00024229223718233613 -50.32429101456573 0.00024229223718233613 1.0482344730198458 -9.910343738356339
94 1.0264475646278048 -0.000828941587120522 -34.995209032193806 0.000828941587120522 1.0264475646278048 -6.92557755136391
95 1.0349701169599546 -0.0035289338753246003 -39.34748417001394 0.0035289338753246003 1.0349701169599546 -8.638000185715649
96 1.0387885216102566 -0.0038602729756516277 -41.76532782456547 0.0038602729756516277 1.0387885216102566 -8.66929126550184
97 1.024617152682293 -0.0036554821097306033 -36.00763367856319 0.0036554821097306033 1.024617152682293 -6.012864035926032
98 1.025904906038322 -0.0014443971195312235 -38.058262951432226 0.0014443971195312235 1.025904906038322 -5.7868006874643445
99 1.041722228388755 -9.251748695172793e-05 -45.38180297675092 9.251748695172793e-05 1.041722228388755 -8.119917399907829
100 1.0398213276622532 -0.002310574575593659 -45.5813869760285 0.002310574575593659 1.0398213276622532 -9.838007977654451
101 1.0439164096026778 -0.0024419210124512225 -46.25643034513829 0.0024419210124512225 1.0439164096026778 -10.613212464310834
102 1.0458666508796146 -0.0024119354943131794 -47.89563040205599 0.0024119354943131794 1.0458666508796146 -10.934981217993107
103 1.0442393151560538 -0.002800690277706768 -47.1501702175112 0.002800690277706768 1.0442393151560538 -9.71553373500489
104 1.0291386782696583 -0.0037031862751817544 -38.77746631431044 0.0037031862751817544 1.0291386782696583 -6.760235231456731
105 1.0186962488208753 -0.00028120892018125473 -32.298637149517134 0.00028120892018125473 1.0186962488208753 -2.3825042761806388
106 1.0272967558856707 -0.004793452725567902 -39.363221947463614 0.004793452725567902 1.0272967558856707 -7.684542168412512
107 1.028361914669826 -0.004209239872184668 -38.5951275459182 0.004209239872184668 1.028361914669826 -7.616739133047987
108 1.0250417531660616 -0.004312475338412668 -34.77255929389548 0.004312475338412668 1.0250417531660616 -7.172343818860592
109 1.017167845466837 0.0009216978101149912 -28.125732243102465 -0.0009216978101149912 1.017167845466837 -2.4407749123041165
110 1.0209468632502565 -0.0011202934304426328 -30.80396466117375 0.0011202934304426328 1.0209468632502565 -5.469007355186362
111 1.0227982611841957 -0.0008394216662574793 -31.825253600399485 0.0008394216662574793 1.0227982611841957 -5.5246365231718695
112 1.0241109400413184 0.0014247710626433758 -31.926374282110586 -0.0014247710626433758 1.0241109400413184 -4.00919244738133
113 1.0261235659441068 0.000818745050950978 -33.035726593760025 -0.000818745050950978 1.0261235659441068 -4.52976515662437
114 1.0240786714496317 0.0005400627130373012 -30.208481681831753 -0.0005400627130373012 1.0240786714496317 -3.7426626537272525
115 1.0261154067459852 0.0011021104111900817 -30.799782320766816 -0.0011021104111900817 1.0261154067459852 -3.3433987241581704
116 1.0242502494190808 0.00024594436697039944 -29.035324513321235 -0.00024594436697039944 1.0242502494190808 -3.2062309211553486
117 1.0282874891643816 9.165943066123043e-05 -32.05016422696383 -9.165943066123043e-05 1.0282874891643816 -3.6338772908968666
118 1.028072817195765 0.0016249263544698988 -31.669726822621907 -0.0016249263544698988 1.028072817195765 -2.744249938410991
119 1.0286572434801757 0.0011687447088676575 -32.31049139266707 -0.0011687447088676575 1.0286572434801757 -3.7956058562039883
120 1.0364199040715965 -0.0029147594953400136 -35.45688297830515 0.0029147594953400136 1.0364199040715965 -7.131150321411865
121 1.033101154777976 -0.0006608230311948817 -34.35403423967008 0.0006608230311948817 1.033101154777976 -5.598371958025373
122 1.0272760767097313 -0.000909856432218092 -30.56943156400667 0.000909856432218092 1.0272760767097313 -5.497345803367702
123 1.0299879687884472 0.0019715050971486027 -32.25059546980032 -0.0019715050971486027 1.0299879687884472 -3.7084695919535586
124 1.0397930862543148 0.004348446617438434 -40.56518699498324 -0.004348446617438434 1.0397930862543148 -4.25676198401325
125 1.0365486051045565 0.0049947618572948275 -37.27172223910538 -0.0049947618572948275 1.0365486051045565 -3.3796150704022616
126 1.0374687516242125 0.00476418804648282 -36.42674906857786 -0.00476418804648282 1.0374687516242125 -3.8093240784845857
127 1.0356354507624048 0.0063546590159062 -33.43298727133907 -0.0063546590159062 1.0356354507624048 -2.5367270606075483
128 1.0463329599619584 0.006129920906804969 -36.27189568072896 -0.006129920906804969 1.0463329599619584 -4.370806783225439
129 1.050730903470454 0.006669603479966518 -38.540178776968396 -0.006669603479966518 1.050730903470454 -3.64425281236098
130 1.0509104565597271 0.005502054100465237 -36.27692748155693 -0.005502054100465237 1.0509104565597271 -4.469974155771585
131 1.0412903273251575 0.0049790625270814 -26.598560858832546 -0.0049790625270814 1.0412903273251575 -2.7039372158576414
132 1.0501611861622977 0.0035528597039622928 -25.58603116014845 -0.0035528597039622928 1.0501611861622977 -5.384433393301552
133 1.042297958649689 0.0039045482524639073 -23.295752027174306 -0.0039045482524639073 1.042297958649689 -4.845289828663226
134 1.0371205766126796 -0.0007099408256183077 -16.50115883336478 0.0007099408256183077 1.0371205766126796 -8.331900714516168
135 1.0269684612142393 -0.0015315718921632923 -8.351142002214383 0.0015315718921632923 1.0269684612142393 -8.041651134427639
136 1.028828896276316 0.0030646430670544884 -7.427803547159568 -0.0030646430670544884 1.028828896276316 -6.077491561043352
137 1.0290151705495982 0.0029818606058688445 -6.860322588024793 -0.0029818606058688445 1.0290151705495982 -5.180018137634954
138 1.0299838775853203 -0.004100201900695251 -4.949946847378206 0.004100201900695251 1.0299838775853203 -8.064512128406138
139 1.0288357060720499 -0.0031444590554515527 -3.68295011102927 0.0031444590554515527 1.0288357060720499 -6.310868590026479
140 1.0490398108149128 -0.004145781731957277 -14.277078101121017 0.004145781731957277 1.0490398108149128 -9.469837350842733
141 1.0350510200791183 0.001517427286501919 -6.74461004773266 -0.001517427286501919 1.0350510200791183 -3.6127761866867187
142 1.0308455232313583 -7.159656932994012e-05 -5.142208478191054 7.159656932994012e-05 1.0308455232313583 -3.903623694490384
143 1.035997952111993 -0.0045083609414484065 -7.990151640216382 0.0045083609414484065 1.035997952111993 -7.713480655062135
144 1.033722159185088 -0.0034134198594564648 -5.853829495095242 0.0034134198594564648 1.033722159185088 -6.992109041967092
145 1.035837045249834 -0.002846529546199101 -8.219299219204027 0.002846529546199101 1.035837045249834 -7.9891556493159515
146 1.0404793081416028 -0.0025246677913308715 -12.504008706594531 0.0025246677913308715 1.0404793081416028 -9.502895044551545
147 1.0414323700980677 -0.0036839735451111295 -12.525547781423105 0.0036839735451111295 1.0414323700980677 -10.855627409267015
148 1.036324077423083 -0.0025098562801829107 -11.406005655343304 0.0025098562801829107 1.036324077423083 -8.821896150183342
149 1.0331131917898624 -0.0029038637164507425 -9.918992187597171 0.0029038637164507425 1.0331131917898624 -6.384222848855182
150 1.033586404406404 -0.003299956098393901 -10.82528560942007 0.003299956098393901 1.033586404406404 -4.958692228774258
151 1.0330982722903728 -0.005331784723736539 -11.539525653968342 0.005331784723736539 1.0330982722903728 -5.164767280749022
152 1.0374011473636575 -0.002792407216221901 -15.001707898335216 0.002792407216221901 1.0374011473636575 -4.820780260660177
153 1.034921256925836 -0.0008899072783970091 -14.839881724785988 0.0008899072783970091 1.034921256925836 -5.092446100888756
