0 1.0 0.0 0.0 0.0 1.0 0.0
1 1.0399663127992682 -3.981814324677805e-05 -23.624640986914017 3.981814324677805e-05 1.0399663127992682 -6.85731029752226
2 1.0442792563369472 -0.0029198169309250254 -25.53838790764571 0.0029198169309250254 1.0442792563369472 -9.46516163241461
3 1.0443541423692018 0.00041948256934865296 -25.000173867228874 -0.00041948256934865296 1.0443541423692018 -7.438235044268133
4 1.0452290667341988 0.0006377885889828822 -25.608567430148213 -0.0006377885889828822 1.0452290667341988 -7.3077074528329256
5 1.0481732647793958 0.0011716887334944027 -26.953571485039987 -0.0011716887334944027 1.0481732647793958 -8.211533313278261
6 1.0441073127998721 0.0013536570874437734 -26.172321860671463 -0.0013536570874437734 1.0441073127998721 -7.742734460316443
7 1.035189355122366 0.0019154133849046803 -21.138300701737045 -0.0019154133849046803 1.035189355122366 -5.80586011481652
8 1.0366704182437543 0.0021239117749752142 -21.004506520496456 -0.0021239117749752142 1.0366704182437543 -4.682907304529481
9 1.0387930548225914 0.0024083485799815457 -23.826228946132595 -0.0024083485799815457 1.0387930548225914 -3.8463624970115187
10 1.0448334088787639 7.593341795171383e-05 -25.810167156984633 -7.593341795171383e-05 1.0448334088787639 -8.988713807344737
11 1.0449446519349266 0.001996753148757926 -26.773336857076295 -0.001996753148757926 1.0449446519349266 -8.696756170580365
12 1.0390077238453714 0.0015800561814663205 -22.6621771983932 -0.0015800561814663205 1.0390077238453714 -4.342228638185054
13 1.0159100941278658 0.0012067923003438808 -9.399764303757348 -0.0012067923003438808 1.0159100941278658 0.9788487575667146
14 1.026640383649688 0.004307951905633694 -15.281613986287672 -0.004307951905633694 1.026640383649688 -0.0003198499456053533
15 1.0490818654693495 0.0018342754240621604 -29.171300080348487 -0.0018342754240621604 1.0490818654693495 -6.229239686318881
16 1.0278345541631964 0.00039922287055420367 -16.013569385999993 -0.00039922287055420367 1.0278345541631964 -5.3389221146452694
17 1.0289150529971056 -0.0011316425706264295 -16.778969693720764 0.0011316425706264295 1.0289150529971056 -5.277270604173499
18 1.0282856328517698 -0.0005094339918350285 -17.12030504136621 0.0005094339918350285 1.0282856328517698 -3.8188314608097316
19 1.0206237497169068 0.0023715895244064422 -12.141335211308412 -0.0023715895244064422 1.0206237497169068 -0.5041915531188526
20 1.026069729827659 0.0024632184981568006 -15.437657436403436 -0.0024632184981568006 1.026069729827659 -1.084370847862994
21 1.029024360651647 0.001993874799947575 -17.227493616768726 -0.001993874799947575 1.029024360651647 -2.211777693803675
22 1.0306887167720307 0.0020740845538662353 -17.993360642442287 -0.0020740845538662353 1.0306887167720307 -3.6163941588264894
23 1.029032403996084 0.00140961735103065 -17.584318644325347 -0.00140961735103065 1.029032403996084 -4.494363769135919
24 1.0267501731844275 0.0007895339011705765 -15.664289669735286 -0.0007895339011705765 1.0267501731844275 -4.017414285960767
25 1.0253818784221054 -0.0011895372887317116 -15.543987163620072 0.0011895372887317116 1.0253818784221054 -3.4341636770713437
26 1.024160744089896 -0.0008175220938732167 -14.400015250106147 0.0008175220938732167 1.024160744089896 -1.230554976565811
27 1.024632367090346 -0.0009269885232655131 -15.206076420451453 0.0009269885232655131 1.024632367090346 -2.0064277723194777
28 1.0185453909842979 -0.002665731542734348 -10.372231500674971 0.002665731542734348 1.0185453909842979 -5.634881769760648
29 1.0223737029637558 -7.908310222007624e-05 -13.089952950394704 7.908310222007624e-05 1.0223737029637558 -4.931739189165983
30 1.0251750081332425 0.0003541172614150685 -15.370278572035522 -0.0003541172614150685 1.0251750081332425 -3.543000461535074
31 1.022733678962342 0.0004423943760474467 -13.628255580521124 -0.0004423943760474467 1.022733678962342 -4.6168095769055615
32 1.0217465939267374 -0.0005701976793963814 -12.286448828957756 0.0005701976793963814 1.0217465939267374 -5.48857089682042
33 1.0204749414138912 0.000635920981269647 -11.572893371188801 -0.000635920981269647 1.0204749414138912 -3.5005715028885747
34 1.021489048428829 0.0004686694001320785 -12.051980263014157 -0.0004686694001320785 1.021489048428829 -2.127762801565484
35 1.0255577535663407 -0.0006553410864918001 -14.737051301603334 0.0006553410864918001 1.0255577535663407 -4.642006375854481
36 1.0209146139115222 0.0006413818736458157 -12.798676718915877 -0.0006413818736458157 1.0209146139115222 -4.189307886404003
37 1.0195498372913767 -0.0013917373487774198 -10.777859999157005 0.0013917373487774198 1.0195498372913767 -5.199597074355666
38 1.0244727974459051 0.00035014975454690625 -14.04536210040917 -0.00035014975454690625 1.0244727974459051 -3.046744243223615
39 1.0361521658793837 0.002262712223718393 -19.970537360373168 -0.002262712223718393 1.0361521658793837 -4.702291780542846
40 1.0275263992589798 -0.0026293041999489383 -14.82124538229958 0.0026293041999489383 1.0275263992589798 -5.3231884823163105
41 1.0347865489357082 0.0009526248756110511 -19.202051316038833 -0.0009526248756110511 1.0347865489357082 -4.094963719589
42 1.0206270638789443 -0.002963460063113768 -11.171031712087698 0.002963460063113768 1.0206270638789443 -4.172987634651333
43 1.0205851270413462 -0.0030203167928529867 -11.119188363444147 0.0030203167928529867 1.0205851270413462 -7.022771538713506
44 1.02324278985579 -0.0017598390424395736 -12.31683070351953 0.0017598390424395736 1.02324278985579 -5.812075925904735
45 1.0207075350386317 -0.000760887104113451 -11.098776774841545 0.000760887104113451 1.0207075350386317 -4.157877951217762
46 1.0218314825978505 -0.0016072394765638042 -12.312801733867913 0.0016072394765638042 1.0218314825978505 -3.7693863218694474
47 1.0204117043849303 -0.0014399158481431039 -11.53532486927677 0.0014399158481431039 1.0204117043849303 -3.664986793911228
48 1.0237876139040092 0.0007318037097173031 -13.767836747803559 -0.0007318037097173031 1.0237876139040092 -4.658114045138757
49 1.0208211677203045 0.0011339192841468366 -11.43378503473933 -0.0011339192841468366 1.0208211677203045 -4.023472398215614
50 1.020298348942734 0.0012763610785099615 -11.229128455883865 -0.0012763610785099615 1.020298348942734 -2.7223381191784166
51 1.0206219708575537 0.0028923297579554787 -11.425031378511953 -0.0028923297579554787 1.0206219708575537 1.139597881703394
52 1.021043346660052 0.0014455570291864244 -12.198310454796724 -0.0014455570291864244 1.021043346660052 -1.1079730805532966
53 1.0192223818927624 0.0007487227422535989 -10.867812890345403 -0.0007487227422535989 1.0192223818927624 -1.7707642083771222
54 1.0296220807858123 0.00037653300496526016 -17.02402894079657 -0.00037653300496526016 1.0296220807858123 -4.699595359299666
55 1.020419726263224 0.0011923758197132483 -12.176972952636689 -0.0011923758197132483 1.020419726263224 -2.6016673544006275
56 1.0222439162988974 0.00047846889997890576 -14.139446686541019 -0.00047846889997890576 1.0222439162988974 -3.8679261329233934
57 1.0212966789873457 0.0006839204845536957 -13.581205239886032 -0.0006839204845536957 1.0212966789873457 -3.236824800571152
58 1.0208420439007186 0.0005667137597802536 -11.56640376112308 -0.0005667137597802536 1.0208420439007186 -2.7921587610898118
59 1.0178127520421774 0.00010385940405431752 -9.895484297883362 -0.00010385940405431752 1.0178127520421774 -2.7887362901719093
60 1.02372453539677 0.0005909660946181868 -15.329388978471737 -0.0005909660946181868 1.02372453539677 -2.9389817648623975
61 1.0238819419645497 0.0014421887759663407 -15.528501794697615 -0.0014421887759663407 1.0238819419645497 -3.13775251138697
62 1.0364575939560388 0.0028622844430361218 -23.200948785474626 -0.0028622844430361218 1.0364575939560388 -4.270506610812445
63 1.0261671026521137 0.001056347810732044 -16.807915891259483 -0.001056347810732044 1.0261671026521137 -2.708744402605239
64 1.0267288396597716 0.0003665873585923377 -17.0988379248003 -0.0003665873585923377 1.0267288396597716 -3.139140158158857
65 1.0293750201080447 0.0014678599149804171 -17.588682637559266 -0.0014678599149804171 1.0293750201080447 -2.8678744805195757
66 1.0152264311476555 0.0007482229008229142 -9.674130814997763 -0.0007482229008229142 1.0152264311476555 -0.873612651907665
67 1.017376396139411 0.001215782790601605 -9.90804448870842 -0.001215782790601605 1.017376396139411 -0.7216249698772963
68 1.0135283870715572 0.001484300951105558 -7.5513398163681416 -0.001484300951105558 1.0135283870715572 -0.4549411874806785
69 1.0173047619215962 0.00168112296359451 -9.930980951026637 -0.00168112296359451 1.0173047619215962 -1.3496755861826535
70 1.0125053780229134 0.0018408525848902055 -6.899483281495992 -0.0018408525848902055 1.0125053780229134 0.13895671039272686
71 1.0166259524844943 0.0002315189468534268 -9.568403968466876 -0.0002315189468534268 1.0166259524844943 -1.7046703127193323
72 1.0135449953937814 0.0027978265870399165 -8.507576860975604 -0.0027978265870399165 1.0135449953937814 0.32822990366996335
73 1.013274100639094 0.0009009943550913696 -7.249613801329123 -0.0009009943550913696 1.013274100639094 -1.3000416324772812
74 1.011129937646566 0.001318251646442438 -6.6236307398608965 -0.001318251646442438 1.011129937646566 -0.6585571529727399
75 1.011999523115433 0.00010889674733280328 -7.177289813283918 -0.00010889674733280328 1.011999523115433 -1.9696669044091657
76 1.0118001829239158 0.0007985419462123043 -6.868518698717734 -0.0007985419462123043 1.0118001829239158 -1.0342006099994037
77 1.0103974664944426 0.000865541812504457 -5.800699747689092 -0.000865541812504457 1.0103974664944426 -0.6248110089245438
78 1.0145065210627808 0.0008933550755482874 -10.44027777551507 -0.0008933550755482874 1.0145065210627808 -1.4011999052533757
79 1.008147910772822 0.0008832920095209402 -4.949202813623945 -0.0008832920095209402 1.008147910772822 -0.643105485900687
80 1.0084234168103483 0.001132356306829979 -5.105205699621093 -0.001132356306829979 1.0084234168103483 -0.4625234602478968
81 1.0080266206584134 0.00034937851031760416 -5.12444729298274 -0.00034937851031760416 1.0080266206584134 -0.7683785008428206
82 1.0087731548456094 -7.175234087156085e-05 -4.999057215423452 7.175234087156085e-05 1.0087731548456094 -1.0190798755598571
83 1.0066505862094028 0.0004557351906635137 -4.058164898115613 -0.0004557351906635137 1.0066505862094028 -0.4290545679341057
84 1.007164634790428 0.000985026100093408 -4.459529567808524 -0.000985026100093408 1.007164634790428 0.09392975242095086
85 1.0070523272308898 0.0006693741806362377 -4.619536108581276 -0.0006693741806362377 1.0070523272308898 0.10857554275181083
86 1.0062118754577702 0.00023703373797614847 -4.043852072814392 -0.00023703373797614847 1.0062118754577702 -0.21907660247959002
87 1.0042616155868713 0.0002472963854802094 -2.5315342290630487 -0.0002472963854802094 1.0042616155868713 -0.07583138784902953
88 1.0036357342986506 0.00030484864552925953 -2.1020525819376696 -0.00030484864552925953 1.0036357342986506 -0.0097595298762191
89 1.0028848536603243 0.00018775935999545702 -1.8836041392403529 -0.00018775935999545702 1.0028848536603243 -0.2833069083092509
90 1.0016006315543826 0.00019296216607234424 -1.0111096176783845 -0.00019296216607234424 1.0016006315543826 0.0595547030153977
91 1.0006565265241 0.0002613926785148459 -0.3016440487555685 -0.0002613926785148459 1.0006565265241 0.14908065302826423
92 0.9993780445131015 0.00025661604952673805 0.5101956632949689 -0.00025661604952673805 0.9993780445131015 0.225329082971774
93 0.999328588958323 0.0001104479379356819 0.5918501542862237 -0.0001104479379356819 0.999328588958323 1.2376729261967525
94 0.9998414033247143 0.00010869210662616061 0.1926979237709331 -0.00010869210662616061 0.9998414033247143 1.857773113485926
95 0.9995004537200067 0.00022827702262175105 0.2334398910178932 -0.00022827702262175105 0.9995004537200067 0.7132284069970649
96 0.9997397980906686 0.00015912045292207187 0.4571131792211413 -0.00015912045292207187 0.9997397980906686 -0.3419384049528535
97 1.0003458889827923 0.00022740408059554375 0.01828116575599914 -0.00022740408059554375 1.0003458889827923 0.3535924266865641
98 0.9999530376031394 0.0001383413613424203 -0.01846021136787547 -0.0001383413613424203 0.9999530376031394 -0.12251412163839609
99 0.9997722052882361 0.00012988570516689557 0.406328482191206 -0.00012988570516689557 0.9997722052882361 -0.07521707547587436
100 0.9996188614163038 0.0002467476035091838 0.25450941416211387 -0.0002467476035091838 0.9996188614163038 0.47089216935535155
101 0.999500835408302 0.00010647665166099524 0.48379948155019187 -0.00010647665166099524 0.999500835408302 -0.11540308065742358
102 0.9997553649019054 0.00013671617518817045 0.2904400162801062 -0.00013671617518817045 0.9997553649019054 0.09649915511044511
103 0.9996756818994967 0.00052627826322235 0.23273118953593164 -0.00052627826322235 0.9996756818994967 0.43418111512091073
104 0.9999154756808879 0.0002870701184745222 0.18765933672742077 -0.0002870701184745222 0.9999154756808879 -0.008016866448171515
105 0.9998140135145334 0.00015433305570629322 0.2633248424876925 -0.00015433305570629322 0.9998140135145334 0.10340660174251182
106 0.9998205420807001 6.43747523261796e-05 0.26459563299947697 -6.43747523261796e-05 0.9998205420807001 0.11333240739467955
107 0.9993040267694052 0.0002166880208128985 0.7460967751610655 -0.0002166880208128985 0.9993040267694052 0.24555109312654574
108 0.9995721635742427 0.00012247281243947766 0.42115157754671795 -0.00012247281243947766 0.9995721635742427 0.12853721789065015
109 0.9995698589887774 0.00013033057236359853 0.5217257039324515 -0.00013033057236359853 0.9995698589887774 0.05599606163828333
110 0.9995355434375027 0.000212891171238015 0.5424610231931222 -0.000212891171238015 0.9995355434375027 0.2870139111676896
111 0.9994867966941278 0.00019471012013920957 0.47476785657902404 -0.00019471012013920957 0.9994867966941278 0.11094896948541018
112 0.9996693756500903 9.519751773603336e-05 0.3708679627274676 -9.519751773603336e-05 0.9996693756500903 0.048763008835100666
113 0.9996934910191205 0.0002487530517112097 0.29335953446732793 -0.0002487530517112097 0.9996934910191205 0.29070736844987466
114 0.9990458611260844 0.00032773933941511766 1.062729659960186 -0.00032773933941511766 0.9990458611260844 0.22186675846742926
115 0.9995546524765068 0.00025678782158789236 0.42257739079025597 -0.00025678782158789236 0.9995546524765068 0.19075613562727572
116 0.9995689807249172 0.00016649927270429309 0.3967531131989185 -0.00016649927270429309 0.9995689807249172 0.1342967419038831
117 0.9997631841615092 0.00018215472712520073 0.2555035732710124 -0.00018215472712520073 0.9997631841615092 0.11475063452171873
118 0.9998096021603343 0.00022944977601424782 0.16362636807944994 -0.00022944977601424782 0.9998096021603343 0.13380726825261094
119 0.9997803973596482 0.00026751322347515454 0.22774700837679143 -0.00026751322347515454 0.9997803973596482 0.12704727560580226
120 0.9996085716150858 0.00032067280869823526 0.40690072489787243 -0.00032067280869823526 0.9996085716150858 0.27235004485806913
121 0.9998459748381258 0.00021471711078872605 0.24859766017339413 -0.00021471711078872605 0.9998459748381258 0.10383946584662797
122 0.9999298749414212 9.754820626615831e-05 0.08555316623689814 -9.754820626615831e-05 0.9999298749414212 0.03885796653245335
123 0.9996455620452407 5.569825688831815e-05 0.20397868865588858 -5.569825688831815e-05 0.9996455620452407 0.12101552186088521
124 0.9998516649642722 0.00012808587594048595 0.16634417384034733 -0.00012808587594048595 0.9998516649642722 0.008312328021071798
125 0.9998574702501504 0.0001253736276556133 0.08258985141826887 -0.0001253736276556133 0.9998574702501504 0.09544483277347823
126 0.9997252174663722 0.00020247364490184137 0.17275298784011645 -0.00020247364490184137 0.9997252174663722 0.11223183443870015
127 1.0000634882006252 -1.3419865096039072e-05 -0.0018306270557874177 1.3419865096039072e-05 1.0000634882006252 -0.036797627704078996
128 0.999881182169081 0.00011769764600705657 0.09444641615259794 -0.00011769764600705657 0.999881182169081 0.07462322796916307
129 1.0001222503757756 2.6058148849201316e-05 0.05263605648088751 -2.6058148849201316e-05 1.0001222503757756 -0.06705655758326784
130 1.0001590943097913 0.00010782021771192124 -0.06765169662022502 -0.00010782021771192124 1.0001590943097913 0.10616541280551824
131 1.0000623356073575 1.5161738235456624e-05 0.04108151883374875 -1.5161738235456624e-05 1.0000623356073575 -0.05757417555399966
132 1.0000791439807306 6.507952519251149e-05 -0.04995502547942909 -6.507952519251149e-05 1.0000791439807306 0.007535218233542315
133 0.9999570330088028 -3.1164516402047427e-06 0.13523393961058172 3.1164516402047427e-06 0.9999570330088028 0.009415796365564652
134 0.999911654751789 6.790819838452582e-05 0.16822545053787305 -6.790819838452582e-05 0.999911654751789 0.009648612272931484
135 1.0000107165865109 6.046041778653147e-05 0.009292830518635222 -6.046041778653147e-05 1.0000107165865109 0.0617059110566284
136 1.000034947681553 6.581803469385571e-06 0.06676885311531512 -6.581803469385571e-06 1.000034947681553 -0.06124038005627407
137 0.9999418037293621 3.897626843671109e-05 0.06437691981868321 -3.897626843671109e-05 0.9999418037293621 0.03047071253522094
138 0.9999624176922614 2.8111158280550866e-05 0.09407256787009641 -2.8111158280550866e-05 0.9999624176922614 0.017055726567004808
139 1.0000911302865985 -2.8296823978444925e-05 0.023126459036763476 2.8296823978444925e-05 1.0000911302865985 -0.07842072789872809
140 1.0000919523367218 3.04458552967751e-05 -0.03830946893386795 -3.04458552967751e-05 1.0000919523367218 0.06008388395022303
141 1.0000238098596475 1.8610732212960795e-05 -0.009648147237583261 -1.8610732212960795e-05 1.0000238098596475 -0.04403223150998976
142 0.9999193285477541 -5.221173092078969e-06 0.11936838753008884 5.221173092078969e-06 0.9999193285477541 0.020513215573531363
143 0.9998991675738398 0.00013459173652166756 0.13829494413499352 -0.00013459173652166756 0.9998991675738398 0.08433140497932706
144 0.9999558022968741 -5.161869526563071e-05 0.07684719532040296 5.161869526563071e-05 0.9999558022968741 -0.08242964021635103
145 0.9999912523776865 6.137530955563376e-05 0.016987848681219275 -6.137530955563376e-05 0.9999912523776865 0.0868937195962814
146 0.9999799555131212 -4.8790790672881774e-05 0.03711916676297359 4.8790790672881774e-05 0.9999799555131212 -0.09742946338133626
147 0.9999648820189979 1.8691668405734997e-05 0.04430986963177967 -1.8691668405734997e-05 0.9999648820189979 0.04223235372249119
148 0.9999766742292014 6.142556036041255e-05 0.06963688396796475 -6.142556036041255e-05 0.9999766742292014 0.046264551164074116
149 1.0000031338651865 -6.117919488265674e-06 0.014707536037744051 6.117919488265674e-06 1.0000031338651865 -0.056244001607502474
150 0.9999624922136826 4.437258626022722e-05 0.05940859833658896 -4.437258626022722e-05 0.9999624922136826 0.08069136365579666
151 0.9999679473520892 -8.219615735031027e-06 0.07382292000509376 8.219615735031027e-06 0.9999679473520892 -0.08250931518609793
152 0.9999798866751072 6.153852757194653e-05 0.03839596379811931 -6.153852757194653e-05 0.9999798866751072 0.07799904414336807
153 0.9999773204135567 1.1542725971591823e-05 0.03857776255332079 -1.1542725971591823e-05 0.9999773204135567 -0.005186571190600001
154 1.0000039123665265 2.2767206536565608e-05 0.01761600008031793 -2.2767206536565608e-05 1.0000039123665265 -0.010148450376447167
155 0.9999900199801315 8.243407886431017e-06 0.0556169434425675 -8.243407886431017e-06 0.9999900199801315 0.033992568106048664
156 0.9999988711003672 3.936800476540648e-05 0.004373076219042822 -3.936800476540648e-05 0.9999988711003672 -0.015177395303858147
157 1.0000129294282278 -4.395217415937743e-06 0.01387419348003859 4.395217415937743e-06 1.0000129294282278 -0.0008539788680986119
158 0.9999977241626973 3.171342505473812e-05 0.025294866846474556 -3.171342505473812e-05 0.9999977241626973 0.04364647088483213
159 1.0000038686909691 -1.065190178210031e-05 -0.0013265680562859264 1.065190178210031e-05 1.0000038686909691 -0.07271710960289698
160 1.0000002621064572 1.7980335722202866e-05 0.0068362974950603545 -1.7980335722202866e-05 1.0000002621064572 0.0894108904946084
161 1.0000159442283996 2.216211245773505e-05 0.010908452133293002 -2.216211245773505e-05 1.0000159442283996 -0.052471346315468306
162 1.0000336865157042 1.4686066201802152e-06 0.024515403365709128 -1.4686066201802152e-06 1.0000336865157042 0.014576032069562133
163 1.0000070097259142 7.235133694295727e-05 -0.015202949571275881 -7.235133694295727e-05 1.0000070097259142 0.05901550222624452
164 1.0000109836311801 -3.871473925247603e-05 0.007307605061227518 3.871473925247603e-05 1.0000109836311801 -0.08774960011044435
165 1.0000167102014692 5.302955331571401e-05 -0.01799664074835417 -5.302955331571401e-05 1.0000167102014692 0.10367926776319322
166 1.0000332357116088 -2.0292804968354067e-05 -0.0010923511508882811 2.0292804968354067e-05 1.0000332357116088 -0.08042055004310426
167 1.0000613732716868 6.926215004767858e-05 0.005420307978123835 -6.926215004767858e-05 1.0000613732716868 0.048772855075121704
168 1.0000100674785641 3.1824570505559656e-05 -0.0035666579018772153 -3.1824570505559656e-05 1.0000100674785641 0.04852507403254927
169 0.9999883534233401 2.525271998095267e-05 0.0010002573696065546 -2.525271998095267e-05 0.9999883534233401 -0.062217253728269875
170 1.0000376664419564 6.341995532933738e-05 -0.019852538177060508 -6.341995532933738e-05 1.0000376664419564 0.07517041959619118
171 1.0000507066346664 1.2384275372237134e-06 -0.00148554740223086 -1.2384275372237134e-06 1.0000507066346664 -0.055264448821150766
172 1.0000313008565476 6.769169701723734e-05 -0.021349263268079215 -6.769169701723734e-05 1.0000313008565476 0.04913316659033356
173 1.0000378500948686 2.1417589403919116e-05 -0.01228795072223725 -2.1417589403919116e-05 1.0000378500948686 0.033537705363408714
174 1.0000276806552835 4.5437120168374124e-05 -0.021684228807484 -4.5437120168374124e-05 1.0000276806552835 -0.04270105416432444
175 1.0000368690278183 3.076307908440233e-05 0.0017224433810503416 -3.076307908440233e-05 1.0000368690278183 0.0702875278055107
176 1.0000551652353942 8.430303920853482e-05 -0.01666940893021545 -8.430303920853482e-05 1.0000551652353942 0.007831569362482856
177 1.0000780804065683 2.3792973731747013e-06 -0.020981364853634773 -2.3792973731747013e-06 1.0000780804065683 -0.031218680100181223
178 1.0001098818514638 7.097162817335659e-05 -0.026760982117848966 -7.097162817335659e-05 1.0001098818514638 0.0842870104819879
179 1.000128089191829 3.7306422741514386e-05 -0.03989618011756352 -3.7306422741514386e-05 1.000128089191829 -0.051662569142408514
180 1.0000890633172015 2.0907002911653095e-05 -0.008563372684902537 -2.0907002911653095e-05 1.0000890633172015 0.06608198768961716
181 1.0000786549601584 0.0001135483604987522 -0.03022975119525731 -0.0001135483604987522 1.0000786549601584 0.029475346427203918
182 1.0000659136388526 3.2711568279395335e-05 -0.00233883104402423 -3.2711568279395335e-05 1.0000659136388526 -0.03191695213087512
183 1.0000629350227923 0.00012060349011032026 -0.0189267413037949 -0.00012060349011032026 1.0000629350227923 0.09942137794682725
184 1.0000742522578139 3.0102154295357965e-05 -0.003855732160938645 -3.0102154295357965e-05 1.0000742522578139 -0.045325527735243634
185 0.9999819603886172 0.00010414728239002512 0.035126242575435396 -0.00010414728239002512 0.9999819603886172 0.08371793221158152
186 1.0001402825973602 6.942496633126252e-05 -0.022389919037925837 -6.942496633126252e-05 1.0001402825973602 0.0023005628810005563
187 1.000025823061039 8.583509606606037e-05 0.03215975305790033 -8.583509606606037e-05 1.000025823061039 0.018262916474904918
188 1.0001073482011087 4.48763083206965e-05 0.0017462419151071957 -4.48763083206965e-05 1.0001073482011087 0.05417347634588273
189 1.0000262676754248 2.6330573823860312e-05 0.036399146655923476 -2.6330573823860312e-05 1.0000262676754248 -0.054301488743043136
190 1.0000678666398464 0.00010810293934926096 0.013680924356030527 -0.00010810293934926096 1.0000678666398464 0.08071597852658498
191 0.9999928223978378 2.1354240294954276e-05 0.04729437000394557 -2.1354240294954276e-05 0.9999928223978378 0.01684176794878227
192 1.0000173614487615 1.6326106899913074e-05 0.03560845959171849 -1.6326106899913074e-05 1.0000173614487615 -0.03791560493348147
193 1.0000237543468615 -1.9175853381958854e-05 0.07895315118725617 1.9175853381958854e-05 1.0000237543468615 0.06705178732689465
194 1.0000919446114742 2.3478141581734266e-05 0.03564659364526464 -2.3478141581734266e-05 1.0000919446114742 -0.03140092431348099
195 1.0000058172202848 1.0218492029252856e-05 0.09095605225528172 -1.0218492029252856e-05 1.0000058172202848 0.016140711944228864
196 0.9999441094316448 0.00010136720191662981 0.07017156245133296 -0.00010136720191662981 0.9999441094316448 0.07676169287495828
197 0.9999983255095211 7.448241775087663e-05 0.09624853873603831 -7.448241775087663e-05 0.9999983255095211 -0.024177005309092475
198 0.9999502601163771 1.7178699294902546e-05 0.13841737321160374 -1.7178699294902546e-05 0.9999502601163771 0.08906600385103776
199 1.0000203821665028 5.314257501671866e-05 0.10548833918527638 -5.314257501671866e-05 1.0000203821665028 -0.011057126688974272
200 1.0000650990828424 -9.198472892604411e-06 0.11522409618757506 9.198472892604411e-06 1.0000650990828424 -0.005103811103283861
201 0.9999266135230797 7.907967210463211e-05 0.18287997310852458 -7.907967210463211e-05 0.9999266135230797 0.09036930774066926
202 0.999815638883215 1.0997999545063605e-05 0.23357084474559953 -1.0997999545063605e-05 0.999815638883215 -0.042087652506716214
203 1.0000379541594666 4.41120133185529e-05 0.11941887895840031 -4.41120133185529e-05 1.0000379541594666 0.07742863822759607
204 1.0000369756876175 6.398491094845107e-05 0.12827853701692163 -6.398491094845107e-05 1.0000369756876175 0.0033816492760753974
205 1.000113516522205 7.5227473741349155e-06 0.056657612988815796 -7.5227473741349155e-06 1.000113516522205 -0.020050919471051226
206 1.0000925715494942 8.614749230083215e-05 0.03639723499853011 -8.614749230083215e-05 1.0000925715494942 0.08787197520144752
207 1.0000462028032713 1.822205523696262e-05 0.07192265773167925 -1.822205523696262e-05 1.0000462028032713 -0.04701497102661216
208 1.0000971043232925 9.10774962413211e-05 0.045441891607384204 -9.10774962413211e-05 1.0000971043232925 0.05970447734205589
209 1.000233249144037 1.421430186641985e-05 -0.03254444501394035 -1.421430186641985e-05 1.000233249144037 -0.023272619564167617
210 1.000252697338428 3.517696771083875e-05 -0.0528103762470237 -3.517696771083875e-05 1.000252697338428 -0.05208379111960342
211 1.000063186780095 8.25932219953347e-06 0.009102201773984157 -8.25932219953347e-06 1.000063186780095 0.047605520473071115
212 0.9999023995784108 5.485815879513013e-05 0.049628998450943124 -5.485815879513013e-05 0.9999023995784108 -0.010941661835834157
213 1.0004430764257077 3.7974163536387854e-05 -0.16502879254914282 -3.7974163536387854e-05 1.0004430764257077 -0.0382772997187284
214 1.000308323901046 8.097786810890083e-05 -0.1229014802809297 -8.097786810890083e-05 1.000308323901046 0.011963972469134394
215 1.0003147706473836 5.712660544079834e-06 -0.0984490727797262 -5.712660544079834e-06 1.0003147706473836 -0.09408058083196301
216 1.0002955462907002 6.635311351214126e-05 -0.12824983598413142 -6.635311351214126e-05 1.0002955462907002 0.058569180732119634
217 1.0002389473064912 -4.3475975947067925e-05 -0.10043719735844991 4.3475975947067925e-05 1.0002389473064912 -0.12248889874803312
218 1.000205741737141 -0.00012333701057003584 -0.03961060236766877 0.00012333701057003584 1.000205741737141 -0.05255351841422105
219 1.000419119570645 7.300822705371053e-05 -0.20155639301727393 -7.300822705371053e-05 1.000419119570645 -0.013314429903375447
220 1.000298701546231 -7.016995653983474e-05 -0.09184858776231111 7.016995653983474e-05 1.000298701546231 -0.13291337043253865
221 1.0002914992331198 6.348940322482616e-05 -0.15041836009115603 -6.348940322482616e-05 1.0002914992331198 0.05142020279385463
222 1.0002158652329343 -4.939597406733867e-05 -0.0737000310962651 4.939597406733867e-05 1.0002158652329343 -0.10362764978685743
223 1.0000363408099056 4.020836224955963e-05 -0.024043923035134238 -4.020836224955963e-05 1.0000363408099056 0.0366579312660563
224 1.0001454975008839 3.705379359687765e-05 -0.06786045334135138 -3.705379359687765e-05 1.0001454975008839 0.005910512424363329
225 1.0003309800322902 1.606437129303055e-05 -0.13791723030298952 -1.606437129303055e-05 1.0003309800322902 -0.09170200722059046
226 1.0002584498881302 9.510135653567185e-06 -0.09736760322904282 -9.510135653567185e-06 1.0002584498881302 0.026957025258481697
227 1.0003942925528566 -1.9113590863720125e-05 -0.1757108903193927 1.9113590863720125e-05 1.0003942925528566 -0.12146216296469688
228 1.0002469497185418 3.367874139692401e-05 -0.10491718596169677 -3.367874139692401e-05 1.0002469497185418 -0.013966545679565845
229 1.0000898240370546 1.5436773232665128e-05 -0.0367088384737842 -1.5436773232665128e-05 1.0000898240370546 0.018650671153115788
230 1.0001471030872424 -2.3575593364110766e-05 -0.0535871901458715 2.3575593364110766e-05 1.0001471030872424 -0.08464002145428366
231 1.0001070878850598 -9.102867734683412e-07 -0.06210995095654053 9.102867734683412e-07 1.0001070878850598 0.03002212064036935
232 1.0001048163507593 1.6948117014465247e-05 -0.04548694256868214 -1.6948117014465247e-05 1.0001048163507593 -0.046710087353535636
233 1.000029842645258 -5.978819749639489e-05 0.0171207655476116 5.978819749639489e-05 1.000029842645258 -0.03013711420521214
234 1.0000267626578938 6.0661207471723735e-05 -0.025140498119436964 -6.0661207471723735e-05 1.0000267626578938 0.04920282263688379
235 1.0001006288615273 -3.698332179278008e-05 -0.030807232391377115 3.698332179278008e-05 1.0001006288615273 -0.11740153380529306
236 0.9999975702595857 1.6607951685518452e-05 0.0025099459183417494 -1.6607951685518452e-05 0.9999975702595857 0.0838516800842762
237 1.0000272413571123 -2.3247389731246925e-05 -0.010977785267819616 2.3247389731246925e-05 1.0000272413571123 -0.05153714001335906
238 1.00001985669237 -3.709299321609683e-05 0.003536597956950123 3.709299321609683e-05 1.00001985669237 -0.02169260944942898
239 1.0000715245540635 2.766104363918154e-05 -0.020126924625582368 -2.766104363918154e-05 1.0000715245540635 0.056606735379440935
240 1.0000018913330846 -5.0827974755334405e-05 0.008676097743098313 5.0827974755334405e-05 1.0000018913330846 -0.09589251863253334
241 1.0000084965296372 5.5628623526001274e-06 0.0029025933997474107 -5.5628623526001274e-06 1.0000084965296372 0.07061664134013555
242 1.0000669359476113 -0.00010942648884366176 -0.02395808970479693 0.00010942648884366176 1.0000669359476113 -0.09167000464689758
243 1.0000638620076199 -5.4994967715181624e-05 -0.012622877266023905 5.4994967715181624e-05 1.0000638620076199 -0.028461833926407724
244 1.000028781250026 -4.963924518981752e-05 0.0022413411264113545 4.963924518981752e-05 1.000028781250026 0.018852417736263324
245 1.0000238773844712 1.3933413353941032e-05 -0.010696401096968266 -1.3933413353941032e-05 1.0000238773844712 -0.058586761323736594
246 1.0000433599187413 6.761951960048833e-06 -0.02301926973653655 -6.761951960048833e-06 1.0000433599187413 0.03778274122812422
247 1.000055473991637 2.250604620233197e-05 -0.033225678557595235 -2.250604620233197e-05 1.000055473991637 -0.014478110098565238
248 1.000063494157377 1.1475716603736075e-06 -0.028136569616612043 -1.1475716603736075e-06 1.000063494157377 -0.03648094473182095
249 1.000033779723396 2.5099919080517507e-05 -0.02499189692830022 -2.5099919080517507e-05 1.000033779723396 0.05518515260421791
250 1.0000146307595543 9.798094393322328e-06 -0.026064251536159485 -9.798094393322328e-06 1.0000146307595543 -0.07054446958213234
251 1.0000074901120948 -1.0498686258711042e-05 -0.0068133818941373174 1.0498686258711042e-05 1.0000074901120948 0.04317516765157214
252 0.9999840319414334 5.742715108679606e-05 -0.024302282483205585 -5.742715108679606e-05 0.9999840319414334 0.017429679779945494
253 1.000008480682657 -4.4356194858635026e-05 0.022935003457047888 4.4356194858635026e-05 1.000008480682657 -0.06131783864056031
254 0.9999763539911216 6.258693207383895e-05 -0.014862032408162973 -6.258693207383895e-05 0.9999763539911216 0.11395718265013685
255 0.9999786959660394 -4.9952651143747616e-05 0.026584851497148506 4.9952651143747616e-05 0.9999786959660394 -0.10966644215291307
256 0.9999859840052231 5.102269377060168e-05 -0.008582893025122992 -5.102269377060168e-05 0.9999859840052231 0.08446985455708685
257 1.0000015517890637 -8.535162653646276e-06 0.005469734281863854 8.535162653646276e-06 1.0000015517890637 -0.02460888421641374
258 0.9999977264807819 -2.8051279030492135e-05 0.0015848597986861219 2.8051279030492135e-05 0.9999977264807819 -0.03203344304114633
259 1.00000169671394 4.8529869887960406e-05 -0.02103574543895096 -4.8529869887960406e-05 1.00000169671394 0.0810955406343506
260 1.000003503363423 -4.9610016165967444e-05 -0.0012502421530635026 4.9610016165967444e-05 1.000003503363423 -0.097483137403526
261 0.9999885100841228 2.065988485704789e-05 -0.007518792320582713 -2.065988485704789e-05 0.9999885100841228 0.05454183722402447
262 1.000014488712007 -3.738655302934949e-05 -0.025508621467150674 3.738655302934949e-05 1.000014488712007 -0.012652899746756673
263 1.0000021756233386 3.030387856019274e-05 -0.01587858505539768 -3.030387856019274e-05 1.0000021756233386 -0.034595525959876236
264 1.0000083269272182 3.2501382791935796e-05 -0.024207366530375175 -3.2501382791935796e-05 1.0000083269272182 0.07779154382261602
265 1.000031314234435 -1.463521284196792e-05 -0.04067840802788844 1.463521284196792e-05 1.000031314234435 -0.062205951430845556
266 1.0000320646442118 -3.943769942726485e-05 -0.024224369564843785 3.943769942726485e-05 1.0000320646442118 -0.019310922306865326
267 1.0000237005104493 4.638442767192039e-05 -0.04337941303101951 -4.638442767192039e-05 1.0000237005104493 0.037268849573873795
268 1.0000271045329252 -1.3193014287701983e-05 -0.0457140109138922 1.3193014287701983e-05 1.0000271045329252 -0.07564420787244217
269 1.0000300577280468 -1.8725523012969852e-06 -0.03974711673000733 1.8725523012969852e-06 1.0000300577280468 0.04844868797690961
270 1.0000381460713423 2.8065192481405146e-05 -0.04585504154551431 -2.8065192481405146e-05 1.0000381460713423 -0.02163527054192538
271 0.9999999270134089 -4.44433753430211e-05 0.0010422064730241877 4.44433753430211e-05 0.9999999270134089 -0.0536756340328096
272 0.9999932526864005 6.002399285544503e-05 -0.017767018331618013 -6.002399285544503e-05 0.9999932526864005 0.09409066506092434
273 1.0000084161580933 -7.476280325935786e-05 0.007546354985177968 7.476280325935786e-05 1.0000084161580933 -0.11361766596930384
274 1.0000280874107539 4.662365577367976e-05 -0.03715404644377285 -4.662365577367976e-05 1.0000280874107539 0.09465600593550075
275 1.0000386600560929 -1.5692979405445252e-05 -0.052853216656085784 1.5692979405445252e-05 1.0000386600560929 -0.05240076378793222
276 1.000035781328011 1.051218218813514e-05 -0.04208144372298641 -1.051218218813514e-05 1.000035781328011 0.00047666187307785694
277 1.0000478806226045 1.9605754568635398e-05 -0.07358361640238265 -1.9605754568635398e-05 1.0000478806226045 0.05267564051354253
278 1.0000668490696956 8.800050049538439e-07 -0.07684387359925673 -8.800050049538439e-07 1.0000668490696956 -0.06784898517283736
279 1.0000480892785995 1.84319324445319e-05 -0.0605499543778788 -1.84319324445319e-05 1.0000480892785995 0.05865633437535865
280 1.0000720969324972 -3.2016762370415e-05 -0.08596109546537002 3.2016762370415e-05 1.0000720969324972 -0.048559387052271016
281 1.0000580474075353 4.305799706938482e-05 -0.08658449695285676 -4.305799706938482e-05 1.0000580474075353 0.009212587595926528
282 1.000046152941032 -9.627692299301854e-06 -0.07134331670628301 9.627692299301854e-06 1.000046152941032 0.03103115531572395
283 1.0000544024287952 -2.0207272288002666e-05 -0.07882565756360335 2.0207272288002666e-05 1.0000544024287952 -0.0769522150712169
284 1.0000450738578184 -3.168432769764616e-05 -0.05604398261507428 3.168432769764616e-05 1.0000450738578184 0.0482866040475188
285 1.000050269103668 2.6230953244917362e-05 -0.09551394693903427 -2.6230953244917362e-05 1.000050269103668 -0.006806329378140175
286 1.0000753202649197 -4.276004596073427e-05 -0.07643942903757255 4.276004596073427e-05 1.0000753202649197 -0.050489158567836284
287 1.0000734023798292 4.630954998600573e-05 -0.11626696405131295 -4.630954998600573e-05 1.0000734023798292 0.08519437282184684
288 1.000090600379827 -4.5101831992720473e-05 -0.09265539619728468 4.5101831992720473e-05 1.000090600379827 -0.1092306857269188
289 1.0000810839770486 5.154883822224874e-05 -0.12634948848423858 -5.154883822224874e-05 1.0000810839770486 0.10688205365530173
290 1.0000831930730585 -4.63499454092477e-06 -0.10263596947697004 4.63499454092477e-06 1.0000831930730585 -0.05606201869813789
291 1.0000986863214578 -3.949277237445416e-06 -0.12213935027640761 3.949277237445416e-06 1.0000986863214578 -0.006797359310125071
292 1.0000804491912532 7.734324819306837e-05 -0.12404160053540383 -7.734324819306837e-05 1.0000804491912532 0.08463149321711166
293 1.000066383574092 -3.563089667616702e-05 -0.08650851062422277 3.563089667616702e-05 1.000066383574092 -0.1052567382106242
294 1.0000644455493568 7.971441382106546e-05 -0.09588103598292401 -7.971441382106546e-05 1.0000644455493568 0.12431566905917732
295 1.0000498336735064 -3.35887901029622e-05 -0.06786682355105644 3.35887901029622e-05 1.0000498336735064 -0.06983445072448535
296 1.0000735329595118 2.9910104039178575e-05 -0.09325767155251292 -2.9910104039178575e-05 1.0000735329595118 0.017060440474600688
297 1.0000659076995517 -1.0012251125182104e-06 -0.0710777435601536 1.0012251125182104e-06 1.0000659076995517 0.02816267238217446
298 1.0000463360668257 8.623889210620162e-06 -0.05707904053534909 -8.623889210620162e-06 1.0000463360668257 -0.036876726454696224
299 1.0000076805335152 2.0533142204129733e-05 -0.015660874871256003 -2.0533142204129733e-05 1.0000076805335152 0.07074186057245775
300 1.0000014670670765 -2.5083763381448314e-07 -0.005601467164153704 2.5083763381448314e-07 1.0000014670670765 -0.010518734377543953
301 0.999953864101257 2.9150071536937917e-05 0.05032749249181296 -2.9150071536937917e-05 0.999953864101257 0.015140790227921317
302 0.9999520160029856 1.948373604521639e-05 0.05436004498268452 -1.948373604521639e-05 0.9999520160029856 0.094955022896025
303 0.9998792566177027 2.790851029868645e-05 0.11935421315119141 -2.790851029868645e-05 0.9998792566177027 -0.02016652484738695
304 0.9999022503146225 -3.0395502720626652e-05 0.13085252012022766 3.0395502720626652e-05 0.9999022503146225 0.05626468655745008
305 0.999939488239942 4.875875662331773e-05 0.060561462884376964 -4.875875662331773e-05 0.999939488239942 0.04506533654885492
306 0.9999684093162239 -3.751464696584434e-05 0.04880199895261569 3.751464696584434e-05 0.9999684093162239 -0.06150236998243004
307 1.0000396987461837 4.688521850349068e-05 -0.04516381290072811 -4.688521850349068e-05 1.0000396987461837 0.09536197172190214
308 1.0000513525354506 -1.2682837639341183e-05 -0.04746839998458405 1.2682837639341183e-05 1.0000513525354506 -0.0748294166226432
309 1.0000628872992412 2.5431595574537625e-06 -0.05382853735537045 -2.5431595574537625e-06 1.0000628872992412 0.023009961925071473
310 1.0001273898048053 9.41972636921797e-06 -0.13983259486570712 -9.41972636921797e-06 1.0001273898048053 0.009770840363037754
311 1.0000940467962887 -2.581172727754534e-05 -0.10264303379841017 2.581172727754534e-05 1.0000940467962887 -0.0739918500067083
312 1.000152828598998 5.739601594619183e-05 -0.1710953336812795 -5.739601594619183e-05 1.000152828598998 0.08543675715874739
313 1.000152450931121 -3.080671445344578e-05 -0.16414855585916402 3.080671445344578e-05 1.000152450931121 -0.08647031372291968
314 1.0001783078541804 5.5730149496191654e-05 -0.2169942472726631 -5.5730149496191654e-05 1.0001783078541804 0.033313897551596534
315 1.0002229352147853 -1.0795645002399767e-05 -0.24418780058570638 1.0795645002399767e-05 1.0002229352147853 -0.003655786549744604
316 1.0002481284553533 1.472288890337764e-05 -0.25771465975009283 -1.472288890337764e-05 1.0002481284553533 -0.0767031959429442
317 1.0002880154893412 5.137565334446968e-06 -0.3194227321444512 -5.137565334446968e-06 1.0002880154893412 0.019486885649328482
318 1.0002530675114853 1.8593877952330417e-05 -0.2809563857706228 -1.8593877952330417e-05 1.0002530675114853 -0.04578219853629341
319 1.0003476581244044 3.584819990288674e-05 -0.362536005724257 -3.584819990288674e-05 1.0003476581244044 -0.02343355816122586
320 1.00035156787368 5.067808216799861e-05 -0.3860968174074174 -5.067808216799861e-05 1.00035156787368 0.03729190203215177
321 1.000345987966707 1.0563103696918877e-05 -0.32574471364696966 -1.0563103696918877e-05 1.000345987966707 -0.09868947018456374
322 1.0003411127538817 1.127999681580212e-05 -0.3592849119036623 -1.127999681580212e-05 1.0003411127538817 0.032779082053565035
323 1.000288577889907 3.0905070890589355e-05 -0.30179751205478894 -3.0905070890589355e-05 1.000288577889907 -0.03667973326975721
324 1.0003558946222058 -7.21592718900996e-05 -0.3508429751594118 7.21592718900996e-05 1.0003558946222058 -0.09298343421445497
325 1.000320044764678 8.391939137387342e-05 -0.3354730862619646 -8.391939137387342e-05 1.000320044764678 0.06868235893161494
326 1.0003325431959942 -5.535390026000067e-05 -0.26683442533353474 5.535390026000067e-05 1.0003325431959942 -0.1422181188010095
327 1.0001498698913343 4.014452537977857e-05 -0.14958057734041347 -4.014452537977857e-05 1.0001498698913343 0.0875324074533235
328 1.0001183958149997 -2.7669148348292054e-05 -0.11211735398910694 2.7669148348292054e-05 1.0001183958149997 -0.05737127098885767
329 1.0002060570465812 -2.1833088793165247e-05 -0.18006151271386744 2.1833088793165247e-05 1.0002060570465812 -0.051968897478884536
330 1.0001479597981449 7.652356799988706e-05 -0.19856166272808096 -7.652356799988706e-05 1.0001479597981449 0.08862925203447813
331 1.0001293212233242 8.431398142819221e-06 -0.12209899111374387 -8.431398142819221e-06 1.0001293212233242 -0.06457720038881914
332 1.0000993978655928 0.00010036546272040255 -0.08543838225690101 -0.00010036546272040255 1.0000993978655928 0.10521707000435691
333 0.9999066206484133 1.1128122599286957e-05 0.11939457770920973 -1.1128122599286957e-05 0.9999066206484133 -0.01990353103984932
334 0.9999458979299888 8.718020799312975e-05 0.10552341565432195 -8.718020799312975e-05 0.9999458979299888 0.062209718318712935
335 0.9999123289833729 2.2504365406807317e-05 0.1441824096438429 -2.2504365406807317e-05 0.9999123289833729 0.08052997822125611
336 0.9998695222675342 0.00012832800020941198 0.14425214881753856 -0.00012832800020941198 0.9998695222675342 0.0553798655602018
337 0.9998982277561415 4.9368229273591044e-06 0.14493248417903684 -4.9368229273591044e-06 0.9998982277561415 0.06710018786720569
338 1.0000421559170538 0.0001266741541863213 -0.0533751818217302 -0.0001266741541863213 1.0000421559170538 0.08252061628835891
339 1.000043319038463 -3.7871224109899455e-07 -0.019551297342876472 3.7871224109899455e-07 1.000043319038463 -0.023337615725750684
340 1.0001159170903497 6.968664751759532e-07 -0.10307702302884875 -6.968664751759532e-07 1.0001159170903497 0.05497810240309007
341 1.0002311203122147 5.4728124152478244e-05 -0.22915300009121353 -5.4728124152478244e-05 1.0002311203122147 -0.03329986523076789
342 1.0001634235154888 -0.00010728537109842338 -0.14395470505966526 0.00010728537109842338 1.0001634235154888 -0.07266508349497211
343 1.0000130187196399 1.423045412973433e-05 -0.03911041281925984 -1.423045412973433e-05 1.0000130187196399 0.0009312425927138941
344 1.000016961618053 -5.599212817743296e-05 -0.005367863078417301 5.599212817743296e-05 1.000016961618053 -0.08473255475494162
345 0.9999987245227567 9.216278653022245e-05 -0.024471896461871517 -9.216278653022245e-05 0.9999987245227567 0.128395801439041
346 1.0001075119791165 -0.0001570734565505545 -0.0778202267704527 0.0001570734565505545 1.0001075119791165 -0.20336948980306346
347 1.0000331053243317 -9.41643625149577e-05 -0.017210210249201427 9.41643625149577e-05 1.0000331053243317 -0.05524847527111498
348 1.000070045756712 -1.8085259396598833e-05 -0.039769120462181194 1.8085259396598833e-05 1.000070045756712 -0.0026656696959391976
349 1.0000207739643099 -3.032652764420753e-05 0.004180436560493201 3.032652764420753e-05 1.0000207739643099 -0.06884097294992704
350 1.0000117366791972 3.3453821773736075e-05 -0.005304867278580552 -3.3453821773736075e-05 1.0000117366791972 0.06554007403565193
351 1.0000091452445565 -6.785437041525364e-05 0.006657869107156961 6.785437041525364e-05 1.0000091452445565 -0.07860871571874334
352 1.00001157783944 1.4434874509262705e-05 -0.00949123137183276 -1.4434874509262705e-05 1.00001157783944 0.021168423484358573
353 1.0000237350330041 -1.4176717257987844e-05 -0.01000443682321073 1.4176717257987844e-05 1.0000237350330041 0.015417229747355989
354 1.0000115762740636 -2.0511857013967744e-06 -0.005940672090372448 2.0511857013967744e-06 1.0000115762740636 -0.06566390206893451
355 1.0000072235806325 2.8129091849537885e-05 -0.009476722979338815 -2.8129091849537885e-05 1.0000072235806325 0.068261510987738
356 0.9999806334171555 2.7151661526704565e-05 -0.0007142185490530053 -2.7151661526704565e-05 0.9999806334171555 -0.006822159684817013
357 0.9999888866808874 2.5908656592986443e-05 0.00834161953045428 -2.5908656592986443e-05 0.9999888866808874 -0.024554775454724155
358 1.0000187039860586 5.272032758274788e-05 -0.019471450176224522 -5.272032758274788e-05 1.0000187039860586 0.10080567683545402
359 0.9999961146857705 1.4636360369571207e-06 -0.015441990239927011 -1.4636360369571207e-06 0.9999961146857705 -0.08534865698156932
360 1.0000047840584756 -1.1577483837986536e-05 0.0008342626054632617 1.1577483837986536e-05 1.0000047840584756 0.04016547248258702
361 1.0000285233690376 3.45191546736726e-05 -0.022440483163772475 -3.45191546736726e-05 1.0000285233690376 0.013505898971491846
362 1.0000274422931816 -5.6448194149044456e-05 -0.0003079769485880582 5.6448194149044456e-05 1.0000274422931816 -0.0802541006957566
363 1.000081567874635 5.2560689781051543e-05 -0.022213595932338466 -5.2560689781051543e-05 1.000081567874635 0.08892611747002738
364 1.0000159968683016 -3.471642349142258e-05 -0.01809890370139235 3.471642349142258e-05 1.0000159968683016 -0.09790999543037379
365 1.0000433301624463 9.476877310927488e-06 -0.014863588469189788 -9.476877310927488e-06 1.0000433301624463 0.05447834736098142
366 1.0000295515466644 7.681684568956043e-06 -0.008932230220543402 -7.681684568956043e-06 1.0000295515466644 -0.00755528469701533
367 1.0000336865133184 8.441717021265573e-06 -0.015553044440340755 -8.441717021265573e-06 1.0000336865133184 -0.04151504918958936
368 1.0000112266640835 4.8216780795406805e-05 -0.01921547638521154 -4.8216780795406805e-05 1.0000112266640835 0.08176646473098133
369 1.0000983915666946 -2.2146829487361062e-05 -0.035838574427541 2.2146829487361062e-05 1.0000983915666946 -0.0940436403697019
370 1.0000564346464238 4.689844788724005e-05 -0.03134458462955969 -4.689844788724005e-05 1.0000564346464238 0.05262264588175078
371 0.9999899826721511 -2.82025080039247e-05 0.010791416972709768 2.82025080039247e-05 0.9999899826721511 -0.012878574945834843
372 1.0000812328255735 2.350289402024006e-05 -0.042074307850963194 -2.350289402024006e-05 1.0000812328255735 -0.05933124513847116
373 1.0000227069720762 -1.520848617783907e-05 0.0019859641669312013 1.520848617783907e-05 1.0000227069720762 0.06649392936902242
374 1.0000331106597296 8.26894785458923e-06 -0.023031522997045827 -8.26894785458923e-06 1.0000331106597296 -0.07118881050052048
375 0.9999955475113348 -2.6398747990886806e-05 0.006475061150860054 2.6398747990886806e-05 0.9999955475113348 0.01811403127200429
