0 1.0 0.0 0.0 0.0 1.0 0.0
1 1.0731583792382837 0.0022915040963431407 -34.81652613459349 -0.0022915040963431407 1.0731583792382837 -12.121630933469339
2 1.073960629621921 0.004345216657912287 -32.587807819876474 -0.004345216657912287 1.073960629621921 -10.064257338418166
3 1.0807674232089801 0.003715944814439987 -34.72100198011956 -0.003715944814439987 1.0807674232089801 -12.086195383041055
4 1.0331072516030027 -0.0027191452900841508 -17.976298875340493 0.0027191452900841508 1.0331072516030027 -7.455269330578803
5 1.0383822238202787 -0.005881907592872764 -19.742917020895153 0.005881907592872764 1.0383822238202787 -8.772258182026437
6 1.053742236890229 -0.000723160427895975 -26.503888626918858 0.000723160427895975 1.053742236890229 -8.706068642624988
7 1.0349247357325848 -0.001250931566715644 -19.3562617894723 0.001250931566715644 1.0349247357325848 -5.413967669499507
8 1.0307083915599473 0.00033701279832975916 -17.113542341488216 -0.00033701279832975916 1.0307083915599473 -3.5014684016394506
9 1.0317340037659826 -0.0008408695047542732 -17.80975359936232 0.0008408695047542732 1.0317340037659826 -4.766516773387789
10 1.0364039647769683 -0.0003827717242453404 -20.610540022325335 0.0003827717242453404 1.0364039647769683 -4.683322936684243
11 1.0308620823478667 0.0003317786127679694 -16.825715802945254 -0.0003317786127679694 1.0308620823478667 -4.516533629011274
12 1.0324400507026237 0.0019990918944979177 -18.15846611698495 -0.0019990918944979177 1.0324400507026237 -4.104449636460884
13 1.0334107252693292 0.00012386021082917784 -18.551364341407133 -0.00012386021082917784 1.0334107252693292 -6.16283843629089
14 1.03595963203387 0.0005111665286161129 -20.46967282663874 -0.0005111665286161129 1.03595963203387 -6.447495067277214
15 1.0366984042445722 -0.0002654565099285335 -20.853124093953888 0.0002654565099285335 1.0366984042445722 -7.141574198476168
16 1.0379327124442386 0.0008351645754184472 -21.949207513695676 -0.0008351645754184472 1.0379327124442386 -6.4251067026484305
17 1.0394244049470471 0.0001462065846347619 -22.536335735439263 -0.0001462065846347619 1.0394244049470471 -6.741954230096755
18 1.0376731150085343 0.0022725255655355082 -21.659958114740796 -0.0022725255655355082 1.0376731150085343 -5.2704539895244755
19 1.0372280437226447 0.0015338672394199294 -20.925772915921776 -0.0015338672394199294 1.0372280437226447 -5.503158382434275
20 1.0370861220909033 0.001865922730662769 -21.455456508100458 -0.001865922730662769 1.0370861220909033 -3.618739021524852
21 1.039530308621247 0.0003388733692984054 -22.42306865191918 -0.0003388733692984054 1.039530308621247 -6.815222255340458
22 1.040415365780231 0.001764570688181777 -22.809963845959505 -0.001764570688181777 1.040415365780231 -6.745199317588711
23 1.041694603532074 0.0008329365055159792 -23.811095004134497 -0.0008329365055159792 1.041694603532074 -7.455819624155859
24 1.0421574297575833 0.002275412838836604 -23.755859430193716 -0.002275412838836604 1.0421574297575833 -5.876890750141333
25 1.0462923675291975 0.0012061865470967116 -25.0855495777483 -0.0012061865470967116 1.0462923675291975 -6.857240016998675
26 1.0422699504307222 0.0011014711209863075 -23.45548655251053 -0.0011014711209863075 1.0422699504307222 -6.076443513194752
27 1.043634880174813 0.00042245335634480624 -24.57886865035304 -0.00042245335634480624 1.043634880174813 -6.708591316233756
28 1.0412466398278837 -0.00030340877062678474 -22.689662767587343 0.00030340877062678474 1.0412466398278837 -6.647184465956853
29 1.0410253223513437 0.0001894389449119632 -22.593797453583207 -0.0001894389449119632 1.0410253223513437 -7.433448409830836
30 1.0467300299996771 -0.001280222950069576 -26.541818952490328 0.001280222950069576 1.0467300299996771 -8.959956984558438
31 1.0495021111426082 0.001103841889567699 -25.206734958173808 -0.001103841889567699 1.0495021111426082 -8.113198500815258
32 1.0401805805046545 -0.0007911078330094757 -23.016177262869284 0.0007911078330094757 1.0401805805046545 -6.447614889603931
33 1.0410039484248692 0.0008724525790865686 -22.786637607350286 -0.0008724525790865686 1.0410039484248692 -4.66290556596848
34 1.0426931638615142 -3.058498114026165e-05 -25.034620250585615 3.058498114026165e-05 1.0426931638615142 -5.952422395708908
35 1.0318941086429467 0.000403731069353437 -17.158630469348505 -0.000403731069353437 1.0318941086429467 -4.597245839951292
36 1.027081208485674 -0.000487472462937023 -14.676840215334845 0.000487472462937023 1.027081208485674 -4.806059904678582
37 1.0383172201384414 -0.000518977489501426 -20.542264452666238 0.000518977489501426 1.0383172201384414 -7.296210265614444
38 1.0325974558637556 -0.0020963665432974345 -17.6408689608358 0.0020963665432974345 1.0325974558637556 -6.303238891566922
39 1.036418008018398 -0.0007270611755533877 -17.678667617678546 0.0007270611755533877 1.036418008018398 -5.4872023666445395
40 1.037111750140586 -0.00017545815346353775 -18.16309879624874 0.00017545815346353775 1.037111750140586 -5.4336119204782385
41 1.0228473106779752 -0.0004280626209157174 -13.002848713631003 0.0004280626209157174 1.0228473106779752 -3.260964502028084
42 1.0317099994535275 0.00020212711188564666 -17.33583029830903 -0.00020212711188564666 1.0317099994535275 -4.306580157156144
43 1.0275379685355768 -0.000860667833284942 -15.239390090020969 0.000860667833284942 1.0275379685355768 -4.648347876236152
44 1.0309102225625937 -0.0009688319312344293 -17.310494281992263 0.0009688319312344293 1.0309102225625937 -5.481555743407805
45 1.0273860809789195 0.0002085403355969812 -15.275341432857962 -0.0002085403355969812 1.0273860809789195 -3.8449264452758714
46 1.0304665100240558 -0.0007702373484804422 -17.096752482827583 0.0007702373484804422 1.0304665100240558 -4.364931149741568
47 1.0288677467252032 0.00011902863061697468 -16.52314139021114 -0.00011902863061697468 1.0288677467252032 -3.3525236307955
48 1.0298920689150257 -0.00032345792076124945 -16.688845583435707 0.00032345792076124945 1.0298920689150257 -4.831604407429845
49 1.0277723656631363 -0.0006391595253580759 -15.136017416829873 0.0006391595253580759 1.0277723656631363 -6.130719932478016
50 1.0311313263679809 -0.000766608451105124 -16.940287208032167 0.000766608451105124 1.0311313263679809 -5.9051628815737125
51 1.03168293902663 -0.0008637894121985211 -17.434518026512727 0.0008637894121985211 1.03168293902663 -5.449779290860376
52 1.028880944937364 9.750913631262355e-06 -15.607735035327341 -9.750913631262355e-06 1.028880944937364 -4.596559515892819
53 1.0338819810429754 0.00023354734350695093 -18.871263275187843 -0.00023354734350695093 1.0338819810429754 -5.594834470434861
54 1.0274758709018927 0.0003805700321506953 -15.19317881960356 -0.0003805700321506953 1.0274758709018927 -4.231461428350157
55 1.029567378493128 0.0018936345534044533 -16.07184556965667 -0.0018936345534044533 1.029567378493128 -4.103484271677566
56 1.0301474304781997 0.0007205786767079201 -16.913024249552148 -0.0007205786767079201 1.0301474304781997 -5.239463791830317
57 1.0323684921834089 0.0006924991450216139 -18.038393509821745 -0.0006924991450216139 1.0323684921834089 -5.295350046747675
58 1.0286952146502284 0.0016496629444828813 -15.623979510856433 -0.0016496629444828813 1.0286952146502284 -3.7262543083616726
59 1.0263109369541925 0.0013576275967105555 -14.241685414441594 -0.0013576275967105555 1.0263109369541925 -4.426682601954596
60 1.0336776101865754 -6.621418859153799e-05 -18.937896422855825 6.621418859153799e-05 1.0336776101865754 -6.348235925445161
61 1.0244493607771128 0.0007935876938608835 -12.560717932872954 -0.0007935876938608835 1.0244493607771128 -4.388185252564141
62 1.0325711329951834 0.0002013931591175167 -17.200558556896993 -0.0002013931591175167 1.0325711329951834 -5.7105453341740775
63 1.0295004911538146 0.0004060041984431104 -15.002525890445845 -0.0004060041984431104 1.0295004911538146 -4.490694214123306
64 1.030055165880863 -0.0005907154495499809 -15.564889927550055 0.0005907154495499809 1.030055165880863 -4.074841413206379
65 1.0322633874137104 0.0009874956651797213 -16.589003323407976 -0.0009874956651797213 1.0322633874137104 -4.161526505461827
66 1.0368817152414596 -0.00013828974341411585 -19.559301787083612 0.00013828974341411585 1.0368817152414596 -6.183729324309889
67 1.033807759793203 0.001362993755608228 -16.9463487758445 -0.001362993755608228 1.033807759793203 -4.853126334751695
68 1.0254235100510345 0.00038180308962882954 -13.326547548873542 -0.00038180308962882954 1.0254235100510345 -4.377355212668862
69 1.0219639526365614 0.0004061572927032705 -12.021622356269074 -0.0004061572927032705 1.0219639526365614 -3.3705191191742423
70 1.0268592447139306 -0.00034356492517417586 -15.113825047005895 0.00034356492517417586 1.0268592447139306 -4.519979760810866
71 1.0230835356752754 -0.00055391258948348 -12.706274602275442 0.00055391258948348 1.0230835356752754 -4.276787768568105
72 1.0227916769132535 0.00010668937328947067 -12.294207546750298 -0.00010668937328947067 1.0227916769132535 -3.860473412540846
73 1.025850290367008 0.00047389871054937557 -13.93119277102187 -0.00047389871054937557 1.025850290367008 -3.6531730999163594
74 1.02671974410183 0.00022521008519403476 -13.998439288292966 -0.00022521008519403476 1.02671974410183 -4.2274156077658125
75 1.0213307918888346 0.00011988931816804657 -11.377069953241636 -0.00011988931816804657 1.0213307918888346 -3.9334089666185554
76 1.0260511075256658 0.00010943348290361169 -13.666804917416759 -0.00010943348290361169 1.0260511075256658 -4.322171729070913
77 1.0254258830878098 0.0007684869493179948 -12.992119369380356 -0.0007684869493179948 1.0254258830878098 -3.803917945910411
78 1.02645747796855 0.0002671942479967235 -13.546751933198859 -0.0002671942479967235 1.02645747796855 -3.773373900564537
79 1.0313304736398197 0.00011654380789507114 -16.516367219170622 -0.00011654380789507114 1.0313304736398197 -4.556427116004688
80 1.0297860021066136 0.0006718449534134535 -15.324966793782346 -0.0006718449534134535 1.0297860021066136 -4.205809854654825
81 1.0307091315936123 0.00043964824990306737 -15.482733171902305 -0.00043964824990306737 1.0307091315936123 -5.007026276461596
82 1.0325004954921202 0.000419698754916765 -16.4534738430252 -0.000419698754916765 1.0325004954921202 -5.274473104086489
83 1.0298402502467123 -0.00010834466419006645 -15.686246833544114 0.00010834466419006645 1.0298402502467123 -4.832352825166713
84 1.029183917816653 -0.000305048140265952 -15.47933323094448 0.000305048140265952 1.029183917816653 -4.919105261285842
85 1.038515338775137 0.0009084360356515926 -18.086105898125115 -0.0009084360356515926 1.038515338775137 -6.371876016301854
86 1.033177532515338 0.00045187793544711625 -16.91218695822682 -0.00045187793544711625 1.033177532515338 -5.588523424973985
87 1.0342731834784062 0.0005269513315846065 -17.24441502674423 -0.0005269513315846065 1.0342731834784062 -5.559278890936946
88 1.0296997300765933 -0.0004245908191572118 -15.755950177607899 0.0004245908191572118 1.0296997300765933 -4.726678808066414
89 1.0305939514743994 -0.00017300174247689707 -16.80254714109369 0.00017300174247689707 1.0305939514743994 -4.9994514977770255
90 1.0357015908840868 0.0002830847583944868 -17.89410607547031 -0.0002830847583944868 1.0357015908840868 -5.997219003448366
91 1.0414963283639618 0.0006697066499456557 -19.72523667594318 -0.0006697066499456557 1.0414963283639618 -6.678399165847021
92 1.034473043901937 0.0006410760495872795 -17.735344923707977 -0.0006410760495872795 1.034473043901937 -5.280144057499178
93 1.0335850746387887 0.0012287449302006586 -17.599381548981796 -0.0012287449302006586 1.0335850746387887 -4.537059046451871
94 1.0365500563951924 0.001068015299988163 -19.295528265971527 -0.001068015299988163 1.0365500563951924 -4.8834470629962405
95 1.0267489038226048 -0.00043695950427230116 -15.880617333946184 0.00043695950427230116 1.0267489038226048 -4.51023724822906
96 1.038583008647936 0.0016789856521162397 -19.304669649311478 -0.0016789856521162397 1.038583008647936 -5.601321192603119
97 1.0248975234449471 0.0013793843501860407 -14.441478638900445 -0.0013793843501860407 1.0248975234449471 -3.291450655508562
98 1.022888398443463 0.0013514483375456163 -13.802122263968545 -0.0013514483375456163 1.022888398443463 -2.9595411719233833
99 1.0212583656477319 0.00017592905121363787 -13.198049497813392 -0.00017592905121363787 1.0212583656477319 -3.7849003347638606
100 1.0209019354287934 -0.0003322305637913842 -12.502976950402713 0.0003322305637913842 1.0209019354287934 -2.960593020190782
101 1.0194338782149974 7.267058565055056e-05 -11.934140912359297 -7.267058565055056e-05 1.0194338782149974 -2.276438077829311
102 1.0226716013383126 0.0005806469535051289 -13.585148283365454 -0.0005806469535051289 1.0226716013383126 -2.455255131109969
103 1.0214058272860547 -5.137343751255397e-05 -13.350055870479789 5.137343751255397e-05 1.0214058272860547 -2.1487490494492802
104 1.028849981093682 0.0004920045065108163 -16.009693906418015 -0.0004920045065108163 1.028849981093682 -4.083041005373747
105 1.0239654192414176 -0.0007770676592065217 -14.129598196098135 0.0007770676592065217 1.0239654192414176 -4.532627474544847
106 1.0199525043175426 -0.0008327540072569741 -12.217351049933928 0.0008327540072569741 1.0199525043175426 -4.492339905893031
107 1.02747665011109 7.60955366823849e-05 -15.023001078020911 -7.60955366823849e-05 1.02747665011109 -4.975376187026272
108 1.038059730375226 0.0016095317294451301 -18.043414785484007 -0.0016095317294451301 1.038059730375226 -5.362761591780824
109 1.0201119555971438 -0.0007995763044001674 -13.049359243178172 0.0007995763044001674 1.0201119555971438 -2.928467752845782
110 1.0214827280749674 -0.0015206184416477254 -13.917498670426065 0.0015206184416477254 1.0214827280749674 -4.016926973265885
111 1.0196352788615655 -0.0008779130490130876 -12.576422709406613 0.0008779130490130876 1.0196352788615655 -4.021521843568723
112 1.0240808203916534 -0.0012517084485123234 -15.722747497662976 0.0012517084485123234 1.0240808203916534 -4.829652138566502
113 1.0221859546010965 -0.00011027131911423623 -13.839540850196395 0.00011027131911423623 1.0221859546010965 -3.5143147371774743
114 1.0147276647740924 0.00029335582458605425 -9.83122590086295 -0.00029335582458605425 1.0147276647740924 -2.0728550221138495
115 1.016833705300096 -0.0005802836919766683 -10.596014747612186 0.0005802836919766683 1.016833705300096 -2.9038898053467426
116 1.0161484929243656 0.000263997259689336 -10.429215965058058 -0.000263997259689336 1.0161484929243656 -2.2256147101105874
117 1.0163052934246048 0.00013670507313780895 -10.415675627162214 -0.00013670507313780895 1.0163052934246048 -2.717438749860125
118 1.0176885226546757 0.0006648073877696089 -9.973569330705013 -0.0006648073877696089 1.0176885226546757 -2.5597991220313627
119 1.0183368308722296 0.0002876251649378751 -11.117626735596884 -0.0002876251649378751 1.0183368308722296 -2.579929549841906
120 1.0174367895411336 0.0007984970649957967 -8.956377256654612 -0.0007984970649957967 1.0174367895411336 -2.5185582489956513
121 1.014689520620429 0.00024623654127129454 -7.010687493023822 -0.00024623654127129454 1.014689520620429 -2.6086061248765273
122 1.0145543550247238 0.00039067309670648767 -6.495578826015234 -0.00039067309670648767 1.0145543550247238 -2.3801793923566272
123 1.0138189940227207 0.00010479374260278845 -5.709611737099982 -0.00010479374260278845 1.0138189940227207 -2.5069039966286617
124 1.0153600203526731 0.0001271559525968547 -6.939993768267794 -0.0001271559525968547 1.0153600203526731 -2.035485219936849
125 1.014879611737733 -0.00010422737899612122 -6.8074885589810785 0.00010422737899612122 1.014879611737733 -1.9365291125633357
126 1.01555584063916 -0.00016921587739921409 -7.727891367677596 0.00016921587739921409 1.01555584063916 -1.8962143427349865
127 1.015245561597097 -8.075616986873266e-05 -7.678062543823916 8.075616986873266e-05 1.015245561597097 -1.8193967987941453
128 1.014819823319481 0.0005535783576110023 -7.920613137847012 -0.0005535783576110023 1.014819823319481 -1.3776873267152845
129 1.0147328229821486 1.0593445771122311e-05 -7.987486690462387 -1.0593445771122311e-05 1.0147328229821486 -2.0120220112544214
130 1.0153952721611605 0.000516700524613233 -8.29733355105661 -0.000516700524613233 1.0153952721611605 -2.4957481755734796
131 1.0145837019778616 0.00025310232697839396 -7.9388927923037285 -0.00025310232697839396 1.0145837019778616 -2.935707532647165
132 1.0162099379464489 0.00022084133795551586 -8.573280990112488 -0.00022084133795551586 1.0162099379464489 -2.3574602294455196
133 1.0128318340129723 0.00041925580091705885 -6.790449276768993 -0.00041925580091705885 1.0128318340129723 -1.9846323449675134
134 1.0145388365578258 0.00034817280731229503 -8.185950111096693 -0.00034817280731229503 1.0145388365578258 -2.1370461786791446
135 1.0156213001198635 0.000184652556170432 -8.572395831441137 -0.000184652556170432 1.0156213001198635 -2.2951942216674013
136 1.0177788393160916 0.000750618210340577 -9.221478411729905 -0.000750618210340577 1.0177788393160916 -2.571159797828606
137 1.0141276302305766 0.00012388457891734296 -8.262825883810331 -0.00012388457891734296 1.0141276302305766 -2.403335360882254
138 1.0186712987391036 -0.00041496605528813357 -9.498416325660136 0.00041496605528813357 1.0186712987391036 -3.551665078769016
139 1.0197926705224238 0.00029853820243361614 -10.010350071139312 -0.00029853820243361614 1.0197926705224238 -3.5697270184964216
140 1.017236128365761 0.00023138199638770855 -9.917618741786976 -0.00023138199638770855 1.017236128365761 -2.6956192671714634
141 1.020615889742107 0.000827221186702042 -10.75433325701303 -0.000827221186702042 1.020615889742107 -2.6076985286064804
142 1.0238678661357214 0.0003742773188771526 -12.38032822739883 -0.0003742773188771526 1.0238678661357214 -4.088925199939964
143 1.0247326808679342 0.00047705069851089856 -11.970063406208261 -0.00047705069851089856 1.0247326808679342 -4.242266384232876
144 1.0217377363384559 0.0004301704633144356 -11.089865753874264 -0.0004301704633144356 1.0217377363384559 -3.8117462800785145
145 1.017769648267927 0.0002450249744357677 -9.765997402200014 -0.0002450249744357677 1.017769648267927 -3.397833063691824
146 1.0205505926806457 -0.00031041180974376555 -10.75812933825149 0.00031041180974376555 1.0205505926806457 -3.781261840254401
147 1.0175487098388436 -0.0003768989180976916 -9.764017238880228 0.0003768989180976916 1.0175487098388436 -3.018862226062276
148 1.0181207372377648 -0.00017381592475402036 -9.747419380617057 0.00017381592475402036 1.0181207372377648 -2.6796058193777137
149 1.0161614416567566 -0.0003832028512979434 -8.733019014389424 0.0003832028512979434 1.0161614416567566 -2.6594564548707247
150 1.0155157825140115 -0.00036868663974862936 -8.389348395651462 0.00036868663974862936 1.0155157825140115 -2.8482965964730744
151 1.01718761233318 -0.0008187335190342692 -8.485735798584512 0.0008187335190342692 1.01718761233318 -3.065033146222196
152 1.0167202057788969 -0.0003916890614729332 -8.26751915957739 0.0003916890614729332 1.0167202057788969 -2.608028465917286
153 1.014782033086746 -0.0010828612496391896 -6.926539828832748 0.0010828612496391896 1.014782033086746 -2.58030438878518
154 1.0158079246759208 -0.0012014343368119498 -7.232550021330692 0.0012014343368119498 1.0158079246759208 -2.9367338004866155
155 1.0167679118073412 -0.0005774572022003428 -7.95229264292732 0.0005774572022003428 1.0167679118073412 -2.8418872220481397
156 1.0153519681334566 -0.0001221937049355053 -7.342254827531942 0.0001221937049355053 1.0153519681334566 -2.4681446035395607
157 1.0150974877911731 0.0005776908164607907 -7.22892895295732 -0.0005776908164607907 1.0150974877911731 -2.4039023955129952
158 1.0169790274784694 -0.00034159631564737824 -8.373204181101508 0.00034159631564737824 1.0169790274784694 -3.3083408560946475
159 1.0163406660411176 1.5973856203434006e-06 -8.086702746035849 -1.5973856203434006e-06 1.0163406660411176 -2.501907654297829
160 1.0189164878581631 0.0002465647355597057 -9.913126748974737 -0.0002465647355597057 1.0189164878581631 -2.698696453027182
161 1.0178040675580822 -0.00027930143148777013 -9.747568886315946 0.00027930143148777013 1.0178040675580822 -2.743229190111171
162 1.0191249071193262 0.00023583758053203154 -10.287018379717209 -0.00023583758053203154 1.0191249071193262 -2.576898275805482
163 1.020378866458286 2.6083633824749075e-06 -10.929380859861748 -2.6083633824749075e-06 1.020378866458286 -2.9336907005699033
164 1.02137776758558 -9.359736289185123e-05 -11.594587640724002 9.359736289185123e-05 1.02137776758558 -3.3412841326357254
165 1.0219454128378826 -0.0001085334489897527 -11.944153214833495 0.0001085334489897527 1.0219454128378826 -3.2141912701339637
166 1.0245211223892654 0.00029257026332361375 -13.956273845018758 -0.00029257026332361375 1.0245211223892654 -3.670613324645622
167 1.0332540585346637 0.001986863222781778 -21.81000599208149 -0.001986863222781778 1.0332540585346637 -3.633911098587725
168 1.0198758115973612 0.0006541443388503145 -10.791600371600634 -0.0006541443388503145 1.0198758115973612 -2.2851755556783404
169 1.0225707600186893 0.0010166000472884122 -12.638695347167971 -0.0010166000472884122 1.0225707600186893 -2.8864787832006944
170 1.0218081131510919 0.0007153942708981033 -12.002166756922474 -0.0007153942708981033 1.0218081131510919 -3.0143096531485423
171 1.0253850686861166 -0.0006650221873326558 -14.779014643949733 0.0006650221873326558 1.0253850686861166 -5.156330028814368
172 1.026561630106342 -0.00065908661810432 -15.829706305574598 0.00065908661810432 1.026561630106342 -5.501569542960037
173 1.026872964713736 -0.00029963623937312943 -15.403554920398577 0.00029963623937312943 1.026872964713736 -5.017580876898498
174 1.0273156958257053 -0.000901299626249586 -16.063923707723657 0.000901299626249586 1.0273156958257053 -4.904694240509446
175 1.0258759992541469 -2.8554180107085093e-06 -14.660711332704278 2.8554180107085093e-06 1.0258759992541469 -4.252980546021615
176 1.026752249298607 0.0002334805471833558 -15.641456530785897 -0.0002334805471833558 1.026752249298607 -4.2351270669019785
177 1.0318742516748314 0.0002475960126568929 -20.348088510923084 -0.0002475960126568929 1.0318742516748314 -4.542407328104352
178 1.028725334700259 0.00033870746160189543 -17.758297468288482 -0.00033870746160189543 1.028725334700259 -4.585796827034392
179 1.0348962725410153 -0.00036620103042610703 -22.69269956680698 0.00036620103042610703 1.0348962725410153 -6.791124168161996
180 1.0284909311826143 0.0002307358390531973 -16.79511052882379 -0.0002307358390531973 1.0284909311826143 -6.188103259713575
181 1.0321757938718914 0.0001721935686040335 -19.980293278058813 -0.0001721935686040335 1.0321757938718914 -5.897054960913918
182 1.0270975531082016 0.00028003993442575264 -15.228825924395988 -0.00028003993442575264 1.0270975531082016 -3.9991914577117216
183 1.0243384678943526 0.0015987976392229217 -12.329816083188657 -0.0015987976392229217 1.0243384678943526 -2.075171817264394
184 1.028769163488023 0.0012396317669414211 -16.332960651350465 -0.0012396317669414211 1.028769163488023 -3.7807065159255497
185 1.0318177621271136 0.0015422398997871393 -18.99018437808237 -0.0015422398997871393 1.0318177621271136 -4.6038013497765435
186 1.0321231356841256 0.0006710472925562743 -18.871096804820592 -0.0006710472925562743 1.0321231356841256 -5.028620673439234
187 1.0365072173191006 0.0024608439627148335 -23.673758301646107 -0.0024608439627148335 1.0365072173191006 -3.6369287768734093
188 1.0313871736603222 0.0006774505367397794 -17.82815595794657 -0.0006774505367397794 1.0313871736603222 -4.232845498044211
189 1.03370283331883 0.0011678298363053193 -19.53469792061259 -0.0011678298363053193 1.03370283331883 -4.536225169772361
190 1.0346640757702783 0.0016403519452351393 -20.157044284719937 -0.0016403519452351393 1.0346640757702783 -3.3314652422847315
191 1.0303133576508705 0.0013322372021501512 -15.700272780858834 -0.0013322372021501512 1.0303133576508705 -3.321247932908721
192 1.0372334566095887 0.0011741960438145552 -21.654203792783434 -0.0011741960438145552 1.0372334566095887 -5.643823697040862
193 1.034347212085821 0.0005039797683027971 -19.726164139842115 -0.0005039797683027971 1.034347212085821 -5.791055163923155
194 1.0292868110329223 -0.0011355533739488225 -13.227862511638103 0.0011355533739488225 1.0292868110329223 -4.962777727853163
195 1.0379107465840567 -0.001698977663454395 -21.36610950614341 0.001698977663454395 1.0379107465840567 -7.183210717510921
196 1.018811206994453 -0.0031358576709670126 -10.07039046780381 0.0031358576709670126 1.018811206994453 -5.639350454670995
197 1.0315845268550081 -0.0015816167198924997 -18.101234903416465 0.0015816167198924997 1.0315845268550081 -6.663649674050777
198 1.0206026326416218 -0.002244986301094509 -10.687610419817902 0.002244986301094509 1.0206026326416218 -4.649239970907433
199 1.017407769593975 -0.0011071879326749069 -10.140166496002532 0.0011071879326749069 1.017407769593975 -2.7365587257612525
200 1.0174151187613643 -0.00047207998706677253 -10.52374180014661 0.00047207998706677253 1.0174151187613643 -2.701144765355352
201 1.0168553567887282 -6.742248436897842e-05 -10.647079932527937 6.742248436897842e-05 1.0168553567887282 -3.512013373025188
202 1.0169319764230034 -0.0004764176857124901 -10.712562223452359 0.0004764176857124901 1.0169319764230034 -4.074399726668095
203 1.0207896093802222 0.0019355429854615294 -11.978136680668728 -0.0019355429854615294 1.0207896093802222 -3.3949074088423843
204 1.0194427535138753 -4.878581558466141e-05 -11.525577009484431 4.878581558466141e-05 1.0194427535138753 -2.7320437646039744
205 1.0193790482515463 0.002578127532531219 -12.124496226296177 -0.002578127532531219 1.0193790482515463 -1.3922066553085957
206 1.0213244621856752 0.0008630199038883859 -12.219034901222143 -0.0008630199038883859 1.0213244621856752 -4.465873349235485
207 1.0212710630257167 0.0006047016382220024 -12.281649097213212 -0.0006047016382220024 1.0212710630257167 -4.637607845467825
208 1.0209946788168451 -0.0012123368683729899 -12.08915843940967 0.0012123368683729899 1.0209946788168451 -3.037598841537991
209 1.0219558992693563 -0.0013775319178930966 -12.489860452703885 0.0013775319178930966 1.0219558992693563 -1.7544466241322816
210 1.0206358020011472 -0.0024383209787959366 -11.649701068046687 0.0024383209787959366 1.0206358020011472 -3.386206032533253
211 1.022870709325382 -0.0011884233865275986 -13.521451297463523 0.0011884233865275986 1.022870709325382 -4.677133968999498
212 1.0234193445029243 -0.0015058597933634912 -13.566831446465155 0.0015058597933634912 1.0234193445029243 -6.477166400233009
213 1.0231157211185604 -0.0011677487041769825 -13.294726895556133 0.0011677487041769825 1.0231157211185604 -5.894284359797217
214 1.0226594792458443 -0.00033811239795521436 -13.36765019955965 0.00033811239795521436 1.0226594792458443 -4.4881983445810345
215 1.0235885757782348 -0.00021799310248531113 -13.924639456371745 0.00021799310248531113 1.0235885757782348 -4.166299523561379
216 1.0314911221809437 -0.00044858845259583037 -18.252558071294438 0.00044858845259583037 1.0314911221809437 -4.903195582501839
217 1.0248173540485717 1.4425912284270139e-05 -14.384558863130716 -1.4425912284270139e-05 1.0248173540485717 -4.074951439817484
218 1.02741173239559 0.0004322807374439148 -16.41158709454585 -0.0004322807374439148 1.02741173239559 -3.7320780345943825
219 1.0243839158564854 0.0009422702278639318 -14.01630646023435 -0.0009422702278639318 1.0243839158564854 -2.242213461108774
220 1.03028525384317 0.0012941404197259019 -17.429502130781106 -0.0012941404197259019 1.03028525384317 -3.4865244569795366
221 1.0316909419238167 0.000718180771304599 -18.237675335682997 -0.000718180771304599 1.0316909419238167 -5.399676632942063
222 1.035278044296938 0.0015786134936091175 -20.868941874288772 -0.0015786134936091175 1.035278044296938 -5.735269277874202
223 1.0285582122870212 -0.0005362253595554319 -16.459690368554696 0.0005362253595554319 1.0285582122870212 -6.661380181376936
224 1.0395164404589452 0.0015299205369955758 -21.948848217702377 -0.0015299205369955758 1.0395164404589452 -6.271967611159522
225 1.0360593623355114 -0.0002879084712242939 -19.24733827623095 0.0002879084712242939 1.0360593623355114 -6.935376976987435
226 1.0380036963686468 0.0011999451467421649 -20.380746557738142 -0.0011999451467421649 1.0380036963686468 -6.607109544249351
227 1.0436424880081896 -8.904124299833564e-06 -25.27176404532757 8.904124299833564e-06 1.0436424880081896 -8.092355038627126
228 1.0411439788288555 -0.0005094502021835163 -23.076082284688248 0.0005094502021835163 1.0411439788288555 -6.685154165685219
229 1.0490160342933734 5.1924075854003376e-05 -27.322601402342823 -5.1924075854003376e-05 1.0490160342933734 -7.576199077307155
230 1.0421189332584335 0.0010734122692736777 -22.825665649526346 -0.0010734122692736777 1.0421189332584335 -7.208106081790887
231 1.0438697832187107 0.0006423201605241345 -23.418703989794942 -0.0006423201605241345 1.0438697832187107 -7.047713736759743
232 1.0469386853239615 0.0021689020308368777 -24.896176460811493 -0.0021689020308368777 1.0469386853239615 -5.164322630851427
233 1.0260712158480834 -0.002086785314490316 -16.287752593986706 0.002086785314490316 1.0260712158480834 -5.017793600852615
234 1.025610634581547 -0.0009131977652125029 -15.982576226610385 0.0009131977652125029 1.025610634581547 -6.775378332803535
235 1.0270969815581634 -0.0014557578934865627 -16.33345304352644 0.0014557578934865627 1.0270969815581634 -5.8377423875044885
236 1.016245773895259 -0.0005819058733767716 -11.442852761987346 0.0005819058733767716 1.016245773895259 -2.4974505518117036
237 1.0193156969914001 -0.0006703401867340498 -13.872781041463456 0.0006703401867340498 1.0193156969914001 -3.139463596956004
238 1.0159354448190976 0.0007383226376750866 -11.255456925949552 -0.0007383226376750866 1.0159354448190976 -2.932637919462651
239 1.0138914095482126 0.00019829611109263494 -9.794488519185048 -0.00019829611109263494 1.0138914095482126 -2.5474327998782216
240 1.0214510936558134 -0.00030962307039435357 -13.62783088056991 0.00030962307039435357 1.0214510936558134 -3.2687617127504525
241 1.0123977279435197 0.0002286845922641036 -9.100402842264963 -0.0002286845922641036 1.0123977279435197 -1.7481883069025588
242 1.0122772003453746 -0.00033716960903171743 -9.182656476449006 0.00033716960903171743 1.0122772003453746 -2.2165964659774584
243 1.0168185879565177 0.00011096683970168546 -11.705642303240452 -0.00011096683970168546 1.0168185879565177 -2.641137558278157
244 1.0191289970302138 -2.1433883474849874e-05 -12.952279757403195 2.1433883474849874e-05 1.0191289970302138 -3.502350131585723
245 1.0189896582845535 -0.0008899398682697323 -13.34849854880005 0.0008899398682697323 1.0189896582845535 -3.6355635562697968
246 1.0142333106980643 -0.0010441649034511316 -10.949902978640013 0.0010441649034511316 1.0142333106980643 -4.108003936250815
247 1.016956013088625 -0.0021891027276793704 -13.72426092494159 0.0021891027276793704 1.016956013088625 -3.6870599183893455
248 1.0181364635256247 -0.00010159817688559802 -13.263236611058213 0.00010159817688559802 1.0181364635256247 -1.5590420696167289
249 1.0186179921739331 -0.0008887576407882567 -14.699222516425316 0.0008887576407882567 1.0186179921739331 -2.6136560073063664
250 1.0176074063446932 0.0012013248482965326 -13.099163694255816 -0.0012013248482965326 1.0176074063446932 -3.123638860873535
251 1.0199625739843232 0.0004471813474777087 -14.390613947019904 -0.0004471813474777087 1.0199625739843232 -4.300140240084999
252 1.0186290532697038 0.0003438525970543509 -12.898478376115694 -0.0003438525970543509 1.0186290532697038 -3.431728045385472
253 1.0175137643307754 2.7337888106028388e-05 -12.36753669295413 -2.7337888106028388e-05 1.0175137643307754 -3.647585236396436
254 1.0049858941838712 0.0006194525569000408 -3.1684141154910193 -0.0006194525569000408 1.0049858941838712 -0.6177313885735048
255 1.0055769896884754 0.000775311864274217 -3.3560633534922646 -0.000775311864274217 1.0055769896884754 -0.16572093147943529
256 1.00631475974691 0.001783036778666914 -4.211448506584003 -0.001783036778666914 1.00631475974691 1.0953651625729794
257 1.0049697971710208 0.00218969868115329 -3.2709765035817853 -0.00218969868115329 1.0049697971710208 -0.19887951980709145
258 1.0084606727468863 0.002342862034077149 -5.857475106367414 -0.002342862034077149 1.0084606727468863 -3.913568077785174
259 1.010968187118803 -0.0007274921454566277 -7.049020331872988 0.0007274921454566277 1.010968187118803 -4.061541254897802
260 1.0193781855914714 -0.004507535308196604 -13.892538314439449 0.004507535308196604 1.0193781855914714 -2.9555247536579534
261 1.0321973959213648 -0.006166854823009723 -18.771400574900856 0.006166854823009723 1.0321973959213648 -7.032948283198178
262 1.0359954275175853 -0.003662669618877447 -20.269182412638223 0.003662669618877447 1.0359954275175853 -9.479227236331132
263 1.0341076779370295 -0.0019088713156884432 -19.74765044379298 0.0019088713156884432 1.0341076779370295 -8.315055572811273
264 1.0325971353149732 -0.002129461360942779 -19.422266800813556 0.002129461360942779 1.0325971353149732 -7.791315853923724
265 1.0232415415815137 -0.0013156743779447696 -16.992289466800692 0.0013156743779447696 1.0232415415815137 -4.406734039673114
266 1.0387273931237528 -0.002935135223363871 -23.139371227679348 0.002935135223363871 1.0387273931237528 -7.25005427846735
267 1.0184219148743077 -0.00012116625712748873 -12.901247369221101 0.00012116625712748873 1.0184219148743077 -2.722462445173453
268 1.0186846500257178 0.00035481274554438266 -13.562872813719157 -0.00035481274554438266 1.0186846500257178 -2.7264179167877676
269 1.0181257099299827 -0.0002206672662385051 -13.242409601766482 0.0002206672662385051 1.0181257099299827 -3.639518592984326
270 1.0377127763083964 -0.0006010696749504758 -21.552952099392275 0.0006010696749504758 1.0377127763083964 -6.425244998406604
271 1.0193056933759421 -0.0006392901120065124 -13.719656516838672 0.0006392901120065124 1.0193056933759421 -3.440711947546104
272 1.0364816399574357 -0.0019327324407654226 -20.437781862669638 0.0019327324407654226 1.0364816399574357 -6.821436998243149
273 1.0331006760168973 -0.0014169795679096768 -18.39098300608877 0.0014169795679096768 1.0331006760168973 -5.653238540339843
274 1.0419424648348585 -0.0011588438412419512 -23.402344929505944 0.0011588438412419512 1.0419424648348585 -7.196284782224516
275 1.0321855204357449 -0.0008129956594330095 -19.916402457851866 0.0008129956594330095 1.0321855204357449 -5.455035214178321
276 1.040529300070112 -0.0016830687509845764 -22.826300445428263 0.0016830687509845764 1.040529300070112 -7.031705392201192
277 1.0381526825515939 -0.0009894764339402323 -21.835496194859637 0.0009894764339402323 1.0381526825515939 -6.836292840847631
278 1.0483955288844353 -0.001428196762457156 -27.26450194113271 0.001428196762457156 1.0483955288844353 -8.470704541056316
279 1.0481513632831354 -0.001688552972766768 -27.21810163414902 0.001688552972766768 1.0481513632831354 -8.501914740568342
280 1.0492289210491499 -0.0011040880724480858 -28.175961810093494 0.0011040880724480858 1.0492289210491499 -7.912152726711501
281 1.05435551819948 -0.0011246792827075596 -30.50745390012995 0.0011246792827075596 1.05435551819948 -8.44050004696348
282 1.0107873840766524 -0.0001242164980089595 -7.79007801921811 0.0001242164980089595 1.0107873840766524 -1.6559594917259635
283 1.012436397680616 -0.0001062784777035523 -8.894268645196252 0.0001062784777035523 1.012436397680616 -2.402403923475296
284 1.0616921014235725 -0.0007439074692455703 -33.03830580638017 0.0007439074692455703 1.0616921014235725 -10.17019372458271
285 1.0146398319397545 -0.001054571009085588 -10.08365372761676 0.001054571009085588 1.0146398319397545 -2.8987481756763773
286 1.01721362168529 -0.00035319137090929057 -11.799922411787573 0.00035319137090929057 1.01721362168529 -3.1930500962397175
287 1.0131945822561823 7.635899331757045e-06 -8.979290541435192 -7.635899331757045e-06 1.0131945822561823 -2.7050632909465158
288 1.01593650679258 6.252063700522131e-05 -10.071117021522388 -6.252063700522131e-05 1.01593650679258 -3.240412503062921
289 1.0113928041632432 -0.00013738985329201335 -7.941687317783417 0.00013738985329201335 1.0113928041632432 -2.513842052523512
290 1.0131464313398268 -0.0008266516054073525 -9.17560726045555 0.0008266516054073525 1.0131464313398268 -3.2602585012844933
291 1.0179546680936717 -0.0005030652348689025 -11.73110256040112 0.0005030652348689025 1.0179546680936717 -3.7828337004990304
292 1.0141491009124401 -0.0005897436678786232 -10.006379241013988 0.0005897436678786232 1.0141491009124401 -2.7778630153332178
293 1.0231924816132818 -0.0015829900000444304 -15.14929559011012 0.0015829900000444304 1.0231924816132818 -3.8716191321176057
294 1.0134971718586294 -1.9022620250905526e-05 -9.591223785868603 1.9022620250905526e-05 1.0134971718586294 -1.3430213181171757
295 1.0161573452814832 -0.0013202706191568266 -11.17349315851651 0.0013202706191568266 1.0161573452814832 -2.9190271923257014
296 1.0151721876558377 -0.00021817544805980327 -11.026478944499074 0.00021817544805980327 1.0151721876558377 -3.7551050321827253
