0 1.0 0.0 0.0 0.0 1.0 0.0
1 1.0012828776372036 0.0003833850259653939 -0.5850807486383325 -0.0003833850259653939 1.0012828776372036 0.024088560062623856
2 1.0014627566986756 0.0002499589271525089 -0.5872970050353447 -0.0002499589271525089 1.0014627566986756 0.030926598692603505
3 1.001662621813583 0.00022737444571344163 -0.5496124768528503 -0.00022737444571344163 1.001662621813583 -0.048828349178071134
4 1.0018284371792345 0.00023242549122688856 -0.6030132283254628 -0.00023242549122688856 1.0018284371792345 0.05240653917304419
5 1.0020583689384452 0.0002181583440139222 -0.6839394566499704 -0.0002181583440139222 1.0020583689384452 0.14252742004036437
6 1.0025904684818392 0.00020566639503019862 -0.7331732208585593 -0.00020566639503019862 1.0025904684818392 0.43570579284517863
7 1.003243406483176 0.00036401246827505804 -0.9374604356989445 -0.00036401246827505804 1.003243406483176 0.8092045606844814
8 1.0026338605557241 0.00035209847249066586 -0.6999915186409152 -0.00035209847249066586 1.0026338605557241 0.7220817510266012
9 1.0047240883198254 0.000742147641045489 -1.3564323720259162 -0.000742147641045489 1.0047240883198254 -0.04932488147655977
10 1.0042167979339989 0.0006179042592039216 -1.0083821290130932 -0.0006179042592039216 1.0042167979339989 -0.5684586111775988
11 1.004786157379686 0.0006300137673052875 -1.2513760783160863 -0.0006300137673052875 1.004786157379686 -0.751172535893879
12 1.0054754737615244 0.0002516787998904457 -1.002174378771363 -0.0002516787998904457 1.0054754737615244 -0.9468926354183458
13 1.0058970891864938 -2.565845915915394e-05 -0.48697425213255163 2.565845915915394e-05 1.0058970891864938 -0.828384717365402
14 1.006536448975657 0.0006328699293540781 -0.37538052661678367 -0.0006328699293540781 1.006536448975657 -0.5699450966752423
15 1.0077773032554105 0.0014928493010916795 -0.4183966002226332 -0.0014928493010916795 1.0077773032554105 -0.6604562088951256
16 1.0076979936679475 0.0018371252204975983 0.0673043817056059 -0.0018371252204975983 1.0076979936679475 -0.35104400230461186
17 1.005621835141447 0.0009472400439193892 1.0481238711335514 -0.0009472400439193892 1.005621835141447 -0.28128691442125636
18 1.006048289220905 0.0004654764690142721 0.9215483060989272 -0.0004654764690142721 1.006048289220905 -0.871329219060123
19 1.0060023389155468 -0.0003728599720201032 1.1149229902798072 0.0003728599720201032 1.0060023389155468 -1.552245509968376
20 1.0058426635886237 -0.0014153099926646011 1.2913812297759084 0.0014153099926646011 1.0058426635886237 -2.516901000732369
21 1.0072876592308246 -0.0016520733420006142 0.9952767674278299 0.0016520733420006142 1.0072876592308246 -3.065097374461323
22 1.0081672625665934 -0.0003648283748379872 0.4902582363504747 0.0003648283748379872 1.0081672625665934 -2.290891568110673
23 1.0071717104005966 -0.000656421163102854 0.9885351874765639 0.000656421163102854 1.0071717104005966 -1.311649636565891
24 1.0074450208713954 0.001962238690456102 0.5742004110164947 -0.001962238690456102 1.0074450208713954 0.7800787299307783
25 1.0072775366290931 0.002129209082059107 0.3757031234036714 -0.002129209082059107 1.0072775366290931 0.4095644896905934
26 1.0074532168471757 0.0008557274789339543 -0.4318229420785001 -0.0008557274789339543 1.0074532168471757 -1.2895394519164245
27 1.0080070084852457 -0.001129777105486305 -0.9546041259061202 0.001129777105486305 1.0080070084852457 -2.5386571513440197
28 1.0083704850693538 6.556320541712042e-05 -2.8894802514533398 -6.556320541712042e-05 1.0083704850693538 -0.9278289371217541
29 1.0086905911310031 -0.0009560153461800349 -5.073029199632941 0.0009560153461800349 1.0086905911310031 -0.7751956469713382
30 1.0089723062733535 8.718698666064639e-05 -7.694616988440442 -8.718698666064639e-05 1.0089723062733535 0.9748779716560291
31 1.0092496542598146 -0.0022292022510747205 -10.02600230581487 0.0022292022510747205 1.0092496542598146 -1.6313398786813291
32 1.0091325170066674 -0.001387255545336647 -12.029031811800353 0.001387255545336647 1.0091325170066674 -2.4175491121380013
33 1.0105974887381726 -0.0014924220548131252 -14.53198447610955 0.0014924220548131252 1.0105974887381726 -3.558526101629374
34 1.0127760355877569 -0.0012250963133132765 -17.17140199890769 0.0012250963133132765 1.0127760355877569 -3.6542614416732326
35 1.0103615258752279 -0.0007517925299225831 -17.19505056832216 0.0007517925299225831 1.0103615258752279 -2.1386159853502553
36 1.0091395283105367 -0.0006825356522170685 -18.859122603808682 0.0006825356522170685 1.0091395283105367 -0.7039223200045911
37 1.010893849287507 0.0004292648495701284 -21.42553257139784 -0.0004292648495701284 1.010893849287507 -1.1716551069640038
38 1.0139939730657488 -0.0016285905705836826 -23.98440684456536 0.0016285905705836826 1.0139939730657488 -4.189166711753094
39 1.0153922956700745 -0.0033676704563602882 -24.81043156332768 0.0033676704563602882 1.0153922956700745 -6.349559577202151
40 1.0169944211044217 -0.006547737283982158 -25.968129081865204 0.006547737283982158 1.0169944211044217 -7.178935360880885
41 1.0105707956817571 -0.001959526714381756 -24.6715530492305 0.001959526714381756 1.0105707956817571 -1.344689417300837
42 1.0112160671331498 -0.0013024392524053803 -27.424473131759807 0.0013024392524053803 1.0112160671331498 -0.6208850274148133
43 1.0060728227239268 -0.001570502403346457 -27.825728305553667 0.001570502403346457 1.0060728227239268 -0.40079466672229525
44 1.0165471407592503 -0.0044675646192590054 -35.46110970762563 0.0044675646192590054 1.0165471407592503 -3.9699901768235106
45 1.0176311643315734 -0.004330587776601401 -39.11121803206409 0.004330587776601401 1.0176311643315734 -3.4554198636487916
46 1.0210928592229764 -0.0025257911453690574 -44.36997582582088 0.0025257911453690574 1.0210928592229764 -2.6804999445161943
47 1.010320157090487 -0.002464493485332242 -39.63075827729761 0.002464493485332242 1.010320157090487 -1.522169705889054
48 1.0185685559395703 -0.0017817949871022137 -47.34626293804663 0.0017817949871022137 1.0185685559395703 -3.0602876223642395
49 1.0263807651318393 -0.0042922897490256596 -53.45598040135504 0.0042922897490256596 1.0263807651318393 -7.309861920317435
50 1.029236442392193 -0.0019059101676376913 -56.29306995285269 0.0019059101676376913 1.029236442392193 -6.955369926219345
51 1.0309543614333443 -0.0030259426247569625 -57.24302153977055 0.0030259426247569625 1.0309543614333443 -7.425301679471969
52 1.0208929954755908 -0.0017451105946153635 -50.098659078738194 0.0017451105946153635 1.0208929954755908 -5.417304757251254
53 1.0394888347680773 -0.0038416176469040202 -62.80348290968612 0.0038416176469040202 1.0394888347680773 -8.981595603568039
54 1.0241605382726018 0.00010629128961499681 -53.863881506975105 -0.00010629128961499681 1.0241605382726018 -3.032775880859264
55 1.022571482555576 -0.002318050099582865 -52.58717196887617 0.002318050099582865 1.022571482555576 -3.9135742903544513
56 1.0198554099794617 -0.008486585941779746 -51.526560024436435 0.008486585941779746 1.0198554099794617 -6.596311921279236
57 1.0226262494010747 -0.011572456580390397 -53.318008539784095 0.011572456580390397 1.0226262494010747 -8.565179207694996
58 1.0195101774140656 -0.011746599548704962 -52.67838895907664 0.011746599548704962 1.0195101774140656 -7.9199866216904375
59 1.005195452479514 -0.0079718482171276 -43.62311293964859 0.0079718482171276 1.005195452479514 -4.633597682557667
60 1.0387378999101171 -0.00705641711787358 -65.52865090960402 0.00705641711787358 1.0387378999101171 -9.820203811059876
61 0.9775391009609417 -0.004966707014787987 -25.083284770842443 0.004966707014787987 0.9775391009609417 -4.9892315175930655
62 0.978978217631566 -0.007616319349492639 -25.593517948431902 0.007616319349492639 0.978978217631566 -5.5530942940581385
63 0.9897636277688057 -0.010241420533822428 -33.68324321720795 0.010241420533822428 0.9897636277688057 -6.735019632630303
64 1.023606231305243 0.0031186997544960003 -54.91330876363323 -0.0031186997544960003 1.023606231305243 1.256552698959184
65 1.0283931710855794 0.00035924929222586207 -56.012235928136754 -0.00035924929222586207 1.0283931710855794 -3.1370412387897817
66 1.032112517467929 0.0051748773882465075 -58.3858527313391 -0.0051748773882465075 1.032112517467929 -1.5376053501628015
67 1.0161548388478885 0.0050014250001866834 -46.019809206103105 -0.0050014250001866834 1.0161548388478885 -0.9159276844698708
68 1.0286292333636131 0.0023782087429684933 -48.746949454088906 -0.0023782087429684933 1.0286292333636131 -4.653697618131517
69 1.0226865921422092 -0.0039923489069793715 -41.241602835084436 0.0039923489069793715 1.0226865921422092 -7.709597590838458
70 1.0204827312046891 -0.0031068409422336856 -34.40425348909332 0.0031068409422336856 1.0204827312046891 -6.222988116798808
71 1.0288241685711277 0.004731828262185598 -38.004327655905236 -0.004731828262185598 1.0288241685711277 -0.3793588935138499
72 1.0249591115533432 0.003007854054630784 -32.408590970655176 -0.003007854054630784 1.0249591115533432 0.8690795555970414
73 1.027442299218205 0.0023051196118597083 -31.219997081059535 -0.0023051196118597083 1.027442299218205 0.4307481804402462
74 1.0267676026993415 -0.003684972905527522 -26.489108736298707 0.003684972905527522 1.0267676026993415 -5.284243139836745
75 1.027977838113718 -0.001881964281658641 -25.543655708453116 0.001881964281658641 1.027977838113718 -6.184146039216183
76 1.029582581849798 -0.0011375693396746284 -26.135231230904598 0.0011375693396746284 1.029582581849798 -4.655355426724511
77 1.029862122702447 0.0014453808053243617 -26.145514884198 -0.0014453808053243617 1.029862122702447 -3.3504063755265348
78 1.030517196686886 0.0011552401381105457 -24.689882189432694 -0.0011552401381105457 1.030517196686886 -3.0978935783861097
79 1.0283752365857088 0.0011019910577484886 -21.887546963552005 -0.0011019910577484886 1.0283752365857088 -4.096746009046068
80 1.0286215589334182 0.0012846173474500466 -20.44627203025933 -0.0012846173474500466 1.0286215589334182 -4.440568861827828
81 1.0306468355628244 -0.00012751022618677572 -20.779947477217057 0.00012751022618677572 1.0306468355628244 -5.610031279928651
82 1.0284871815085739 -0.002308223730693746 -19.70965990347784 0.002308223730693746 1.0284871815085739 -5.505327219393765
83 1.0305838761705328 -0.0022219727574705854 -20.111621653876988 0.0022219727574705854 1.0305838761705328 -5.549536143109637
84 1.030324532963407 0.0006893815733342726 -19.953649520593967 -0.0006893815733342726 1.030324532963407 -4.286563520793951
85 1.031657665743074 0.0016673009391145095 -19.291247718666522 -0.0016673009391145095 1.031657665743074 -3.930597653356323
86 1.0305492173455022 0.0008393518126859346 -18.14133908299394 -0.0008393518126859346 1.0305492173455022 -3.4257266311622
87 1.0323272157616885 0.001526076777817857 -18.80049471648927 -0.001526076777817857 1.0323272157616885 -3.0875749806473296
88 1.0323958605765613 0.00043544810282305124 -18.3060207825505 -0.00043544810282305124 1.0323958605765613 -3.7668546584675378
89 1.0351320510292596 0.0013864986013198421 -20.003369339121395 -0.0013864986013198421 1.0351320510292596 -4.280714582723925
90 1.0320340289810954 0.0021505027366369753 -18.703105493521967 -0.0021505027366369753 1.0320340289810954 -3.4825207829863207
91 1.0459431904742373 0.0078628417308162 -26.22218616024379 -0.0078628417308162 1.0459431904742373 -0.7601053050110671
92 1.03242150123786 0.002597818447002214 -18.456028021269397 -0.002597818447002214 1.03242150123786 -3.2575656453511534
93 1.0414070728636553 0.0025797095460621897 -24.218134555717636 -0.0025797095460621897 1.0414070728636553 -4.954507857786265
94 1.029378482687998 0.002021562187418319 -17.09051936013686 -0.002021562187418319 1.029378482687998 -3.884939560910275
95 1.02955421779861 9.074600886829831e-05 -16.717073469720194 -9.074600886829831e-05 1.02955421779861 -4.761369083133539
96 1.031532928170098 0.0020414578296168396 -17.863357315575378 -0.0020414578296168396 1.031532928170098 -2.9678622362935387
97 1.0310211528269193 0.0020911917910679226 -17.855748527813113 -0.0020911917910679226 1.0310211528269193 -3.303973201845925
98 1.0335509891912111 0.003869153395945054 -19.505741954909777 -0.003869153395945054 1.0335509891912111 -2.931167366579691
99 1.0410266259153036 0.009201502560248832 -24.07767364604621 -0.009201502560248832 1.0410266259153036 -0.43972141772714324
100 1.037027551899939 0.003100261244365958 -21.356082454788822 -0.003100261244365958 1.037027551899939 -4.389979053626136
101 1.0294196722552533 0.0016714772927713607 -17.769810788059047 -0.0016714772927713607 1.0294196722552533 -4.634227312769413
102 1.0287920153885557 0.0008092914241521528 -17.092637135231687 -0.0008092914241521528 1.0287920153885557 -4.434516670675161
103 1.0288006251021027 -0.00014478514822705794 -17.41955598079333 0.00014478514822705794 1.0288006251021027 -4.127802431042439
104 1.0304062607679043 -0.0012870150294561713 -17.862601189952354 0.0012870150294561713 1.0304062607679043 -3.7976985513197574
105 1.0352835232200635 0.0011842785470135703 -20.702820740048388 -0.0011842785470135703 1.0352835232200635 -3.026614333132482
