0 1.0 0.0 0.0 0.0 1.0 0.0
1 1.0326449075021074 -0.00022277803658606979 -17.563240033960785 0.00022277803658606979 1.0326449075021074 -6.4385639175053075
2 1.0356085169878413 -0.0005380299614533561 -19.485001242688927 0.0005380299614533561 1.0356085169878413 -5.439810743402983
3 1.0382177964807324 -0.0005384965014627631 -21.31136640573293 0.0005384965014627631 1.0382177964807324 -4.2909716326564356
4 1.0291346800959456 -0.000937477021088627 -15.956953303928941 0.000937477021088627 1.0291346800959456 -4.955362397501565
5 1.0221027253564396 -0.0011978365289170721 -12.488641985949192 0.0011978365289170721 1.0221027253564396 -4.187956555859812
6 1.030462455452404 0.0014269443996274497 -17.887802265177907 -0.0014269443996274497 1.030462455452404 -4.073072119630495
7 1.031903592802968 0.0010072540763668952 -18.02200492948234 -0.0010072540763668952 1.031903592802968 -3.607562574502147
8 1.0286120948577553 0.0011453563565191 -16.720670548981072 -0.0011453563565191 1.0286120948577553 -5.2297477666542145
9 1.0323245725260795 0.0009897081436888954 -18.352761184673906 -0.0009897081436888954 1.0323245725260795 -6.414497881424792
10 1.03130982105857 -0.0003452852525460475 -18.245732593927443 0.0003452852525460475 1.03130982105857 -7.287816904516969
11 1.0313487318955545 -0.0003899174169770497 -17.663482731808447 0.0003899174169770497 1.0313487318955545 -6.114254220075178
12 1.0383706439041966 0.000552400057133945 -21.62579403164874 -0.000552400057133945 1.0383706439041966 -5.659709628619575
13 1.0331876806063744 0.002175469145542933 -17.110557546106836 -0.002175469145542933 1.0331876806063744 -3.8670932844446866
14 1.0336571172807831 0.004178833396415138 -17.76539759258209 -0.004178833396415138 1.0336571172807831 -2.578723092637776
15 1.0333013456435982 0.002064892644331429 -16.71582331730247 -0.002064892644331429 1.0333013456435982 -3.0566853798454146
16 1.0432363797004165 0.0010667183657770266 -25.02841725371252 -0.0010667183657770266 1.0432363797004165 -6.972484970019186
17 1.0392847182227216 0.0020093310995256846 -20.960401399478908 -0.0020093310995256846 1.0392847182227216 -6.5683860064448725
18 1.0375443718145003 0.0030045065914904275 -19.589224695858753 -0.0030045065914904275 1.0375443718145003 -4.930998990807558
19 1.0364245928424236 0.001973332585732687 -18.871055657539184 -0.001973332585732687 1.0364245928424236 -4.753714444935052
20 1.0357826633070022 0.002762444599620421 -18.70195942725988 -0.002762444599620421 1.0357826633070022 -3.9069800164630877
21 1.0335260158041877 0.001903233585834332 -17.059766462541436 -0.001903233585834332 1.0335260158041877 -3.748311806977516
22 1.0453343267278394 0.005090285866559104 -22.47379921111764 -0.005090285866559104 1.0453343267278394 -3.051427363469333
23 1.0383638814445686 0.0025236880246481846 -19.489915976445438 -0.0025236880246481846 1.0383638814445686 -4.532621660581296
24 1.0414179282511051 0.0017540238688084483 -21.84053932396934 -0.0017540238688084483 1.0414179282511051 -7.193868993108073
25 1.0449044805162373 0.0026386777875628616 -24.167467610455656 -0.0026386777875628616 1.0449044805162373 -6.4889930457221965
26 1.0443133347434144 0.001735015275694203 -22.9360418542645 -0.001735015275694203 1.0443133347434144 -5.792411582929772
27 1.0460889603109906 0.004150677112414973 -22.3757861329377 -0.004150677112414973 1.0460889603109906 -4.227383280842224
28 1.0500087422731428 0.004969647918178456 -24.61418682650634 -0.004969647918178456 1.0500087422731428 -3.8604218230737475
29 1.0483246248987919 0.0058666149458548545 -24.09367800413831 -0.0058666149458548545 1.0483246248987919 -4.2421106625183915
30 1.0269727371617303 0.0009175689553376879 -17.80239743139838 -0.0009175689553376879 1.0269727371617303 -4.757869544159285
31 1.0292339744013261 0.0005919167335708669 -19.648067629642025 -0.0005919167335708669 1.0292339744013261 -5.575508392326918
32 1.0289336262655902 0.0004598466336057472 -19.708495104322747 -0.0004598466336057472 1.0289336262655902 -5.079862396154989
33 1.0332593464922177 0.00014693342440201906 -22.178933104286276 -0.00014693342440201906 1.0332593464922177 -5.524748065831143
34 1.0327720147413917 0.00038495528375952556 -22.881107000213778 -0.00038495528375952556 1.0327720147413917 -5.450164390930594
35 1.0350972368812088 0.0004470287040201675 -23.74185775973754 -0.0004470287040201675 1.0350972368812088 -5.841287158472727
36 1.036433118531253 0.001252586073895205 -25.299702186662223 -0.001252586073895205 1.036433118531253 -5.447717239953836
37 1.0390335612378783 0.0005657825525768887 -27.12784670298488 -0.0005657825525768887 1.0390335612378783 -5.971895604677131
38 1.0417772776877121 -0.0005234599993624149 -28.563456164883206 0.0005234599993624149 1.0417772776877121 -7.2157263528826565
39 1.030216221456973 0.00029426442855800356 -21.579388823424477 -0.00029426442855800356 1.030216221456973 -5.1941187713301655
40 1.034835140187439 -0.0012442816647691831 -22.647191321025648 0.0012442816647691831 1.034835140187439 -6.386520367237005
41 1.048143923039491 -0.0010866160623615524 -32.94740777713011 0.0010866160623615524 1.048143923039491 -7.627150314118675
42 1.048790474198533 -0.0014208556092397144 -32.45474549792772 0.0014208556092397144 1.048790474198533 -7.972591137778348
43 1.0300537521278375 0.0012269879014920092 -19.84923079810518 -0.0012269879014920092 1.0300537521278375 -4.20961133807703
44 1.0282847571480367 0.0015519258816609634 -19.48952660621954 -0.0015519258816609634 1.0282847571480367 -3.7088409208289024
45 1.0253372888945058 0.00040801264194540067 -16.99754304820265 -0.00040801264194540067 1.0253372888945058 -4.159604972443863
46 1.0217749723937244 0.0003302950720250425 -14.758321110433013 -0.0003302950720250425 1.0217749723937244 -3.459104847455357
47 1.0237462820603995 3.952648442678277e-05 -15.571793743348994 -3.952648442678277e-05 1.0237462820603995 -3.128831957366253
48 1.0246128326273052 -0.004884735272188833 -14.755155826774772 0.004884735272188833 1.0246128326273052 -6.007686558383644
49 1.0252103902388272 -0.0004706023493421829 -15.065056736527081 0.0004706023493421829 1.0252103902388272 -6.040110036403779
50 1.0233768231611793 -0.0016947954356215027 -13.212782811495028 0.0016947954356215027 1.0233768231611793 -7.401963198096297
51 1.0280064387840444 0.0015832487050686562 -17.47923353250518 -0.0015832487050686562 1.0280064387840444 -5.827963953981358
52 1.023995946892445 0.00321945253145704 -13.882056634856655 -0.00321945253145704 1.023995946892445 -3.0408517343911394
53 1.0243563314066577 0.001514380370146552 -13.793582730267639 -0.001514380370146552 1.0243563314066577 -3.3101300465915826
54 1.0268028556380575 0.0017800521534268579 -15.34137045546232 -0.0017800521534268579 1.0268028556380575 -2.0341478308051033
55 1.0246676228732874 -0.0016419087375862266 -13.799313811734702 0.0016419087375862266 1.0246676228732874 -3.527694217308194
56 1.027946374029567 -0.002135545821408733 -14.756736006784372 0.002135545821408733 1.027946374029567 -4.884349990957627
57 1.0253204493498331 0.0009656858131917448 -13.37201098708804 -0.0009656858131917448 1.0253204493498331 -3.831096963039232
58 1.0289338939598593 0.0006529291873304376 -14.000816186943458 -0.0006529291873304376 1.0289338939598593 -5.437166313713165
59 1.0288382066142099 0.0009886467942637114 -13.507257071266707 -0.0009886467942637114 1.0288382066142099 -5.245450969915097
60 1.0352663421339743 -0.0007041381675362926 -15.218740127320435 0.0007041381675362926 1.0352663421339743 -6.1461628796537555
61 1.0318773508269954 -0.001280694884932809 -15.42923255286262 0.001280694884932809 1.0318773508269954 -5.72466420418051
62 1.0283555940431477 -0.002249781420698683 -14.048590412007588 0.002249781420698683 1.0283555940431477 -7.02342514873586
63 1.0317867661971634 0.0004464115414821937 -17.514252000586875 -0.0004464115414821937 1.0317867661971634 -5.644540386843168
64 1.035217855558566 7.480304107290194e-05 -19.85664103224147 -7.480304107290194e-05 1.035217855558566 -6.44716278902142
65 1.0353823982203594 0.003951710677948209 -21.446214434327363 -0.003951710677948209 1.0353823982203594 -2.6936723091915926
66 1.0310871605817746 0.0025119342043738876 -16.62281862096967 -0.0025119342043738876 1.0310871605817746 -1.197712085847879
67 1.0424324534949232 0.003126145760445981 -24.32069376027308 -0.003126145760445981 1.0424324534949232 -3.9666871217965696
68 1.0489805351778352 0.0016116408046317502 -27.200107662475652 -0.0016116408046317502 1.0489805351778352 -10.309898825908194
69 1.0314815876566803 0.0030252792843803718 -16.30441040062186 -0.0030252792843803718 1.0314815876566803 -9.314348693341866
70 1.030982949082244 0.0011619683049502467 -15.259897994103857 -0.0011619683049502467 1.030982949082244 -7.959980369904769
71 1.0360761139914305 0.0017512281942199353 -18.423118015045997 -0.0017512281942199353 1.0360761139914305 -5.409878665843302
72 1.042481612046254 0.0007454213962171796 -22.024812507681744 -0.0007454213962171796 1.042481612046254 -4.85829701008988
73 1.0493932583175658 -0.0008648929612459682 -25.903197468638165 0.0008648929612459682 1.0493932583175658 -7.05205912354301
74 1.05324513654375 0.001316680752492924 -28.18095568673242 -0.001316680752492924 1.05324513654375 -7.849879627163123
75 1.0593058153480344 -0.00024669523229646907 -30.624081853849884 0.00024669523229646907 1.0593058153480344 -10.872485578492839
76 1.064363585666808 0.001277027790413033 -33.49595247196322 -0.001277027790413033 1.064363585666808 -10.647969886129646
77 1.0695303354203847 -0.0007382923455690726 -37.040518629017015 0.0007382923455690726 1.0695303354203847 -11.957093496997766
78 1.0732545500130068 -0.0004937357436275145 -39.54657385326819 0.0004937357436275145 1.0732545500130068 -11.976909046002389
79 1.0333786404062397 0.0017549080042515296 -16.046203237274216 -0.0017549080042515296 1.0333786404062397 -6.370480506472596
80 1.023007748686689 0.0003981699338580665 -10.442534316524979 -0.0003981699338580665 1.023007748686689 -4.893343826446465
81 1.025373576437742 -9.500315551497566e-05 -11.014503274387868 9.500315551497566e-05 1.025373576437742 -5.438401121225411
82 1.0248975474862905 0.0018314214995132831 -10.787736144475069 -0.0018314214995132831 1.0248975474862905 -3.2050797048732247
83 1.0279525018592681 0.0009701269483289459 -12.434280449277665 -0.0009701269483289459 1.0279525018592681 -3.747255121525168
84 1.0301675652029811 0.0016232722268800046 -14.294658221988016 -0.0016232722268800046 1.0301675652029811 -5.04273843167338
85 1.0325269220699522 0.0003906632518328371 -15.811916848012002 -0.0003906632518328371 1.0325269220699522 -7.03322207457037
86 1.0339151878936106 0.0035141713672339147 -16.861910810910715 -0.0035141713672339147 1.0339151878936106 -5.149699047571142
87 1.0394607980958257 0.003388784758733485 -19.95582692926483 -0.003388784758733485 1.0394607980958257 -5.789484184076457
88 1.0517309532050194 0.002382623740344727 -28.67462447649924 -0.002382623740344727 1.0517309532050194 -7.0403899025162735
89 1.0333734067544986 0.0029260753316077306 -16.26393030398795 -0.0029260753316077306 1.0333734067544986 -4.529473098851884
90 1.0357337563610536 0.005236104434268804 -17.677217647874784 -0.005236104434268804 1.0357337563610536 -3.7658120525279664
91 1.0333167061719073 0.005620275597291189 -15.948533015443262 -0.005620275597291189 1.0333167061719073 -3.0341056884731143
92 1.0367813295651809 0.005276443105228116 -17.174011459891556 -0.005276443105228116 1.0367813295651809 -2.983241673189515
93 1.055855190998201 0.005461994361248791 -30.571724976894274 -0.005461994361248791 1.055855190998201 -5.511174008869151
94 1.0484893577532601 0.004949231927502766 -23.625689724041507 -0.004949231927502766 1.0484893577532601 -5.762672672318391
95 1.0488037659521317 0.00767231851117731 -23.06640015441454 -0.00767231851117731 1.0488037659521317 -5.429342140593457
96 1.0389314909033796 0.005664423539322288 -17.4180956976045 -0.005664423539322288 1.0389314909033796 -6.18383769153256
97 1.0570332011542847 0.010106190237797703 -28.86598436689815 -0.010106190237797703 1.0570332011542847 -6.487331929061021
98 1.0259250494055645 0.001132787687224598 -14.337411132273365 -0.001132787687224598 1.0259250494055645 -3.79399581553386
99 1.0256338593876073 0.0005214286529689616 -14.350053934908594 -0.0005214286529689616 1.0256338593876073 -1.3284648594839406
100 1.0272530636278616 0.0012825249420641374 -14.932000017677296 -0.0012825249420641374 1.0272530636278616 -2.213725648903789
101 1.0286844303215115 0.0033294734814649425 -16.74421363378929 -0.0033294734814649425 1.0286844303215115 -3.2622024459596046
102 1.0297900137641975 0.004969898109030194 -17.899899889578293 -0.004969898109030194 1.0297900137641975 -2.4260675042306654
103 1.0320199307393425 0.007033489823326141 -19.112991318097205 -0.007033489823326141 1.0320199307393425 -1.0620006423770012
104 1.031024622291171 0.005103584532653581 -17.264988625455217 -0.005103584532653581 1.031024622291171 -2.8790084381998553
105 1.031593159027947 0.0054097553972846145 -17.69791684920582 -0.0054097553972846145 1.031593159027947 -4.320561688213131
106 1.033069387055756 0.0038472757582956037 -17.9411287341034 -0.0038472757582956037 1.033069387055756 -5.41495253139787
107 1.0320636987408887 0.0035735403747954907 -17.52188984587915 -0.0035735403747954907 1.0320636987408887 -4.3864006500978805
108 1.0326548974290428 0.0027237296764130504 -17.43574258161062 -0.0027237296764130504 1.0326548974290428 -5.084811489659631
109 1.0357384973649832 0.004917782696823071 -19.129833836933834 -0.004917782696823071 1.0357384973649832 -4.6554524881516555
110 1.0352021521827466 0.006362256199408034 -18.779669633122698 -0.006362256199408034 1.0352021521827466 -4.078809339653884
111 1.0290809112327652 0.004784035043870471 -16.57529025856046 -0.004784035043870471 1.0290809112327652 -2.9326461053602513
112 1.0265487885152187 0.0055619439934045155 -15.838862135978369 -0.0055619439934045155 1.0265487885152187 -1.3273776129869153
113 1.0259497287467552 0.007225958773511187 -15.49072259147564 -0.007225958773511187 1.0259497287467552 -0.9268639025241607
114 1.0322603068958978 0.002082990906355907 -17.550208150756056 -0.002082990906355907 1.0322603068958978 -3.789048026739917
115 1.0323537926318849 0.002723179371712124 -18.02022599797562 -0.002723179371712124 1.0323537926318849 -5.449788032009477
116 1.031365849020121 0.006451450920346435 -18.51319213465184 -0.006451450920346435 1.031365849020121 -5.748713496080469
117 1.0329939158899604 0.008211032236291011 -18.966784694958463 -0.008211032236291011 1.0329939158899604 -5.266336102510538
118 1.0335808125771977 0.0035190958302438614 -18.84771380178905 -0.0035190958302438614 1.0335808125771977 -4.512027936510861
119 1.0353915296848555 0.006432174737728797 -19.64016133534116 -0.006432174737728797 1.0353915296848555 -1.3274840451585448
120 1.0409197546815219 0.006671145706478747 -22.831796059533403 -0.006671145706478747 1.0409197546815219 -2.5941387916049186
121 1.037810231365985 0.010176559370736984 -22.209483299505546 -0.010176559370736984 1.037810231365985 -1.5896016050724202
122 1.0497214081175077 0.004971734377067094 -27.31038081646864 -0.004971734377067094 1.0497214081175077 -7.394919306894682
123 1.0377469250633282 0.009208220891950138 -21.339466779758517 -0.009208220891950138 1.0377469250633282 -4.542795769106538
124 1.0420308709919752 0.004699650846971873 -22.26867714045611 -0.004699650846971873 1.0420308709919752 -6.224755430220039
125 1.0411924995132404 0.005133553472351081 -22.526444311954503 -0.005133553472351081 1.0411924995132404 -4.243438441540551
126 1.0423607815708178 0.0063608664798501646 -23.636923836354303 -0.0063608664798501646 1.0423607815708178 -5.1403415621095245
127 1.0388032526119575 0.009776890303807372 -22.234940755555094 -0.009776890303807372 1.0388032526119575 -5.18367963824289
128 1.0492268046295397 0.010908653355100327 -24.51958009807052 -0.010908653355100327 1.0492268046295397 -6.09025913388715
129 1.0688602981846755 0.012692969589192266 -38.08349242086396 -0.012692969589192266 1.0688602981846755 -6.427288635332161
130 1.0790710521432831 0.012017466359561125 -40.820929075996325 -0.012017466359561125 1.0790710521432831 -7.371909469872011
131 1.147852955507553 0.011726317740828319 -89.29869886986545 -0.011726317740828319 1.147852955507553 -13.326639258741132
132 1.169781806733097 0.01691389400768556 -108.12056840355154 -0.01691389400768556 1.169781806733097 -11.027640930181658
133 1.0377484790825877 0.0029279487442298263 -19.930485605287757 -0.0029279487442298263 1.0377484790825877 -5.0497943828544685
134 1.0441578410178722 0.0041930740491641595 -23.39140553901322 -0.0041930740491641595 1.0441578410178722 -6.251368837169089
135 1.0423142502148188 0.003377664713710665 -23.311765342336525 -0.003377664713710665 1.0423142502148188 -6.541946764053535
136 1.0371296911290075 0.002865753554339934 -20.421936688514876 -0.002865753554339934 1.0371296911290075 -7.125482866210104
137 1.0483504373797163 0.002747002702951819 -26.54576200682882 -0.002747002702951819 1.0483504373797163 -9.408329320773355
138 1.037957473086686 -0.0001640830839308989 -22.27314728373141 0.0001640830839308989 1.037957473086686 -6.984979781914205
139 1.0477037442262742 -0.004342373989142621 -27.80329179609607 0.004342373989142621 1.0477037442262742 -4.9900204702620465
140 1.0294452597223713 -0.0016891098408237052 -17.623545326416522 0.0016891098408237052 1.0294452597223713 -0.8498254149456301
141 1.0458941341484167 0.0012098603979496302 -26.88084065325639 -0.0012098603979496302 1.0458941341484167 -5.94181144586474
142 1.0321050975421222 0.0032586521013193426 -19.77825118818233 -0.0032586521013193426 1.0321050975421222 -6.287883786596913
143 1.049559999912476 0.001386203759469848 -30.248933747133716 -0.001386203759469848 1.049559999912476 -7.603180056754007
