0 1.0 0.0 0.0 0.0 1.0 0.0
1 1.0516075655405166 0.0009042712130216244 -30.90288729894161 -0.0009042712130216244 1.0516075655405166 -6.895924276606509
2 1.0571460639489 -0.0028906504551812298 -33.03356945212244 0.0028906504551812298 1.0571460639489 -13.135304796673223
3 1.0575197399602005 -0.0004878227508600644 -34.02928128595296 0.0004878227508600644 1.0575197399602005 -12.645737908593913
4 1.0598208151372415 -0.00161968451564279 -36.02194685624751 0.00161968451564279 1.0598208151372415 -12.43534441635137
5 1.0627013350988785 -0.001703743157292222 -38.644896388438426 0.001703743157292222 1.0627013350988785 -11.870444912553612
6 1.0724331272487702 -0.001773632499212249 -44.66473613542821 0.001773632499212249 1.0724331272487702 -11.84867522079162
7 1.0841396894919375 -0.005193368663762414 -51.05864890409205 0.005193368663762414 1.0841396894919375 -14.420265351219292
8 1.0854756820393572 -0.004099934243967825 -53.834626518074614 0.004099934243967825 1.0854756820393572 -15.229153050565065
9 1.0570880312743138 0.0016124135749887854 -32.37983826766657 -0.0016124135749887854 1.0570880312743138 -8.710552183295212
10 1.057952140236404 0.003681026044762629 -32.2275568151456 -0.003681026044762629 1.057952140236404 -8.758377647739465
11 1.0604823230342832 0.0042548789564969295 -34.090719356547964 -0.0042548789564969295 1.0604823230342832 -8.544788110465074
12 1.031738219939792 -0.0026848840928514845 -19.192700332302053 0.0026848840928514845 1.031738219939792 -6.523703803393099
13 1.0788074224974753 0.0032291038148823214 -42.0167854177026 -0.0032291038148823214 1.0788074224974753 -10.627306770252735
14 1.0437890330408492 4.25444349380003e-05 -25.38829937839813 -4.25444349380003e-05 1.0437890330408492 -7.9121550304565975
15 1.0359025777127904 -0.0007769742970970674 -22.06089129422774 0.0007769742970970674 1.0359025777127904 -7.269365754632938
16 1.0350369376769744 -0.00048647435219988474 -21.695184664809208 0.00048647435219988474 1.0350369376769744 -6.534874370534828
17 1.0348101555735265 0.0018604246730571767 -22.38274117473278 -0.0018604246730571767 1.0348101555735265 -5.020834574501482
18 1.0420828252701864 -0.0017088546103650546 -25.621055451966573 0.0017088546103650546 1.0420828252701864 -7.551485974571593
19 1.0361629917565776 -0.0019142751729676892 -22.304319015410695 0.0019142751729676892 1.0361629917565776 -4.92513492528452
20 1.0335729723024425 0.000501789345892138 -20.837079590028782 -0.000501789345892138 1.0335729723024425 -4.117732025242664
21 1.0287854131385072 -0.003110064548437285 -17.138761072906437 0.003110064548437285 1.0287854131385072 -8.397433452466805
22 1.0340040583275927 -0.002742649814859758 -20.137694475021867 0.002742649814859758 1.0340040583275927 -8.609149318162682
23 1.0650875174246672 -0.0025996256790382245 -39.71537663464961 0.0025996256790382245 1.0650875174246672 -13.046048754498186
24 1.0336381300959403 -0.001939015405430108 -20.19336221034362 0.001939015405430108 1.0336381300959403 -7.436134188738272
25 1.0352185486973722 -0.0017995330451413207 -20.214994395861872 0.0017995330451413207 1.0352185486973722 -6.198051641659169
26 1.0365946692287782 -0.002094123166185978 -20.36922984337474 0.002094123166185978 1.0365946692287782 -5.39161205536301
27 1.0455429393251456 -0.0010508162616826595 -25.663942979462927 0.0010508162616826595 1.0455429393251456 -7.329463870234898
28 1.0468700161831728 -0.0038289394129755834 -25.6951406716115 0.0038289394129755834 1.0468700161831728 -11.49637174343055
29 1.0475160582629386 -0.0014752369758170491 -26.46357769613652 0.0014752369758170491 1.0475160582629386 -10.040230424461642
30 1.0492344147274821 -0.0016180612400982489 -26.517867043519566 0.0016180612400982489 1.0492344147274821 -9.098596080439052
31 1.0431373224297 -0.0002995683680412524 -24.558714775040976 0.0002995683680412524 1.0431373224297 -6.578304549607765
32 1.0415537040639327 -0.0007017351317351439 -24.359284516176814 0.0007017351317351439 1.0415537040639327 -7.186431051608237
33 1.044908220735867 -0.0007894644063274153 -26.02419039429225 0.0007894644063274153 1.044908220735867 -8.106537464846227
34 1.0477297058830477 -0.001178381473619761 -27.794348698422343 0.001178381473619761 1.0477297058830477 -8.265343465060502
35 1.0529673385536227 -0.0005704209127024939 -31.80946887886294 0.0005704209127024939 1.0529673385536227 -8.97378846345012
36 1.053435461221771 -0.001285767821071198 -32.06769438987637 0.001285767821071198 1.053435461221771 -10.118160711697609
37 1.058813688354984 -0.0003390333113652386 -36.48051644034364 0.0003390333113652386 1.058813688354984 -10.864288636317363
38 1.0576513081041086 -0.0002886819107396424 -34.97954754866542 0.0002886819107396424 1.0576513081041086 -9.41423976520647
39 1.0559525162693242 0.0012693242912612532 -34.81934902029994 -0.0012693242912612532 1.0559525162693242 -8.14036451578217
40 1.0588090966042014 0.0020171602191054365 -37.92533368551165 -0.0020171602191054365 1.0588090966042014 -8.258670629805371
41 1.0639491062923376 0.001899146148570381 -38.43565042266741 -0.001899146148570381 1.0639491062923376 -10.131804674393717
42 1.0479177016940724 -0.00048687138309605373 -30.094118561341002 0.00048687138309605373 1.0479177016940724 -8.106221445836207
43 1.0454670406783246 -0.0026545747919123905 -29.183954601327933 0.0026545747919123905 1.0454670406783246 -8.120196734127443
44 1.0516659871325833 -0.0059373629206679384 -31.881797736553608 0.0059373629206679384 1.0516659871325833 -9.69431799257981
45 1.0531197852657843 -0.0010173485857444167 -34.30156237117816 0.0010173485857444167 1.0531197852657843 -7.7760604220207705
46 1.0558309105050443 -0.0025235615173306576 -35.76537563858357 0.0025235615173306576 1.0558309105050443 -10.107487553566886
47 1.0571483346722228 0.0013056047792242569 -37.26566399952198 -0.0013056047792242569 1.0571483346722228 -8.49778173682931
48 1.0595796874645418 -0.00015660203014573903 -38.37636824118887 0.00015660203014573903 1.0595796874645418 -8.668741178606895
49 1.0631631444533167 -0.001984645806401104 -40.95110989784652 0.001984645806401104 1.0631631444533167 -7.6973273348696525
50 1.041685471980257 0.003983984868929293 -24.848939670836636 -0.003983984868929293 1.041685471980257 -2.0838707966553778
51 1.058711415118161 -0.0034174124715542395 -36.230205250901115 0.0034174124715542395 1.058711415118161 -12.819336390285157
52 1.054516755922219 0.00019648006397793896 -32.70315858521651 -0.00019648006397793896 1.054516755922219 -10.725212140255069
53 1.0560178497892458 0.0018798476658806204 -33.246530408585905 -0.0018798476658806204 1.0560178497892458 -8.317225689174627
54 1.03710550779841 0.0012769683164009966 -21.88962007118606 -0.0012769683164009966 1.03710550779841 -4.899047267047591
55 1.0586282904118434 0.005454227134480739 -33.246580320534314 -0.005454227134480739 1.0586282904118434 -5.495486460261767
56 1.0411542735866044 0.00099339631741011 -22.821566126592934 -0.00099339631741011 1.0411542735866044 -5.948593726804905
57 1.0562699803695164 0.004722553379627428 -29.63896752790875 -0.004722553379627428 1.0562699803695164 -6.84454394531642
58 1.0324987055523187 -0.003260538851242942 -18.183056118716443 0.003260538851242942 1.0324987055523187 -6.694259624220564
59 1.0353475491908248 -0.002529102603889354 -20.268945816013815 0.002529102603889354 1.0353475491908248 -6.677328692675013
60 1.0366687406812358 -0.0038046138102183005 -20.945136965950567 0.0038046138102183005 1.0366687406812358 -9.198754024449027
61 1.0422251332348673 -0.00509131872093612 -23.484272825114555 0.00509131872093612 1.0422251332348673 -10.791394470825576
62 1.041641523718192 -0.004387537143694009 -23.423003034637993 0.004387537143694009 1.041641523718192 -9.067991478183671
63 1.04339555256817 -0.004931751190228488 -24.243801261698536 0.004931751190228488 1.04339555256817 -8.282378271243994
64 1.0429576129815765 -0.0037530849331534554 -24.28746911418898 0.0037530849331534554 1.0429576129815765 -8.017653152014384
65 1.0457792411640512 -0.0033906114577496255 -25.863191861122864 0.0033906114577496255 1.0457792411640512 -8.885985983750226
66 1.0506259424234596 -0.0033716879745853533 -28.935804234071913 0.0033716879745853533 1.0506259424234596 -9.258235269052653
67 1.0430882437772522 -0.000511601551995867 -24.594278469305916 0.000511601551995867 1.0430882437772522 -6.784575090715899
68 1.038415968908704 -0.0001349720945119985 -21.753870569081226 0.0001349720945119985 1.038415968908704 -7.508266402638498
69 1.0476587759333422 0.0007314987755702119 -27.1124791404453 -0.0007314987755702119 1.0476587759333422 -8.859070146181184
70 1.0439027070719717 0.002316931856035396 -24.408975631066383 -0.002316931856035396 1.0439027070719717 -6.892870348227526
71 1.0530074376889298 0.0012112728480113892 -29.574123911739132 -0.0012112728480113892 1.0530074376889298 -7.901304588035366
72 1.053334457929949 -0.0007164122795877192 -31.011498880956957 0.0007164122795877192 1.053334457929949 -8.848685885309427
73 1.0568930353838097 0.0004868582774955407 -32.6955280733047 -0.0004868582774955407 1.0568930353838097 -9.765906620321628
74 1.0633528365762226 0.0006922008710830466 -37.00432739063341 -0.0006922008710830466 1.0633528365762226 -11.136349813378487
75 1.0684990341781422 0.0017741725343945658 -40.16755996857489 -0.0017741725343945658 1.0684990341781422 -10.934871172824273
76 1.0582168274084591 0.004446169560667524 -31.95884725141935 -0.004446169560667524 1.0582168274084591 -7.143898268692926
77 1.0530925793689685 0.003659154581412566 -29.270225433032227 -0.003659154581412566 1.0530925793689685 -6.2563886173360554
78 1.0537056090624208 0.002556192235149525 -29.50466090935094 -0.002556192235149525 1.0537056090624208 -6.713732005327151
79 1.0536537048935595 0.002571792195168113 -29.80092959670387 -0.002571792195168113 1.0536537048935595 -7.438076389125278
80 1.058745315877887 0.00292730647753291 -32.3772240454079 -0.00292730647753291 1.058745315877887 -8.94928928945172
81 1.059601649925023 0.001449314841980452 -33.35278042118506 -0.001449314841980452 1.059601649925023 -8.79920806828277
82 1.0617496609719534 0.0020124299504916017 -36.026562456737686 -0.0020124299504916017 1.0617496609719534 -8.988630392463655
83 1.0613885455594987 0.0025751480293313075 -36.06282342219954 -0.0025751480293313075 1.0613885455594987 -9.608034792215445
84 1.057849571332696 0.002056483887852931 -36.61732414805723 -0.002056483887852931 1.057849571332696 -9.06419388915042
85 1.0366165173271176 0.0013845002770231196 -23.720290613939156 -0.0013845002770231196 1.0366165173271176 -5.5721536418318
86 1.0367569998949475 0.00242159203631856 -23.989748102013944 -0.00242159203631856 1.0367569998949475 -4.778093753696626
87 1.0353774011615167 0.0011643737407258888 -23.26207846401138 -0.0011643737407258888 1.0353774011615167 -5.740944934949912
88 1.0359086187533044 -0.0012102470593246422 -23.017765991322825 0.0012102470593246422 1.0359086187533044 -6.013267051621885
89 1.035614560256228 0.0016690787364358295 -23.70754362693082 -0.0016690787364358295 1.035614560256228 -3.601425244336686
90 1.0413408392113561 -0.0006167109805264279 -26.771962557738455 0.0006167109805264279 1.0413408392113561 -5.426476392822727
91 1.0431153811930727 -0.0018065458466846188 -27.682999393610388 0.0018065458466846188 1.0431153811930727 -5.455132654233254
92 1.0413399746561929 -0.0011204522646640384 -27.44071846483506 0.0011204522646640384 1.0413399746561929 -6.580097514721631
93 1.0408172122428025 -0.0010501955483172463 -26.497576485463817 0.0010501955483172463 1.0408172122428025 -9.009216873964128
94 1.0505805413896219 -0.0016937355681497543 -31.21706553120561 0.0016937355681497543 1.0505805413896219 -11.147323059091883
95 1.0506293107302627 -0.00012873516740381704 -31.754224378960853 0.00012873516740381704 1.0506293107302627 -8.588636018334272
96 1.0551862926107372 0.0013083440270492451 -33.04777075887701 -0.0013083440270492451 1.0551862926107372 -7.684138697910108
97 1.0446250810542212 0.0009375714303601354 -27.153691882678306 -0.0009375714303601354 1.0446250810542212 -6.326020660254707
98 1.0572872184843958 0.0007607064844408272 -32.20284610955259 -0.0007607064844408272 1.0572872184843958 -8.877435317941266
99 1.0509084337348147 0.0007284028129409683 -29.026754147217527 -0.0007284028129409683 1.0509084337348147 -8.287509648953888
100 1.055694080147286 -0.001255538060210243 -30.75719019551192 0.001255538060210243 1.055694080147286 -9.839048902919114
101 1.055064949371584 -0.0015036627127100561 -32.101571729542506 0.0015036627127100561 1.055064949371584 -9.565747783013876
102 1.0618023285299578 -0.004817168068391953 -33.94362905278372 0.004817168068391953 1.0618023285299578 -12.423558256854278
103 1.0600259244488894 -0.005396746285475479 -34.515021352206716 0.005396746285475479 1.0600259244488894 -11.578106204955034
104 1.048368066256328 -0.0020243381734734596 -28.193584293810456 0.0020243381734734596 1.048368066256328 -8.770243905564095
105 1.0469728063467985 -0.0034792601474439365 -27.362522333169405 0.0034792601474439365 1.0469728063467985 -10.255865684352614
106 1.0512733638797587 -0.003389437087547313 -29.853256782989853 0.003389437087547313 1.0512733638797587 -10.598986249612736
107 1.053003173472658 -0.0021707357571982538 -31.36433818204375 0.0021707357571982538 1.053003173472658 -9.281815719249508
108 1.055093949616949 -0.004356768866334507 -32.19662959830465 0.004356768866334507 1.055093949616949 -10.732187574462406
109 1.0593955853112758 -0.002413044803653024 -35.484440493874125 0.002413044803653024 1.0593955853112758 -9.999136789468336
110 1.0552008586319228 -0.0007326637662458824 -32.55882170746142 0.0007326637662458824 1.0552008586319228 -8.821946710881768
111 1.0486830656031805 -0.0008332824639495447 -29.024274469878485 0.0008332824639495447 1.0486830656031805 -9.062083165656995
112 1.0524311994551407 -0.001766567290600323 -31.298438653406098 0.001766567290600323 1.0524311994551407 -10.824080495575194
113 1.0531589850122838 -0.0015447805014639712 -32.0974933470147 0.0015447805014639712 1.0531589850122838 -10.253872396847294
114 1.0542770702064892 -0.0031759175194805925 -32.57491257058391 0.0031759175194805925 1.0542770702064892 -10.01875203886882
115 1.0531552792606842 -0.0014535060363908847 -31.96037507807133 0.0014535060363908847 1.0531552792606842 -9.238436088566205
116 1.0586956322190364 -0.00011848134413458837 -35.249242025115905 0.00011848134413458837 1.0586956322190364 -10.202995387185476
117 1.0605710043229528 -0.0012984888967824044 -37.07680415827231 0.0012984888967824044 1.0605710043229528 -11.538813602431272
118 1.0612207276883836 -0.0014528799870336395 -38.079790989650064 0.0014528799870336395 1.0612207276883836 -11.92616992326882
119 1.0639493280000223 -0.0006182564086299687 -40.35751035812833 0.0006182564086299687 1.0639493280000223 -11.628914297901936
120 1.0660575018560903 -0.0009484737602365372 -40.74507521058743 0.0009484737602365372 1.0660575018560903 -10.180970783361477
121 1.073653889526571 -0.001371766397561285 -44.73681965635055 0.001371766397561285 1.073653889526571 -10.259769583900821
122 1.0710338385461964 -0.0031235603312878253 -46.64288862708084 0.0031235603312878253 1.0710338385461964 -12.714859134916223
123 1.0490130718204183 0.0031067406645863683 -30.392599274851715 -0.0031067406645863683 1.0490130718204183 -7.552561121417654
124 1.0467149696794227 0.0022865370128333936 -27.789554302671267 -0.0022865370128333936 1.0467149696794227 -8.031522956554273
125 1.047841268857413 0.0038769150958324187 -28.25925189418942 -0.0038769150958324187 1.047841268857413 -6.129030608853536
126 1.0494573672914476 0.0037409477381050217 -28.542018048876432 -0.0037409477381050217 1.0494573672914476 -5.735998253361976
127 1.0526820698779273 0.0036621291751422307 -30.859459423018023 -0.0036621291751422307 1.0526820698779273 -7.34545239132085
128 1.0532844498115201 0.00422230619723606 -30.76473829513022 -0.00422230619723606 1.0532844498115201 -7.453753655794581
129 1.057222854197671 0.0035537866470233626 -32.89842547081764 -0.0035537866470233626 1.057222854197671 -8.969196713407698
130 1.0571414694300674 0.003823617231755146 -33.66701180071777 -0.003823617231755146 1.0571414694300674 -7.516413976175964
131 1.0624868949538993 0.004979567723128437 -36.90138607789392 -0.004979567723128437 1.0624868949538993 -7.160528586389297
132 1.0636772118778193 0.006196049291372015 -36.9461224190386 -0.006196049291372015 1.0636772118778193 -4.697869568345838
133 1.06293305909202 0.003645296397330397 -36.997640730162736 -0.003645296397330397 1.06293305909202 -6.145143384220549
134 1.0603534374436283 0.005686523327442995 -36.61506484747574 -0.005686523327442995 1.0603534374436283 -4.578395523809795
135 1.067726731807126 0.0013166431232662205 -40.741250939857906 -0.0013166431232662205 1.067726731807126 -9.25426022770249
136 1.069675252990305 0.005495559488222061 -40.17753452937325 -0.005495559488222061 1.069675252990305 -8.974878619966862
137 1.033392000339463 -0.0024425456294994794 -20.167042172106036 0.0024425456294994794 1.033392000339463 -8.396954266808073
138 1.0358236604477031 -0.0017066263776515528 -22.651239066846756 0.0017066263776515528 1.0358236604477031 -9.213317213511749
139 1.0387044368389706 -0.0036302203982132245 -24.18643228949407 0.0036302203982132245 1.0387044368389706 -9.41273320301647
140 1.0413213772121928 -0.002703747845783864 -26.520347856814926 0.002703747845783864 1.0413213772121928 -7.410858266699614
141 1.0392702301311132 -0.002211134291123246 -24.88629892239175 0.002211134291123246 1.0392702301311132 -6.443562625808541
142 1.045323012871315 -0.0016958362723460154 -29.321503200193344 0.0016958362723460154 1.045323012871315 -6.903757468073357
143 1.042543391433721 -0.0014677294065714897 -27.429819048073362 0.0014677294065714897 1.042543391433721 -7.505761105005994
144 1.0437113187120244 -0.0009915747777570236 -28.246061317025397 0.0009915747777570236 1.0437113187120244 -8.39625508212981
145 1.0443166724294004 0.000231583515566053 -29.03364753158358 -0.000231583515566053 1.0443166724294004 -8.838488213762174
146 1.0434801905007105 0.0012495045293073432 -28.25711245880045 -0.0012495045293073432 1.0434801905007105 -8.41059432664905
147 1.0485709723419774 -0.0001034424088565708 -32.300117155898526 0.0001034424088565708 1.0485709723419774 -9.328446120841011
148 1.0500911391589716 -2.3926780319201864e-05 -32.60949192698115 2.3926780319201864e-05 1.0500911391589716 -8.245712817073729
149 1.0492544228800074 0.00039851564812787114 -30.747366693628198 -0.00039851564812787114 1.0492544228800074 -7.035158315211203
150 1.0415241855713522 0.0004046664878764603 -26.38198267569426 -0.0004046664878764603 1.0415241855713522 -5.3714446034913
151 1.048007574048238 -0.0005360140748476796 -32.20945209251016 0.0005360140748476796 1.048007574048238 -7.103157618496875
152 1.0372782103829348 0.000248500795600781 -21.858477510846402 -0.000248500795600781 1.0372782103829348 -5.647560490658771
153 1.0371068160134478 0.0007247196642844946 -20.84785777796149 -0.0007247196642844946 1.0371068160134478 -5.596520885409344
154 1.0402156610352387 0.002297789573707297 -23.002137347454852 -0.002297789573707297 1.0402156610352387 -6.2404337197805475
155 1.037032238202068 0.0038281011407472897 -20.275383237796515 -0.0038281011407472897 1.037032238202068 -4.33626849669543
156 1.036571518681722 0.000798609885222441 -19.03946970629636 -0.000798609885222441 1.036571518681722 -5.630016460914563
157 1.0288114102016106 -0.0002180535156207906 -16.18448972151291 0.0002180535156207906 1.0288114102016106 -3.0791728535971634
158 1.0220530190335575 -0.00021386039888357544 -13.271511860738581 0.00021386039888357544 1.0220530190335575 -2.4948733741856772
159 1.0267321681036226 0.0017779710843738184 -15.546469519195838 -0.0017779710843738184 1.0267321681036226 -1.9175491518383712
160 1.0197471453400628 -1.2023999367806286e-05 -12.688605102356956 1.2023999367806286e-05 1.0197471453400628 -3.771494604489785
161 1.019719346219132 -0.001254165602022818 -12.355034330916443 0.001254165602022818 1.019719346219132 -4.29358140580802
162 1.0194256757829079 -0.0007370760769848342 -12.544416049646236 0.0007370760769848342 1.0194256757829079 -4.355565926428844
163 1.0173236551391456 9.340097698039767e-05 -11.7578228014077 -9.340097698039767e-05 1.0173236551391456 -2.6992911377034448
164 1.0178650319631906 -0.0007117358283170416 -12.461236077403647 0.0007117358283170416 1.0178650319631906 -2.3890752508669344
165 1.0180484484112355 -0.000525037493065553 -13.03563730117701 0.000525037493065553 1.0180484484112355 -1.6098135819161843
166 1.0181633000928856 0.0013238560866886471 -13.253410390333231 -0.0013238560866886471 1.0181633000928856 -0.906026528301355
167 1.0189965665810725 0.0007007131136003806 -13.754129364309224 -0.0007007131136003806 1.0189965665810725 -2.6906163164723136
168 1.0173942801186135 0.00020081020123985055 -13.146398349114575 -0.00020081020123985055 1.0173942801186135 -3.065877412142347
169 1.016686370962214 -0.0017819070012435332 -12.193940158508086 0.0017819070012435332 1.016686370962214 -3.9544621214142213
170 1.0161657702740614 -0.0004810599476727504 -11.901517684913204 0.0004810599476727504 1.0161657702740614 -3.028319783668396
171 1.0164081088865677 7.379976571319808e-05 -12.203777986456359 -7.379976571319808e-05 1.0164081088865677 -3.4355495365157025
172 1.0157426508378677 -0.0002257815593954198 -11.474425516428532 0.0002257815593954198 1.0157426508378677 -2.8045102252896448
173 1.0150678099583084 0.0018409545399548479 -11.62423634795073 -0.0018409545399548479 1.0150678099583084 -1.410472841066089
174 1.0154306483681321 0.0006586005905365069 -10.933224933022451 -0.0006586005905365069 1.0154306483681321 -2.9449891390633507
175 1.0155919247304281 -0.002278567377087296 -9.91494978140516 0.002278567377087296 1.0155919247304281 -3.489825838933673
176 1.0141169618857222 -0.002190923893376795 -8.60453854909611 0.002190923893376795 1.0141169618857222 -2.3683507837186517
177 1.0146292961253254 -0.0011534532876558768 -8.1307128819873 0.0011534532876558768 1.0146292961253254 -2.5248792909323896
178 1.015382597568768 -0.0006690241667575412 -8.058427982644771 0.0006690241667575412 1.015382597568768 -3.228800365905218
179 1.014927171718856 0.0001955370419705288 -6.78206104417368 -0.0001955370419705288 1.014927171718856 -2.335789541859538
180 1.0133479586377625 -0.0009942629923058175 -5.168577300397357 0.0009942629923058175 1.0133479586377625 -2.3501441751413212
181 1.0140672943903353 -0.0014506612670171348 -4.743407863965718 0.0014506612670171348 1.0140672943903353 -2.8870274141016736
182 1.013932088051563 -0.0022097202815045186 -3.445492269278928 0.0022097202815045186 1.013932088051563 -4.886199585298686
183 1.0141196022323682 -0.00221395812354115 -2.4455479072112594 0.00221395812354115 1.0141196022323682 -4.758359976571924
184 1.0135980219897036 -0.001056985731054625 -1.4471560850163063 0.001056985731054625 1.0135980219897036 -3.1565260671834547
185 1.0132716392966308 -0.0010203359922828143 -0.09439310187385042 0.0010203359922828143 1.0132716392966308 -2.8881419271675672
186 1.012081877323414 -0.0004506489602978407 1.2059760095716738 0.0004506489602978407 1.012081877323414 -2.196054022105918
187 1.0137400045737717 -0.0011368345778043105 0.4608692401698496 0.0011368345778043105 1.0137400045737717 -2.6786276857125237
188 1.0089294906790482 -0.0009834181755860772 3.7497546370233112 0.0009834181755860772 1.0089294906790482 -2.0900381655083864
189 1.0130925228651424 -0.0009511500124407537 0.7528262091488003 0.0009511500124407537 1.0130925228651424 -2.687129281157505
190 1.0078181215423911 -0.0009802271035156442 4.011831113722077 0.0009802271035156442 1.0078181215423911 -2.0124717389845626
191 1.0079708503240847 -0.0012024737657801274 4.190395827528651 0.0012024737657801274 1.0079708503240847 -2.401630472931744
192 1.0065048759971083 -0.0008531973768532766 5.84864806204142 0.0008531973768532766 1.0065048759971083 -0.8695600165108246
193 1.007321380294697 -0.0013487758236765785 6.322811064545915 0.0013487758236765785 1.007321380294697 -0.5613209330638387
194 1.0097570423938897 -0.0002456862274617276 4.661783719441162 0.0002456862274617276 1.0097570423938897 -1.0176511032867557
195 1.0054615979764852 -0.00020684863261766456 8.364999735257413 0.00020684863261766456 1.0054615979764852 -1.442639710853819
196 1.0079842407635002 -0.0001427943435812198 7.301786260704844 0.0001427943435812198 1.0079842407635002 -2.3048357291330466
197 1.0050308315096737 -0.0007799270108420208 8.431288003923326 0.0007799270108420208 1.0050308315096737 -1.9012340192634005
198 1.0039931186305224 -0.0007650483255490842 9.854127038967496 0.0007650483255490842 1.0039931186305224 -1.5567818062445336
199 1.003799980280428 -0.0004352511015565431 10.126209702718969 0.0004352511015565431 1.003799980280428 -1.2806098585989876
200 1.0105043929007487 0.0004412146585237821 6.434693569042184 -0.0004412146585237821 1.0105043929007487 -1.4095293185849418
201 1.002753079226554 0.00014789813530768407 12.274452220307314 -0.00014789813530768407 1.002753079226554 0.4439998205457663
202 1.0009772771275227 0.000417634489878469 14.213379821305434 -0.000417634489878469 1.0009772771275227 1.53660477182567
203 1.0011111509414048 0.00031789840480601764 15.661094330421987 -0.00031789840480601764 1.0011111509414048 1.7645346504084738
204 1.0066352432090386 0.0006447795912383683 15.23975142301818 -0.0006447795912383683 1.0066352432090386 0.27526725538855457
205 1.0076322051959614 0.0004339409874247393 15.910624822476636 -0.0004339409874247393 1.0076322051959614 -0.7854601622705955
206 1.0098269442953247 0.0002700806344547715 17.301509645654818 -0.0002700806344547715 1.0098269442953247 -1.6399291381248275
207 0.9976310409745998 -0.0007423181993170187 25.544370513594764 0.0007423181993170187 0.9976310409745998 0.05551497293375729
208 1.0082381981032977 0.00027827545739313164 21.625749238671897 -0.00027827545739313164 1.0082381981032977 -1.4740766295871466
209 0.9930832325557789 0.0015637008472161032 32.49122650180858 -0.0015637008472161032 0.9930832325557789 1.4399976439419768
210 1.0017342009980044 0.0022879910417380705 28.093258688287275 -0.0022879910417380705 1.0017342009980044 0.46539623762111804
211 0.9903886526263577 0.0017206756138240394 35.43417379236417 -0.0017206756138240394 0.9903886526263577 2.1674708137792598
212 1.0162803632383948 0.002097322184166108 22.889922030208854 -0.002097322184166108 1.0162803632383948 -1.3581794252858184
213 1.0069493698596337 0.0009654063294886649 30.700933499133846 -0.0009654063294886649 1.0069493698596337 -1.2007126974042865
214 1.01115995192 0.0013530216162076915 28.554348607357653 -0.0013530216162076915 1.01115995192 -1.9330104653948648
215 1.00472318768785 0.0012075573215316066 35.87365962226343 -0.0012075573215316066 1.00472318768785 -0.9261470003956502
216 1.025898654554031 0.0012658413123052981 20.828535210527935 -0.0012658413123052981 1.025898654554031 -3.9930036311954598
217 1.0215320581825307 0.0004123492391650791 25.191620151893115 -0.0004123492391650791 1.0215320581825307 -3.7719815832615624
218 1.0189872239971842 0.001061143955368294 27.615412742869566 -0.001061143955368294 1.0189872239971842 -2.373136695414719
219 1.0195280398765338 0.0026264758495422465 24.149052246301203 -0.0026264758495422465 1.0195280398765338 -1.8763142672853104
220 1.0365483019736705 0.004859568500082341 11.663474642185756 -0.004859568500082341 1.0365483019736705 -3.896064283412203
221 1.0309350490145635 0.0047035643726356605 14.787414482992947 -0.0047035643726356605 1.0309350490145635 -4.180014518067499
222 0.9990466124360748 0.003630506037944906 30.25569948187993 -0.003630506037944906 0.9990466124360748 -0.2554696227182798
223 0.983631424218527 0.004676035808016473 37.955708752352805 -0.004676035808016473 0.983631424218527 2.1824864926794594
224 1.0068852035557925 0.005514257055274517 26.9416814935162 -0.005514257055274517 1.0068852035557925 0.13204683208612597
225 0.9805937943236297 0.0049135682918928485 40.59604208530455 -0.0049135682918928485 0.9805937943236297 1.892384572507933
226 0.9835883387932347 0.0042732603533038845 39.53583065898078 -0.0042732603533038845 0.9835883387932347 2.4858370254021374
227 0.9882320531395642 0.0021628240672723325 37.624304923862006 -0.0021628240672723325 0.9882320531395642 1.9007221287368006
228 0.9924827690195419 -0.0005616011504415114 35.646749994267985 0.0005616011504415114 0.9924827690195419 0.8632000160374411
229 0.9971196363447832 0.0004906268638860391 30.579066744832108 -0.0004906268638860391 0.9971196363447832 1.770464716435737
230 1.0029015475600072 0.0028176468167127808 24.058707744922927 -0.0028176468167127808 1.0029015475600072 2.5824275592357
231 1.0108306076673466 0.0026847628762514814 17.8267207073586 -0.0026847628762514814 1.0108306076673466 2.485922415318803
232 1.0138713810585185 0.0003439977058753596 14.725834705710813 -0.0003439977058753596 1.0138713810585185 -1.0003799851001163
233 1.0181676832727193 -0.0016466950146300503 11.637096419256268 0.0016466950146300503 1.0181676832727193 -3.556061491082856
234 1.015747440010592 0.0003623186741995091 12.182532605714627 -0.0003623186741995091 1.015747440010592 -1.9432429448700035
235 0.9996231548396496 0.00011527130292923256 20.99286909888215 -0.00011527130292923256 0.9996231548396496 -1.1025529440006716
236 1.0209050694057902 0.001046992061778572 7.741105687612508 -0.001046992061778572 1.0209050694057902 -4.416004239248106
237 1.0046643513390972 -0.0029455301728829692 16.405524793556054 0.0029455301728829692 1.0046643513390972 -4.393549228862106
238 1.0129892464173982 -0.003108905147350783 10.232596528193902 0.003108905147350783 1.0129892464173982 -5.621564103152919
239 1.010159660000197 -0.002375084839695376 9.224458106069232 0.002375084839695376 1.010159660000197 -4.304445419669188
240 1.0146952569249597 -0.0010751163987240877 4.996962327922691 0.0010751163987240877 1.0146952569249597 -3.167976523017074
241 1.0137306966115187 -0.0005301654688067108 2.465808953442683 0.0005301654688067108 1.0137306966115187 -2.638325449744406
242 1.016176725637301 -0.0003600055800180235 -1.5893024932153028 0.0003600055800180235 1.016176725637301 -2.719002281591943
243 1.0166571570463783 -0.0004809854382587864 -3.511951256968016 0.0004809854382587864 1.0166571570463783 -3.597689136787192
244 1.0178909755570922 0.0008446158311476763 -5.778672610129863 -0.0008446158311476763 1.0178909755570922 -3.466908925887361
245 1.0195921620060728 0.0002855588007809953 -7.987951231263303 -0.0002855588007809953 1.0195921620060728 -3.85206216236471
246 1.0200086937628043 0.0007046192673017625 -8.228132059675296 -0.0007046192673017625 1.0200086937628043 -4.748870532451973
247 1.020409252364269 0.0018296969727382671 -8.792088007862109 -0.0018296969727382671 1.020409252364269 -4.2947908810970885
248 1.0214958210471066 0.0013366437774026852 -9.708760720088936 -0.0013366437774026852 1.0214958210471066 -3.7012460339002553
249 1.0239854751375637 0.0006432742668877361 -12.242342831378503 -0.0006432742668877361 1.0239854751375637 -2.326675142542209
250 1.0223116909043974 -0.0007621982712147328 -11.720282685811505 0.0007621982712147328 1.0223116909043974 -1.1153929076153544
251 1.0222804289690133 -0.00030513213285430417 -12.502775102406922 0.00030513213285430417 1.0222804289690133 -0.5881561152533977
252 1.0229894212924295 0.00017392629322599007 -13.678685823575881 -0.00017392629322599007 1.0229894212924295 -1.3420964345902062
253 1.0233513372474758 -0.0021644093086207253 -14.00291223500348 0.0021644093086207253 1.0233513372474758 -4.60364406265988
254 1.0245772416319454 -0.0011073156410766876 -16.198923596638952 0.0011073156410766876 1.0245772416319454 -5.0264043795244815
255 1.0257105243774305 -0.0012786921307992617 -17.059919284914777 0.0012786921307992617 1.0257105243774305 -7.750878627428261
256 1.0257874948189487 -0.0013147142946494193 -17.186648102658417 0.0013147142946494193 1.0257874948189487 -8.608601177994355
257 1.026329387947884 -0.0016483389174865486 -17.24924724497237 0.0016483389174865486 1.026329387947884 -7.215263126660865
258 1.0267326415354874 0.0002911363043034837 -17.80971818827476 -0.0002911363043034837 1.0267326415354874 -4.125639141237859
259 1.025642549111842 0.0012443066138257317 -16.688981989801096 -0.0012443066138257317 1.025642549111842 -2.6705975383948823
260 1.028101153231885 0.0025644951678067372 -18.840706071135276 -0.0025644951678067372 1.028101153231885 -2.639625356422315
261 1.0290099994717319 6.253750331625737e-05 -18.973745462601247 -6.253750331625737e-05 1.0290099994717319 -5.305006993879206
262 1.0327621295297098 0.0009348670896762229 -21.465924135489512 -0.0009348670896762229 1.0327621295297098 -5.456921525124807
263 1.0307912779814512 0.0007089974338538623 -19.997837387677574 -0.0007089974338538623 1.0307912779814512 -4.790616646359592
264 1.031165602417895 0.000633544095960044 -20.700612014619846 -0.000633544095960044 1.031165602417895 -3.9905246899908446
265 1.036329457557451 -0.0015070777578572933 -23.818214452723183 0.0015070777578572933 1.036329457557451 -5.795529455249092
266 1.0378636289992722 -0.00016545017644431032 -24.51310799038831 0.00016545017644431032 1.0378636289992722 -6.427741721841106
267 1.0366906125469233 -8.683672446852172e-05 -23.453999594048568 8.683672446852172e-05 1.0366906125469233 -7.47755589401151
268 1.040935898531083 -0.0008008578700639498 -26.226391323822405 0.0008008578700639498 1.040935898531083 -8.410777784704845
269 1.0405918301490438 -0.0009305524779482953 -25.36891808248887 0.0009305524779482953 1.0405918301490438 -7.661069420779103
270 1.0404551686176886 -0.0002299086600256799 -25.349420756234707 0.0002299086600256799 1.0404551686176886 -6.126471646482518
271 1.0392711808027275 -0.0018307562591095836 -24.669298666510386 0.0018307562591095836 1.0392711808027275 -7.733490755089707
272 1.0496108064479852 -0.0022764352166218405 -32.20634205303031 0.0022764352166218405 1.0496108064479852 -10.353281265566048
273 1.0424544052484004 -0.0031177856085263613 -26.021424529208183 0.0031177856085263613 1.0424544052484004 -11.185064104298927
274 1.0464197164399047 -0.0016646131956152392 -29.756406447125816 0.0016646131956152392 1.0464197164399047 -9.758992688736543
275 1.046642620781044 0.0006122971620652184 -31.539673799729435 -0.0006122971620652184 1.046642620781044 -7.6070377412780035
276 1.052261448101108 0.0007364249448940783 -33.838484364154 -0.0007364249448940783 1.052261448101108 -8.234086620876901
277 1.0543745289505566 0.0014865042132373551 -35.32103201789763 -0.0014865042132373551 1.0543745289505566 -8.706625360646848
278 1.0591205513949415 0.001866916185097503 -37.800631868104134 -0.001866916185097503 1.0591205513949415 -7.652522506030138
279 1.062521797775034 -0.0006625282414291498 -38.879126747049824 0.0006625282414291498 1.062521797775034 -8.663919007118013
280 1.061247640477248 -0.00410091269593377 -38.694737138558445 0.00410091269593377 1.061247640477248 -8.990929513168245
281 1.0618363238552162 -0.002609876251507677 -37.10720663027691 0.002609876251507677 1.0618363238552162 -9.526103309218769
282 1.064289579507565 0.0010160030678598325 -42.61843021868044 -0.0010160030678598325 1.064289579507565 -11.59636254498794
283 1.0253706125378335 -0.00017905737937815198 -17.789183557371956 0.00017905737937815198 1.0253706125378335 -9.47248753671909
284 1.0269454341608184 0.004594233130256834 -19.768155538851943 -0.004594233130256834 1.0269454341608184 -7.514758207800765
285 1.0324105124771503 0.0031591858545406823 -20.95722768351677 -0.0031591858545406823 1.0324105124771503 -5.410309032239995
286 1.0284608727111344 0.0029170637829740165 -20.021652631868246 -0.0029170637829740165 1.0284608727111344 -0.977751669042697
287 1.028025131467858 -0.0011588171583582318 -19.266229364678253 0.0011588171583582318 1.028025131467858 -2.3382252828991907
288 1.0271003933671328 -0.004603961102474246 -18.458723137713513 0.004603961102474246 1.0271003933671328 -5.483878206263396
289 1.0269815264211863 -0.0007368862026747264 -18.860679624734104 0.0007368862026747264 1.0269815264211863 -2.200446617557363
290 1.0287971993702234 -0.002075867566021312 -19.57515037046565 0.002075867566021312 1.0287971993702234 -1.885738508858678
291 1.0288578089402645 -0.0013538817325726247 -20.031275355915515 0.0013538817325726247 1.0288578089402645 -1.4832392983378366
292 1.0294174163624679 -0.002924722704500133 -20.5034908476607 0.002924722704500133 1.0294174163624679 -4.932724422499875
293 1.0356629745103474 -0.003279410279609005 -23.966768851190544 0.003279410279609005 1.0356629745103474 -8.782709253704532
294 1.0327667850794375 -0.003166650789616236 -22.55765770863732 0.003166650789616236 1.0327667850794375 -8.732224568227847
295 1.0346353474947914 -0.0005437587010328004 -24.687640044432353 0.0005437587010328004 1.0346353474947914 -6.372874526479694
296 1.031612611127045 -0.001631338394547471 -22.36154123615611 0.001631338394547471 1.031612611127045 -6.188857767135886
297 1.0345436531593972 -0.0001247996402969796 -24.350154629219947 0.0001247996402969796 1.0345436531593972 -6.096422814471604
298 1.0370689385402596 -0.0016587341808098966 -25.62848929282857 0.0016587341808098966 1.0370689385402596 -7.8210034352160465
299 1.0383018666474892 -0.0019608636477738564 -26.880069835224518 0.0019608636477738564 1.0383018666474892 -7.68037301916039
300 1.0397866192826137 -0.00357563879777943 -27.61498203564428 0.00357563879777943 1.0397866192826137 -8.400195110528813
301 1.0369821891106732 -0.0028609413676183764 -25.577748215244597 0.0028609413676183764 1.0369821891106732 -7.093522130697445
302 1.0334491146962925 -0.0036403709152681048 -22.88811131835055 0.0036403709152681048 1.0334491146962925 -7.231204470437437
303 1.0303707952259338 -0.0025092616701569786 -21.045258975558102 0.0025092616701569786 1.0303707952259338 -5.882379511454915
304 1.0304879494358916 -0.0023166203140589157 -21.110029303394995 0.0023166203140589157 1.0304879494358916 -5.471717286214364
305 1.0273783220759594 -0.000818878597091391 -19.00373393189266 0.000818878597091391 1.0273783220759594 -4.27821184148901
306 1.0388725043717273 -0.001044693433289436 -25.938611831592198 0.001044693433289436 1.0388725043717273 -6.188379419718121
307 1.0405961908335821 -0.0006404430708099542 -26.913972990135512 0.0006404430708099542 1.0405961908335821 -7.000289436683061
308 1.035790156187756 9.891656786833515e-07 -24.137247624808094 -9.891656786833515e-07 1.035790156187756 -5.417806235563282
309 1.0312167401104513 0.00016378886159699275 -21.453310560373904 -0.00016378886159699275 1.0312167401104513 -4.876096091645018
310 1.0375095683113682 -0.0014349687995349682 -24.851421993296835 0.0014349687995349682 1.0375095683113682 -7.4567540383015025
311 1.0434665372478744 -0.0019526766651858736 -28.825374028089378 0.0019526766651858736 1.0434665372478744 -8.084823764478756
312 1.0275017211131374 3.8453395622462354e-05 -18.321376827617417 -3.8453395622462354e-05 1.0275017211131374 -3.78786293567171
313 1.0302224025840834 -0.0007309674454853534 -20.044140670511048 0.0007309674454853534 1.0302224025840834 -4.256543870660266
314 1.0273900387428283 -0.0032084268315133984 -17.552642649147508 0.0032084268315133984 1.0273900387428283 -5.5255315298588465
315 1.023592459634518 -0.0018174351009351852 -15.720903956966392 0.0018174351009351852 1.023592459634518 -4.371010886582443
316 1.0264956469471702 -0.0015939926092264677 -16.921939809956026 0.0015939926092264677 1.0264956469471702 -4.387555399204075
317 1.025086757292643 -0.0012320419650779498 -16.700246733883972 0.0012320419650779498 1.025086757292643 -4.662756215049624
318 1.0329755450971185 -0.00019122484071416515 -20.98423895581786 0.00019122484071416515 1.0329755450971185 -6.5655719565916595
319 1.0273509320625822 0.002022983160051734 -18.542302251867774 -0.002022983160051734 1.0273509320625822 -4.127805447546494
320 1.0318592805166709 0.0012653154070750901 -20.36864690942107 -0.0012653154070750901 1.0318592805166709 -4.458204314259253
321 1.0349632405250218 0.0011898221218827518 -22.55407738610724 -0.0011898221218827518 1.0349632405250218 -4.1800881347721806
322 1.0273016005927968 -0.00021572528532022095 -17.754975196444434 0.00021572528532022095 1.0273016005927968 -4.628800958694415
323 1.0390559116888665 -0.0010926550510856749 -24.14710581871209 0.0010926550510856749 1.0390559116888665 -6.458820505348804
324 1.0405827729736368 -0.003110764394073471 -25.195569213704875 0.003110764394073471 1.0405827729736368 -8.557818255077377
325 1.0383081131877718 -0.0025566113599243684 -23.924919623721596 0.0025566113599243684 1.0383081131877718 -7.480722506343037
326 1.0278050360313287 -0.002380741000038796 -17.977034649537448 0.002380741000038796 1.0278050360313287 -5.937042026080643
327 1.0394038039691618 -0.0009000314394911023 -25.988170895755026 0.0009000314394911023 1.0394038039691618 -7.297096814446454
328 1.0253254257718516 -0.00010264543286099765 -16.575616244320585 0.00010264543286099765 1.0253254257718516 -4.812782775903244
329 1.0434633246866394 0.00038764924275852384 -27.610638418142873 -0.00038764924275852384 1.0434633246866394 -7.190875552786167
330 1.0247598763359893 0.0014085520152416443 -16.288013587794644 -0.0014085520152416443 1.0247598763359893 -3.2712638787058386
331 1.0292027252765816 0.0018917902131384981 -19.659467145540695 -0.0018917902131384981 1.0292027252765816 -2.653253242746883
332 1.0264323468360819 0.002528422019827413 -18.04111548774609 -0.002528422019827413 1.0264323468360819 -1.8059938374137443
333 1.0276206963853662 -0.0014638079610926594 -19.136409549224815 0.0014638079610926594 1.0276206963853662 -3.658024138535813
334 1.0255491701716093 0.0026035885719785544 -19.114293404456447 -0.0026035885719785544 1.0255491701716093 -2.7047424552975476
335 1.0257278669046592 0.0021041644815053984 -18.767707202560356 -0.0021041644815053984 1.0257278669046592 -2.51711907568332
336 1.0247892180299463 0.0009373910306698489 -18.124632889629286 -0.0009373910306698489 1.0247892180299463 -2.7641564097618256
337 1.0302172665742773 0.00110601935325337 -20.830776265183037 -0.00110601935325337 1.0302172665742773 -2.228697079616363
338 1.0261095143751309 0.00036162566841857827 -18.684675150495654 -0.00036162566841857827 1.0261095143751309 -3.9203497147752637
339 1.0269117383909252 0.002740248878006505 -19.62580852435265 -0.002740248878006505 1.0269117383909252 -4.120026363843703
340 1.0281969420962376 0.0011352164426011082 -19.341994753695502 -0.0011352164426011082 1.0281969420962376 -5.505429162212401
341 1.0277540116900599 0.0023530028521211444 -19.118000465182895 -0.0023530028521211444 1.0277540116900599 -3.998301898330819
342 1.028340766649114 0.0027487082891527637 -18.878073750285402 -0.0027487082891527637 1.028340766649114 -2.700109090951776
343 1.028317704224885 0.0036286834231244553 -18.609919834298086 -0.0036286834231244553 1.028317704224885 -1.028429963664994
344 1.0274725935248221 0.0015111544034639374 -17.00624750495337 -0.0015111544034639374 1.0274725935248221 -1.7616870945190704
345 1.022029734732283 0.00014255007027729944 -14.509089665734615 -0.00014255007027729944 1.022029734732283 -1.9709726023139411
346 1.0240161821315898 -6.378900241584722e-05 -14.40941084134617 6.378900241584722e-05 1.0240161821315898 -3.583430882614271
347 1.0306905695642803 -0.0025731453640512074 -19.059400217499864 0.0025731453640512074 1.0306905695642803 -6.76966391466223
348 1.0217002726326083 8.855320613152667e-06 -13.800162478903047 -8.855320613152667e-06 1.0217002726326083 -4.817473553182914
349 1.0197968131188633 -0.0012109868318062585 -12.441766744125715 0.0012109868318062585 1.0197968131188633 -4.616987298542628
350 1.0216492092656848 0.0006614402489174047 -13.768085293631993 -0.0006614402489174047 1.0216492092656848 -3.33525648233572
351 1.0200118258150315 0.0007503650525767725 -12.327776269122555 -0.0007503650525767725 1.0200118258150315 -2.979203458830311
352 1.0198340707248226 0.0018656948625956672 -11.286760435538033 -0.0018656948625956672 1.0198340707248226 -2.325888563356676
353 1.0203014422842798 0.001051186879302642 -11.081827455072204 -0.001051186879302642 1.0203014422842798 -3.1218391519318454
354 1.0184225141716603 0.0013864400055956564 -9.883523481216988 -0.0013864400055956564 1.0184225141716603 -1.9188291662731116
355 1.0160834767392126 -0.0007123060733947068 -9.13692617965167 0.0007123060733947068 1.0160834767392126 -2.568675489812864
356 1.024160918133766 0.00016151732907599016 -11.556017689421255 -0.00016151732907599016 1.024160918133766 -3.5900006897213004
357 1.015002510202419 -0.0014190501645112421 -8.398067292685369 0.0014190501645112421 1.015002510202419 -2.831101564159953
358 1.0180249609764909 -4.192522993964577e-05 -9.465670764470358 4.192522993964577e-05 1.0180249609764909 -2.6786852351363812
359 1.0189302643066345 -5.478437224233786e-05 -9.32852983105698 5.478437224233786e-05 1.0189302643066345 -2.6431545010656823
360 1.0155816792754266 0.0014159745609614242 -7.981625329256977 -0.0014159745609614242 1.0155816792754266 -0.7013961882132462
361 1.018169164797257 0.001993724821649496 -7.371045841365772 -0.001993724821649496 1.018169164797257 -0.6733921228287468
362 1.0154537987876076 0.0007957398230484671 -6.3167216669643 -0.0007957398230484671 1.0154537987876076 -2.1453921331492722
363 1.0145186658472924 -6.539991081886914e-05 -6.0649484140333065 6.539991081886914e-05 1.0145186658472924 -3.5269360226882958
364 1.0160398345389703 -0.0010122469412735342 -6.7220283969060395 0.0010122469412735342 1.0160398345389703 -4.33110725981716
365 1.0161351322629983 0.001235168616763003 -7.129026240305722 -0.001235168616763003 1.0161351322629983 -3.4966296838771123
366 1.015173300695585 0.0019457065756322773 -7.0396146216226 -0.0019457065756322773 1.015173300695585 -1.1118016994923403
367 1.0158496753023283 0.00032757935591215683 -7.16411821723075 -0.00032757935591215683 1.0158496753023283 -2.629119325064019
368 1.0142137457380653 -0.0006407035360267238 -6.4458653716144685 0.0006407035360267238 1.0142137457380653 -2.865820071919339
369 1.0161300830863067 -0.0006361658032999301 -7.177077130724908 0.0006361658032999301 1.0161300830863067 -3.10725576087649
370 1.0155540947950241 0.00019859572578353817 -6.8306720120095665 -0.00019859572578353817 1.0155540947950241 -2.663466219755306
371 1.01446271667864 0.00010475397296845447 -6.279611552995899 -0.00010475397296845447 1.01446271667864 -2.470286022302089
372 1.0148515995906928 0.0005625070319538868 -7.259154187309188 -0.0005625070319538868 1.0148515995906928 -2.063115033460454
373 1.0149438135631976 -0.00011719289292583223 -7.44307728062786 0.00011719289292583223 1.0149438135631976 -2.6722676031596513
374 1.0142848490259366 -0.001048416529758895 -7.82646707174919 0.001048416529758895 1.0142848490259366 -2.864036868924783
375 1.0132049727202161 -0.0017115856321377305 -8.715937414832679 0.0017115856321377305 1.0132049727202161 -2.7363326686856135
376 1.0140422123360886 -0.001647916412960561 -10.230136733578634 0.001647916412960561 1.0140422123360886 -2.661571803750819
377 1.0129660802908618 0.0002418723452186747 -11.190728224729588 -0.0002418723452186747 1.0129660802908618 -1.1408461117153004
378 1.0122716477698177 0.001510211230427952 -11.059974086006914 -0.001510211230427952 1.0122716477698177 -0.535735013550539
379 1.0120010478094774 0.0023442246307990794 -11.104950740251802 -0.0023442246307990794 1.0120010478094774 -0.4113150705169256
380 1.0116629516445264 0.0003255955744802727 -10.585243239311621 -0.0003255955744802727 1.0116629516445264 -2.3248595452533403
381 1.010247301755358 -0.0013996065256252255 -9.545878811214191 0.0013996065256252255 1.010247301755358 -3.3357276691847955
382 1.010014312261537 -0.0005625083688616226 -8.699626564201068 0.0005625083688616226 1.010014312261537 -2.62653174374652
383 1.0095638770467676 0.0021111251460717607 -8.946408607066116 -0.0021111251460717607 1.0095638770467676 -0.09465186582155131
384 1.0087718523088527 0.0014510557724451915 -8.414002635053345 -0.0014510557724451915 1.0087718523088527 -0.649274359402343
385 1.0081683200766087 -0.0004541157669210175 -6.938521187634913 0.0004541157669210175 1.0081683200766087 -2.127065840394542
386 1.007698953695936 -0.0016210680455090109 -6.487459965758609 0.0016210680455090109 1.007698953695936 -2.4216744065159577
387 1.006226156264594 -0.002888109832354093 -5.848621622376209 0.002888109832354093 1.006226156264594 -3.2671583555647548
388 1.0061276198121218 -0.00211369912610162 -5.224480112106655 0.00211369912610162 1.0061276198121218 -2.1552989051518248
389 1.0051247899073328 0.0005011746810356485 -5.469599410887473 -0.0005011746810356485 1.0051247899073328 0.9104476418315706
390 1.005112496496885 0.002436031540873222 -5.349967599232679 -0.002436031540873222 1.005112496496885 1.502543675989966
391 1.0047131925876107 0.0011908633202589258 -4.527491647158037 -0.0011908633202589258 1.0047131925876107 -0.3611199373435823
392 1.004679303892882 -0.0016822658691445585 -4.024631561195942 0.0016822658691445585 1.004679303892882 -2.3994322797481766
393 1.0040337175373117 -0.001467934821426842 -3.2267462669220093 0.001467934821426842 1.0040337175373117 -1.1052160450284843
394 1.0034363412879899 -6.066468479805706e-05 -3.1515238972270163 6.066468479805706e-05 1.0034363412879899 0.4264223387393132
395 1.0032212079161311 0.0006197919834631089 -3.049160487719898 -0.0006197919834631089 1.0032212079161311 0.43322833721572795
396 1.0030463649889017 0.00012678394654441066 -2.663194399898256 -0.00012678394654441066 1.0030463649889017 -0.20749019676909947
397 1.0027139995340466 -0.00014799529883593768 -2.3722902702574378 0.00014799529883593768 1.0027139995340466 0.0537034487950075
398 1.0024537373595444 0.00027742808698529963 -2.3211535667316996 -0.00027742808698529963 1.0024537373595444 0.17954181800605168
399 1.002270878645386 0.0002122606933814545 -2.0022940039337938 -0.0002122606933814545 1.002270878645386 -0.3715418102546594
400 1.0019616164501643 -0.00026019485409990115 -1.549484340532249 0.00026019485409990115 1.0019616164501643 -0.5669810327802182
401 1.0016048223669634 -0.00038569046313386026 -1.2794248932581196 0.00038569046313386026 1.0016048223669634 -0.5828119248691288
402 1.0012546254429924 0.0002977278191267942 -1.1082566253857673 -0.0002977278191267942 1.0012546254429924 -0.2160115820573378
403 1.0008397041279327 0.000635061371053526 -0.782844828631131 -0.000635061371053526 1.0008397041279327 0.09505162316780721
404 1.000274666730411 0.0003304073798636872 -0.3073767369867162 -0.0003304073798636872 1.000274666730411 0.07134330154501978
405 0.999814347450017 -0.0003630328403463554 0.21663459118000447 0.0003630328403463554 0.999814347450017 -0.0610286273255658
406 0.9996653407484365 -0.00045513555347363705 0.3558895419716133 0.00045513555347363705 0.9996653407484365 0.8286990925636828
407 0.9997850307210221 3.780756104623772e-05 0.15132979175807396 -3.780756104623772e-05 0.9997850307210221 1.400131222616805
408 1.0001221746364024 0.00031472201304362366 -0.12198385125529462 -0.00031472201304362366 1.0001221746364024 0.1552644288725241
409 1.0000609324935723 0.00038236604213204127 -0.10189676905119685 -0.00038236604213204127 1.0000609324935723 -0.14378711877550168
410 0.9999751898890159 0.00010626419793392677 -0.030176481375723548 -0.00010626419793392677 0.9999751898890159 0.40994475869166763
411 1.0001261515453033 -0.00011490212693730606 -0.04027759675179457 0.00011490212693730606 1.0001261515453033 -0.2837982529858282
412 1.0000700852110571 -5.3974129346743584e-05 -0.024350896802180312 5.3974129346743584e-05 1.0000700852110571 -0.17171554199809552
413 1.0000100306372426 0.00013474316539156377 -0.05394848413935265 -0.00013474316539156377 1.0000100306372426 0.38365505447252923
414 1.0000573162661972 -1.5846795022898884e-07 -0.024152291355540645 1.5846795022898884e-07 1.0000573162661972 -0.17896966965127858
415 1.0000387983516752 -2.141809483571935e-05 -0.025887556566294306 2.141809483571935e-05 1.0000387983516752 -0.013165269531415528
416 0.9999905646470354 -4.4473318845000735e-05 -0.00380522122668359 4.4473318845000735e-05 0.9999905646470354 0.05149176245951259
417 1.0000335379595098 0.00013553359295867708 -0.042935183429146664 -0.00013553359295867708 1.0000335379595098 0.08161583767421166
418 1.0000317965227898 0.00011048187721787565 -0.008187020488658374 -0.00011048187721787565 1.0000317965227898 0.07005166661451591
419 1.0000169162671861 3.382257741988931e-05 -0.02121789433640825 -3.382257741988931e-05 1.0000169162671861 0.05875964507585253
420 0.9999760588801119 -6.500244139300697e-06 0.02974630377829195 6.500244139300697e-06 0.9999760588801119 0.026151148220700388
421 0.99998935051703 0.00012203745691243148 0.007182070334309162 -0.00012203745691243148 0.99998935051703 0.08858706733376917
422 0.9999777878594168 8.584109043691708e-05 -0.013264763288626016 -8.584109043691708e-05 0.9999777878594168 0.07972984376629495
423 0.9998947564532056 -2.6445089909491522e-05 0.11470684372412729 2.6445089909491522e-05 0.9998947564532056 -0.025979982061881506
424 1.0000383668319526 3.950306821188802e-06 -0.06558513285267605 -3.950306821188802e-06 1.0000383668319526 0.032427455821353736
425 1.000006360975643 -5.1291860623123345e-06 0.01931937601362833 5.1291860623123345e-06 1.000006360975643 -0.03394392198686155
426 1.0000009949762123 8.857486324535926e-05 -0.015674486886701026 -8.857486324535926e-05 1.0000009949762123 0.05570677149941458
427 0.9999924035648227 -7.164203821301159e-05 0.011275480257887925 7.164203821301159e-05 0.9999924035648227 -0.026760926364743035
428 1.000010120607668 -8.080254131508452e-06 0.013574553586535292 8.080254131508452e-06 1.000010120607668 -0.0434448235965617
429 0.9999979701529199 2.7352251914521086e-06 -0.0146312106807844 -2.7352251914521086e-06 0.9999979701529199 -0.010440854120791286
430 0.9999868496973652 2.888442797105962e-05 0.01031571117392317 -2.888442797105962e-05 0.9999868496973652 0.0386018360182951
431 0.99999861472643 -6.326804751717396e-05 0.015886408905867726 6.326804751717396e-05 0.99999861472643 -0.05519397341593467
432 0.9999982934512037 3.281675460367367e-06 -0.008376517697119282 -3.281675460367367e-06 0.9999982934512037 0.006934946228706551
433 0.9999961562815474 1.9677702671376456e-05 0.01825556813715946 -1.9677702671376456e-05 0.9999961562815474 0.0016550881966623159
434 0.9999928271682187 1.4244237679904574e-06 -0.007093915166541759 -1.4244237679904574e-06 0.9999928271682187 0.016075394774197144
435 0.9999925065428793 1.9991613045059025e-05 -0.007143056404266007 -1.9991613045059025e-05 0.9999925065428793 0.02718926250359196
436 1.0000059987413188 -7.18259306530132e-05 0.011282540139883314 7.18259306530132e-05 1.0000059987413188 -0.09727807473963364
437 0.9999866061187932 7.276757428558228e-05 -0.002458409295551586 -7.276757428558228e-05 0.9999866061187932 0.1130190267038588
438 0.9999918089749443 -2.090403105869012e-05 0.004153290133330453 2.090403105869012e-05 0.9999918089749443 -0.06465139447698098
439 1.0000067925637777 1.3066374394343915e-05 -0.004230049895514936 -1.3066374394343915e-05 1.0000067925637777 0.026233656287939645
440 0.9999993178317095 -2.223062484385282e-05 -0.002524752754128615 2.223062484385282e-05 0.9999993178317095 -0.015870756609829506
441 1.0000041987573824 3.288982830164047e-05 0.004105831182067251 -3.288982830164047e-05 1.0000041987573824 0.002759574078086675
442 0.9999956041657432 -7.317218936602906e-06 -0.0036971411853143265 7.317218936602906e-06 0.9999956041657432 0.02984435932165511
443 1.000006266876326 8.79969884437993e-06 -0.0001737818935574861 -8.79969884437993e-06 1.000006266876326 -0.04611695470344553
444 0.9999894409000308 1.875653450046836e-05 -0.0019829497941313504 -1.875653450046836e-05 0.9999894409000308 0.05570989659245443
445 1.000006375998767 -1.0883952600274624e-05 0.008096891992079466 1.0883952600274624e-05 1.000006375998767 -0.009543303845986667
446 1.0000129160976683 3.3283704137079996e-06 -0.007673317757086488 -3.3283704137079996e-06 1.0000129160976683 -0.02736707370846762
