0 1.0 0.0 0.0 0.0 1.0 0.0
1 1.0182013165179937 -0.0003752621430009458 -16.039934537501548 0.0003752621430009458 1.0182013165179937 -3.869968676755837
2 1.0158027603613176 -0.00257811598594042 -15.311227138438632 0.00257811598594042 1.0158027603613176 -6.030292686861347
3 1.0174073496229192 -0.0014817310977426707 -17.53416622076192 0.0014817310977426707 1.0174073496229192 -5.619701764542572
4 1.0159336996239219 -0.002621775916421952 -17.48582728297087 0.002621775916421952 1.0159336996239219 -6.265513162914801
5 1.0228634113840418 -0.004037670743867366 -22.693386633331237 0.004037670743867366 1.0228634113840418 -5.922368877151548
6 1.0239123002881738 -0.00419288046080697 -25.1921434882681 0.00419288046080697 1.0239123002881738 -5.128700903610884
7 1.017593158822075 -0.002903737042616865 -23.441330791217375 0.002903737042616865 1.017593158822075 -2.3894312270948768
8 1.0150149385122227 -0.0034286881771741595 -23.865714883579276 0.0034286881771741595 1.0150149385122227 -3.2573206177589222
9 1.011886452413509 -0.0032933030354375167 -24.05836895221286 0.0032933030354375167 1.011886452413509 -3.73052603752883
10 1.0061415981271986 -0.0013447769069638916 -22.459773537201876 0.0013447769069638916 1.0061415981271986 -1.9521188138306558
11 1.0183350912692364 -0.0035947638249969422 -32.758649192922654 0.0035947638249969422 1.0183350912692364 -3.720469940120745
12 1.007198267910892 -0.006083148936726361 -28.612028156632306 0.006083148936726361 1.007198267910892 -1.6958920021163102
13 1.039424230318453 -0.0071191625623437055 -48.88807104883349 0.0071191625623437055 1.039424230318453 -4.548554470786253
14 1.0100588322749702 -0.005676968195533988 -35.768527736282095 0.005676968195533988 1.0100588322749702 -2.096094731883787
15 1.0177569950923666 -0.004327407070477894 -43.14241242266221 0.004327407070477894 1.0177569950923666 -3.741695935970219
16 0.9869574378715751 -0.009753995867579336 -21.61257682433337 0.009753995867579336 0.9869574378715751 -5.135712369951859
17 1.0031054160841308 -0.005387625556491522 -33.09850371934729 0.005387625556491522 1.0031054160841308 -2.863731286210494
18 1.0003130080171228 -0.0049491343996097914 -32.00783967331281 0.0049491343996097914 1.0003130080171228 -3.764465768686685
19 0.9893981450708582 -0.004132648665243776 -23.03275506329369 0.004132648665243776 0.9893981450708582 -2.2239295126168845
20 1.0155731546670386 -0.000500012947968813 -42.432042828789804 0.000500012947968813 1.0155731546670386 -2.3313973973820694
21 0.9904020974121351 -0.0021868182306744094 -25.161449644866483 0.0021868182306744094 0.9904020974121351 -0.42145831693880836
22 1.003580561209112 -0.005259910694529308 -35.08285889543717 0.005259910694529308 1.003580561209112 -3.1114426749122437
23 1.0252517819956777 -0.00674946713881925 -48.66750453798752 0.00674946713881925 1.0252517819956777 -6.551344396485598
24 1.000951052000116 -0.012611259164997052 -35.31658177772298 0.012611259164997052 1.000951052000116 -8.099727652799634
25 0.9874314647709845 -0.010331390224683129 -25.78685287355465 0.010331390224683129 0.9874314647709845 -6.548720843932232
26 0.9881011064700436 -0.00661714343496625 -29.403872301465796 0.00661714343496625 0.9881011064700436 -6.426349509016127
27 0.9941153967577211 -0.006392205315250498 -35.717103079937154 0.006392205315250498 0.9941153967577211 -5.913205098888233
28 0.9989498693676934 -0.006837656546063234 -40.44026642962971 0.006837656546063234 0.9989498693676934 -5.060421499521419
29 0.9960741936889193 -0.007053237020346345 -38.60259755605284 0.007053237020346345 0.9960741936889193 -4.975314363432809
30 1.021729499981203 -0.006271671098022481 -54.895683040707496 0.006271671098022481 1.021729499981203 -8.576168179558518
31 1.0256468467036928 -0.006651312165491103 -57.071798038471236 0.006651312165491103 1.0256468467036928 -9.558673935611004
32 1.0336383457623801 -0.0029835886017935916 -62.454157487861565 0.0029835886017935916 1.0336383457623801 -7.622046640556645
33 1.0486797795173535 -0.0034239233437638648 -70.8016533937538 0.0034239233437638648 1.0486797795173535 -9.863172724889683
34 1.0014434364468585 0.0008444999622710984 -41.34157325441478 -0.0008444999622710984 1.0014434364468585 -0.6317325564119303
35 1.0091565100349638 0.00034821077355975515 -44.907884660701406 -0.00034821077355975515 1.0091565100349638 -1.7697597215505387
36 1.015078190605148 0.0017061207173082247 -44.966103232168194 -0.0017061207173082247 1.015078190605148 -1.699147403184075
37 1.028218952647145 0.0022916331022340606 -47.42801119318326 -0.0022916331022340606 1.028218952647145 -2.915296397337362
38 1.02632638111111 0.003046570424200126 -42.54583006787933 -0.003046570424200126 1.02632638111111 -1.7409415216525477
39 1.0265840296805016 0.001448326560833084 -38.08882758289061 -0.001448326560833084 1.0265840296805016 -2.6853237140625943
40 1.0216148731854904 -0.00042297189766896126 -30.78126315240377 0.00042297189766896126 1.0216148731854904 -3.858619515921986
41 1.0284027722536364 0.0013493592868726119 -30.284845226335058 -0.0013493592868726119 1.0284027722536364 -3.68352986821411
42 1.0299395350717202 0.0029741100905052204 -27.888336070540934 -0.0029741100905052204 1.0299395350717202 -2.434078517256598
43 1.0185014738915716 0.0022462279892862293 -19.466713118011057 -0.0022462279892862293 1.0185014738915716 -0.5297748554583425
44 1.0252813544735422 0.002617937640046959 -17.913831228927837 -0.002617937640046959 1.0252813544735422 -1.804306524940756
45 1.0169613893103588 0.0023310234628533474 -12.211571795771473 -0.0023310234628533474 1.0169613893103588 -1.1624150092680652
46 1.0171727899618181 0.0023551133580810546 -11.065182012443785 -0.0023551133580810546 1.0171727899618181 -1.1248447900380443
47 1.0193248704762976 0.0006785510847511787 -11.209167378510898 -0.0006785510847511787 1.0193248704762976 -2.9791928031305748
48 1.0185174331137714 0.001459547389331722 -10.015641643941121 -0.001459547389331722 1.0185174331137714 -2.9113588171237987
49 1.0194402158217453 0.0008155545580161888 -9.987134243291868 -0.0008155545580161888 1.0194402158217453 -3.4098043775564206
50 1.0195736471164594 0.001477738587113232 -10.132605636799804 -0.001477738587113232 1.0195736471164594 -1.6904386392257786
51 1.0207578912323423 0.0009425956426974687 -10.303687247841157 -0.0009425956426974687 1.0207578912323423 -1.6342960648329616
52 1.0216281548065975 0.0016332585665979882 -11.336199918086008 -0.0016332585665979882 1.0216281548065975 -2.3411708355871723
53 1.0202105576404776 0.002417554327776491 -10.133217027355393 -0.002417554327776491 1.0202105576404776 -3.8591702384258406
54 1.0232898095789222 0.002923048528728596 -12.072492236234172 -0.002923048528728596 1.0232898095789222 -3.7951473523040162
55 1.0240325897601068 0.0004115809587848586 -11.742327767958995 -0.0004115809587848586 1.0240325897601068 -3.745706527857136
56 1.0238431400606474 0.0014699702573375663 -11.589438693664162 -0.0014699702573375663 1.0238431400606474 -1.5990410944885418
57 1.0258263463620378 -0.0006290407960702535 -11.827631167908368 0.0006290407960702535 1.0258263463620378 -3.309067327443013
58 1.0266574220442963 -0.0005277454466597472 -11.972197770243804 0.0005277454466597472 1.0266574220442963 -4.14232119210112
59 1.0256254206737339 -0.0009186193274380355 -11.201909700773994 0.0009186193274380355 1.0256254206737339 -6.34801767939747
60 1.0273217603277383 0.0006226562945331254 -12.353062531772851 -0.0006226562945331254 1.0273217603277383 -6.169402284857501
61 1.0317178651795005 0.0005082485351124577 -13.369544922394793 -0.0005082485351124577 1.0317178651795005 -7.275544483642712
62 1.0283198405694802 0.0003524304066150049 -13.264033908813271 -0.0003524304066150049 1.0283198405694802 -5.578916075143772
63 1.02813689876017 0.0029928779041445077 -13.258738366828732 -0.0029928779041445077 1.02813689876017 -4.361273030613657
64 1.0281096243132817 0.0027085119389809254 -12.760345935607885 -0.0027085119389809254 1.0281096243132817 -2.7886161975273143
65 1.0264476812524888 0.004788087470845182 -11.86442734916796 -0.004788087470845182 1.0264476812524888 -0.029470701745369324
66 1.0269350563240036 0.004573658763111916 -12.181250095935034 -0.004573658763111916 1.0269350563240036 -0.7905721478356168
67 1.0278059558077992 0.00045661263664907104 -12.422228452531682 -0.00045661263664907104 1.0278059558077992 -6.35271741452676
68 1.0258122210924836 0.002648227083702898 -12.749820366111317 -0.002648227083702898 1.0258122210924836 -7.5003871474114385
69 1.0257796643217834 0.00021362726960220913 -13.00351247941537 -0.00021362726960220913 1.0257796643217834 -6.9948136193839305
70 1.0245347560029299 0.0018979348262100114 -13.147722360406657 -0.0018979348262100114 1.0245347560029299 -1.4513420182566708
71 1.0267268993765302 0.0008012760574439311 -13.481650782698583 -0.0008012760574439311 1.0267268993765302 1.5721407824892226
72 1.0261350176498463 -0.0013164998819287469 -13.180549962600937 0.0013164998819287469 1.0261350176498463 -1.6902832381342232
73 1.0277643791274589 -0.0009634720004174709 -15.230180904284707 0.0009634720004174709 1.0277643791274589 -4.817148422927756
74 1.0260104422369796 -0.00029272823485030535 -14.671737488915792 0.00029272823485030535 1.0260104422369796 -6.266280268043898
75 1.0262740466599936 -6.932656764779158e-05 -15.11130633804835 6.932656764779158e-05 1.0262740466599936 -6.119700931955385
76 1.0258607580634607 0.000762030576837861 -14.93216787166933 -0.000762030576837861 1.0258607580634607 -3.907417985799523
77 1.027185641429819 0.001369268453776988 -15.437395258589088 -0.001369268453776988 1.027185641429819 -3.071350693869525
78 1.0254444352466696 0.002075592583953772 -14.544661726427323 -0.002075592583953772 1.0254444352466696 -4.045625173416885
79 1.0297066556302845 0.001427113730658934 -16.922093155272933 -0.001427113730658934 1.0297066556302845 -4.670018153795881
80 1.031405948697561 0.0003925314784787454 -17.500562839437745 -0.0003925314784787454 1.031405948697561 -5.402611073055789
81 1.0287938752910089 0.004463037938267699 -16.471870240382447 -0.004463037938267699 1.0287938752910089 -5.354470945101613
82 1.030122395717176 0.0054545969203184394 -17.484255013015872 -0.0054545969203184394 1.030122395717176 -6.73622110233559
83 1.0272925036139369 0.0031812221783259283 -16.46096926130373 -0.0031812221783259283 1.0272925036139369 -4.587438006116667
84 1.0270096632288073 0.0071432792092639245 -16.92943216510181 -0.0071432792092639245 1.0270096632288073 -0.4171614684670828
85 1.0274529881441352 0.0018075154343411002 -15.347946647960223 -0.0018075154343411002 1.0274529881441352 -1.9456555814526946
86 1.028335060691985 0.004691466041371606 -16.397374288152005 -0.004691466041371606 1.028335060691985 0.506593748149993
87 1.0302209498342778 -0.0009629976762019631 -15.276080993020654 0.0009629976762019631 1.0302209498342778 -2.847056498340677
88 1.0298283648412712 -0.0017489338875980615 -15.375570803446637 0.0017489338875980615 1.0298283648412712 -3.1151845451774136
89 1.0316986763790414 -0.0007892830882549386 -15.96895285295401 0.0007892830882549386 1.0316986763790414 -4.305713578470719
90 1.0339735778058907 -0.002070354155230857 -17.368704541499923 0.002070354155230857 1.0339735778058907 -7.501539603993277
91 1.0334553939313307 -0.0022528708390613925 -17.361115282517137 0.0022528708390613925 1.0334553939313307 -7.219333055557467
92 1.0455251758346935 -0.0018621097265131073 -19.340621180216885 0.0018621097265131073 1.0455251758346935 -6.054164719969524
93 1.0348589110663562 0.001732884006372184 -17.798422358824112 -0.001732884006372184 1.0348589110663562 -3.1654952765244535
94 1.0363325738549065 0.0002703122347961348 -18.303731862813457 -0.0002703122347961348 1.0363325738549065 -4.202365416944862
95 1.0374642785102002 7.647821871550393e-05 -18.950612905370132 -7.647821871550393e-05 1.0374642785102002 -6.394174980753764
96 1.0391743826985052 -0.002620521719175928 -19.26550610007969 0.002620521719175928 1.0391743826985052 -9.80979763155862
97 1.0402881244401814 -0.0014451301874257956 -20.1631876567151 0.0014451301874257956 1.0402881244401814 -9.576261737247732
98 1.0375402790252652 -0.0017918521510863503 -19.323050156599173 0.0017918521510863503 1.0375402790252652 -8.15641326961222
99 1.0393866653051433 -0.0009168069629343417 -20.258104266022524 0.0009168069629343417 1.0393866653051433 -7.640927073163324
100 1.0386455248703164 0.0025000416094552507 -18.981517010780497 -0.0025000416094552507 1.0386455248703164 -6.904618363856163
101 1.0372008292771318 0.0005697452233270853 -19.55424477913755 -0.0005697452233270853 1.0372008292771318 -7.6254085528481275
102 1.0396711131332286 0.00022640956273737098 -20.581626804743138 -0.00022640956273737098 1.0396711131332286 -7.081038403894196
103 1.0391347396531614 0.0013813197704706634 -20.64457914900844 -0.0013813197704706634 1.0391347396531614 -5.755574953444713
104 1.0396474145225716 0.0022302743457804936 -20.755708939624906 -0.0022302743457804936 1.0396474145225716 -5.19753644859116
105 1.0439743319715284 0.0018887871254295641 -22.43812731743605 -0.0018887871254295641 1.0439743319715284 -7.2619919207311305
106 1.0470782941319137 0.0039696104342680045 -21.87059733272922 -0.0039696104342680045 1.0470782941319137 -6.831908897159884
107 1.0427979787315036 0.0018809436375350622 -23.456810090734837 -0.0018809436375350622 1.0427979787315036 -7.40312932003153
108 1.042846132012183 0.00013934462772669204 -24.11493943421935 -0.00013934462772669204 1.042846132012183 -8.451313164629727
109 1.0334740011639885 0.00413581212267578 -16.704935032604972 -0.00413581212267578 1.0334740011639885 -4.246517950398308
110 1.033762528838696 0.0033213615588451504 -16.468366185292968 -0.0033213615588451504 1.033762528838696 -3.7561411625228693
111 1.0353952874763706 0.004256085188539101 -17.255040511345218 -0.004256085188539101 1.0353952874763706 -2.715697130664937
112 1.0375029315813848 0.003306562456402568 -16.710747136548733 -0.003306562456402568 1.0375029315813848 -3.516081863629599
113 1.0339507516182442 0.0021805477018404817 -16.731144399452628 -0.0021805477018404817 1.0339507516182442 -3.7119340458583623
114 1.0408527140833332 0.002740892642525621 -18.760401309722976 -0.002740892642525621 1.0408527140833332 -4.929874812281909
115 1.0437304105387837 0.002756590602684423 -18.3089989985023 -0.002756590602684423 1.0437304105387837 -3.82504956646878
116 1.0338022558059001 0.0010983834515430296 -17.602844371343807 -0.0010983834515430296 1.0338022558059001 -4.181658056662823
117 1.0317186291482554 0.0006898548573479699 -16.15765804768865 -0.0006898548573479699 1.0317186291482554 -6.491285318202245
118 1.0307359106440308 0.00157361647955798 -16.193722103191607 -0.00157361647955798 1.0307359106440308 -6.325731977456427
119 1.0223682264269323 0.0010230251020891062 -11.619716520507042 -0.0010230251020891062 1.0223682264269323 -4.043541485231541
120 1.0226760568585425 0.0028810263676740605 -11.314444785376587 -0.0028810263676740605 1.0226760568585425 -2.2028102996205337
121 1.0366040394146154 0.0009239754896753448 -17.12246524052831 -0.0009239754896753448 1.0366040394146154 -6.331576022546637
122 1.0257480875775138 0.001064503443352511 -12.7371580665634 -0.001064503443352511 1.0257480875775138 -5.448025508620877
123 1.0219899328201723 -0.0008587948735736612 -10.989098681845872 0.0008587948735736612 1.0219899328201723 -7.179568160366521
124 1.02390613068651 -0.00026415811705284535 -11.983229956802349 0.00026415811705284535 1.02390613068651 -5.523857985373215
125 1.0235766734587874 0.0016867964558888826 -11.85836694161136 -0.0016867964558888826 1.0235766734587874 -0.8905775789787596
126 1.0242688184667166 0.0033556627922426844 -12.727452521798522 -0.0033556627922426844 1.0242688184667166 -1.8399810741219318
127 1.0255643947196162 -0.0004915903609615566 -12.06670761343904 0.0004915903609615566 1.0255643947196162 -5.302368122341819
128 1.0219727524553857 0.0006987656854792501 -11.447820596361534 -0.0006987656854792501 1.0219727524553857 -2.877314480973831
129 1.0259936322009096 -0.0010630602859475376 -11.764864876970943 0.0010630602859475376 1.0259936322009096 -5.342492421970531
130 1.0266601821173684 0.0011068264446490088 -12.245268889663542 -0.0011068264446490088 1.0266601821173684 -4.990832091084408
131 1.0269687230766673 0.002938623870969621 -12.65728477935731 -0.002938623870969621 1.0269687230766673 -3.636839630980903
132 1.0312375472893576 0.004457765254871622 -14.016861162284084 -0.004457765254871622 1.0312375472893576 -3.5515746208178447
133 1.0230051138357252 0.0013625577796363125 -11.852858927552067 -0.0013625577796363125 1.0230051138357252 -3.632450080401206
134 1.0270515854773874 0.0032303371847252427 -13.010777296559933 -0.0032303371847252427 1.0270515854773874 -2.2132683741821513
135 1.0252927402820204 -0.0012882347429997538 -12.25157093010878 0.0012882347429997538 1.0252927402820204 -1.8154121764750117
136 1.0209497380305015 -0.0012276187666364685 -10.44182399051809 0.0012276187666364685 1.0209497380305015 -1.5386393995774297
137 1.022796489297175 -0.0017385133225547582 -11.867214284002086 0.0017385133225547582 1.022796489297175 -4.18520937976644
138 1.0277867108456344 -0.0031341104919950123 -13.517315581730127 0.0031341104919950123 1.0277867108456344 -6.277511502028724
139 1.025461689908968 -0.002256656051069508 -13.12439007472216 0.002256656051069508 1.025461689908968 -5.149467262610999
140 1.0269222984926893 -0.0020011110012088306 -14.302721078402627 0.0020011110012088306 1.0269222984926893 -6.809747406010578
141 1.020540990024243 -0.0035012242184194564 -10.767843981891367 0.0035012242184194564 1.020540990024243 -5.676151007028583
142 1.0205780313780373 -0.002821691921152734 -10.876728117769382 0.002821691921152734 1.0205780313780373 -5.006251161960084
143 1.0195249091876397 -0.0008334786380646448 -10.639218789302557 0.0008334786380646448 1.0195249091876397 -5.936023357158806
144 1.022724906218045 0.0007233528165289563 -12.647260648109297 -0.0007233528165289563 1.022724906218045 -6.677191926470458
145 1.024733374510916 0.0011320561815169796 -13.198060257042874 -0.0011320561815169796 1.024733374510916 -5.554972504329254
146 1.0235943552877422 0.0018695010736975795 -12.921530644570446 -0.0018695010736975795 1.0235943552877422 -3.04408679088736
147 1.0225308853166133 0.002631633828450483 -12.642255354083836 -0.002631633828450483 1.0225308853166133 -1.4804742152178973
148 1.0227542881729075 0.0037635081830372803 -13.360701456293349 -0.0037635081830372803 1.0227542881729075 -0.6451677286965452
149 1.0219798166203877 0.0037943526419947993 -12.354010235082411 -0.0037943526419947993 1.0219798166203877 -0.026338954469643128
150 1.0219966496785509 0.00132389657370051 -11.80796699348388 -0.00132389657370051 1.0219966496785509 -0.9337406877592396
151 1.0224173351208052 0.00010034687622392628 -12.703404832139041 -0.00010034687622392628 1.0224173351208052 -4.67519704232176
152 1.0229170442985152 -0.003055231610128979 -12.42026901813456 0.003055231610128979 1.0229170442985152 -10.158922944803127
153 1.0232100705291869 0.00027389385249179145 -13.098635508587329 -0.00027389385249179145 1.0232100705291869 -5.679571693160296
154 1.0202378141821966 0.0008947741494521547 -10.825620957552935 -0.0008947741494521547 1.0202378141821966 -1.7967062174044548
155 1.0225624211115178 0.003976111254995642 -12.766048352957403 -0.003976111254995642 1.0225624211115178 0.38484311319989223
156 1.023193155764442 0.004417345995641373 -12.215332136241711 -0.004417345995641373 1.023193155764442 -1.4132472400024023
157 1.0232765681943972 0.0011824460597052238 -11.36806179475762 -0.0011824460597052238 1.0232765681943972 -1.1846167958841078
158 1.022785365583183 0.0028342700068570894 -12.377692467943355 -0.0028342700068570894 1.022785365583183 0.3534823477344893
159 1.0193840915121735 -0.004313728204866477 -9.81897660915568 0.004313728204866477 1.0193840915121735 -5.924742255277666
160 1.0209890187164576 -0.0023692487953700914 -10.671152191115164 0.0023692487953700914 1.0209890187164576 -6.05351546886993
161 1.0212184388069478 -0.0021037689452997575 -10.878057739018756 0.0021037689452997575 1.0212184388069478 -7.198425613952831
162 1.0191303462549601 -0.0004964541682851224 -9.920339124807182 0.0004964541682851224 1.0191303462549601 -3.6755729839393014
163 1.0205626060918607 -0.0008967505122406418 -10.953030606581738 0.0008967505122406418 1.0205626060918607 -2.1527605409967814
164 1.0184123126599955 -0.0007473715465946742 -9.812570352799344 0.0007473715465946742 1.0184123126599955 -3.19501819780586
165 1.0225351681877366 -0.0006040630648017919 -12.23073695899102 0.0006040630648017919 1.0225351681877366 -5.2116389437472375
166 1.0273806067674114 -0.0008289347450618772 -14.916496204306348 0.0008289347450618772 1.0273806067674114 -5.39534863368112
167 1.0207637643549152 0.0021971516876493 -11.722764358101692 -0.0021971516876493 1.0207637643549152 -2.7985734483928346
168 1.0260557721314476 0.0013946223889407827 -14.757728756141011 -0.0013946223889407827 1.0260557721314476 -6.436013471264138
169 1.0236055641784167 0.0022658514205709662 -12.712090717563088 -0.0022658514205709662 1.0236055641784167 -6.725172258706852
170 1.0233096082088766 0.003527359667080411 -13.13856729585124 -0.003527359667080411 1.0233096082088766 -3.359364632062198
171 1.0244949352753967 0.004019274763254403 -13.507816346081643 -0.004019274763254403 1.0244949352753967 -1.0370647470957342
172 1.027420018219215 0.00350247655359484 -14.974633636838359 -0.00350247655359484 1.027420018219215 -0.48573553865015184
173 1.0239117669873186 0.003775135379423434 -13.470483777743642 -0.003775135379423434 1.0239117669873186 -0.695936147664663
174 1.0296452418274693 0.004719958994733813 -15.56768010226925 -0.004719958994733813 1.0296452418274693 -3.7903483780613105
175 1.036911859096661 0.004808473041083861 -18.796883553507463 -0.004808473041083861 1.036911859096661 -6.8972120886758095
176 1.0409166005339427 0.004267330191660481 -21.003081380762314 -0.004267330191660481 1.0409166005339427 -6.606375661249885
177 1.0308078209425122 0.00308563253055348 -17.707347301809932 -0.00308563253055348 1.0308078209425122 -3.634491550088038
178 1.0321308166989773 0.004822779847102165 -18.69000723307702 -0.004822779847102165 1.0321308166989773 -2.902470960260173
179 1.0227069707392973 0.0026800056518068312 -12.966790091930505 -0.0026800056518068312 1.0227069707392973 -1.9382708682517822
180 1.0284216034261122 0.006471713300731336 -15.61346448630468 -0.006471713300731336 1.0284216034261122 0.08431968431036818
181 1.0188807093383643 0.0010326457073180618 -11.162577787582094 -0.0010326457073180618 1.0188807093383643 1.364664536940512
182 1.0282666058525836 -0.0009099805365728415 -14.377745669786698 0.0009099805365728415 1.0282666058525836 -4.770679618793758
183 1.031964603128784 0.0017073413978263166 -15.870863702939674 -0.0017073413978263166 1.031964603128784 -5.351206927848219
184 1.0319705937159616 -0.0002699317445271857 -16.657516889750923 0.0002699317445271857 1.0319705937159616 -9.516310607103433
185 1.0263221308509651 -0.0005628687481237776 -13.209658805131976 0.0005628687481237776 1.0263221308509651 -7.840726288900635
186 1.0274186149778426 0.0002998074572167478 -13.92717775320726 -0.0002998074572167478 1.0274186149778426 -6.534035731707362
187 1.0309811255784143 0.004870060194709565 -15.705482238172092 -0.004870060194709565 1.0309811255784143 -2.7986931161886925
188 1.026751527163577 0.0009946661557895461 -13.45438024640339 -0.0009946661557895461 1.026751527163577 -2.419954025833064
189 1.022937938574108 9.448340200743915e-05 -11.690045873856954 -9.448340200743915e-05 1.022937938574108 -3.744235834962174
190 1.0325282730427934 -0.0009748460191903337 -14.79890243680288 0.0009748460191903337 1.0325282730427934 -7.0906206803477305
191 1.0297789735027048 -0.00038554908399255836 -14.658375968739302 0.00038554908399255836 1.0297789735027048 -7.50989945727166
192 1.0240757687178652 -0.0021238742978315125 -12.465679278972166 0.0021238742978315125 1.0240757687178652 -6.798861461516981
193 1.0248146854096178 -0.0007375887269843036 -13.28112343013415 0.0007375887269843036 1.0248146854096178 -3.6314090794925513
194 1.0283657755180762 0.00543474821500538 -15.30521035502696 -0.00543474821500538 1.0283657755180762 0.6135394533336059
195 1.025614886566747 0.000534961662015321 -12.369953211462981 -0.000534961662015321 1.025614886566747 -0.6219450025436462
196 1.0267865319888438 0.0002621835697624068 -12.815554308883712 -0.0002621835697624068 1.0267865319888438 -4.1526416814470295
197 1.0319945892367617 -0.0023405423342018595 -15.017732609669634 0.0023405423342018595 1.0319945892367617 -10.358800944323153
198 1.0289147348940562 0.0011461085322900535 -13.691768690567182 -0.0011461085322900535 1.0289147348940562 -8.101097790063253
199 1.0297568310774707 0.003609245550846185 -14.325219029489151 -0.003609245550846185 1.0297568310774707 -2.6779258464379234
200 1.030044063047157 0.003464417698833 -13.630124667135732 -0.003464417698833 1.030044063047157 0.17768422760377425
201 1.0323496139802393 0.005901439598005589 -15.662056545483985 -0.005901439598005589 1.0323496139802393 0.04344059198579139
202 1.0409879375399875 0.00036495491740343253 -20.20835851863548 -0.00036495491740343253 1.0409879375399875 -8.161417507866785
203 1.0370670539943139 0.004330260351120617 -18.38087151566505 -0.004330260351120617 1.0370670539943139 -4.707397002176445
204 1.0280464486027099 -0.005074976253056123 -14.144108779404421 0.005074976253056123 1.0280464486027099 -4.840358130638682
205 1.0217858959478425 -0.004607952746556386 -11.341580851250644 0.004607952746556386 1.0217858959478425 -2.188127282217855
206 1.0221446749748597 -0.0014116969390249568 -12.200701528787437 0.0014116969390249568 1.0221446749748597 -1.600096025308274
207 1.0193873672433564 -0.0018602570736100071 -10.851269114480514 0.0018602570736100071 1.0193873672433564 -6.867430310684246
208 1.0229791726017228 -0.0005411368642426802 -13.050370167449667 0.0005411368642426802 1.0229791726017228 -7.524313679085598
209 1.0210759641785607 -0.00019140077015487774 -12.19761230183151 0.00019140077015487774 1.0210759641785607 -4.150326288367702
210 1.0229831163686527 0.000899921041211028 -13.378037239344492 -0.000899921041211028 1.0229831163686527 -4.039910970210788
211 1.0233072964823147 -0.0024378124459511555 -13.4158842315458 0.0024378124459511555 1.0233072964823147 -5.401316562812113
212 1.0232952554592978 -0.003127898433292619 -13.740287125954861 0.003127898433292619 1.0232952554592978 -6.527387052108051
213 1.0221801003389122 0.001638369349902469 -13.960416803236324 -0.001638369349902469 1.0221801003389122 -2.6350019176224397
214 1.0267533580623482 -0.0007362154401846718 -15.233795381369147 0.0007362154401846718 1.0267533580623482 -7.937355452145422
215 1.0173809512696372 0.0036848564203408236 -10.940131715167329 -0.0036848564203408236 1.0173809512696372 0.1098770154406774
216 1.017368595858424 9.592760416681683e-05 -10.152695254679603 -9.592760416681683e-05 1.017368595858424 -0.6159638782958552
217 1.0140957384572404 -0.00017256408910298893 -8.907782972845208 0.00017256408910298893 1.0140957384572404 -1.3229892576419702
218 1.0142288765547076 -0.0014589652356568354 -8.52756798700303 0.0014589652356568354 1.0142288765547076 -4.016631054021138
219 1.0237006008298715 0.0014236629795766169 -13.432095638180499 -0.0014236629795766169 1.0237006008298715 -4.311964413109648
220 1.0174016728552346 0.002690200773198135 -10.23728912520744 -0.002690200773198135 1.0174016728552346 -4.689436716182007
221 1.0085321147049169 0.003803108345760852 -7.283403195877095 -0.003803108345760852 1.0085321147049169 0.09387485478937709
222 1.0131469495564618 0.003671699247776959 -8.80789802758502 -0.003671699247776959 1.0131469495564618 1.2499436893580051
223 1.0230967036294245 -0.001583892358348716 -12.686004617582121 0.001583892358348716 1.0230967036294245 -0.5618858972595178
224 1.0172964797433766 -0.002184984132034712 -10.286658966849004 0.002184984132034712 1.0172964797433766 -0.8959688857155239
225 1.0178491155197498 -0.0029239250429503516 -10.219280895484816 0.0029239250429503516 1.0178491155197498 -4.362401656484527
226 1.0198217562926672 -0.0015213429069025953 -11.333764139967057 0.0015213429069025953 1.0198217562926672 -4.673132375805422
227 1.0218073682856756 -0.002970390385103477 -11.897488791497583 0.002970390385103477 1.0218073682856756 -5.2400060545150895
228 1.017180375766798 -0.0010321216373790393 -10.564409565862594 0.0010321216373790393 1.017180375766798 -1.8827530016774352
229 1.0165105559282945 -0.0019466426526711508 -10.514351953973037 0.0019466426526711508 1.0165105559282945 -4.354666573220531
230 1.02192068720706 -0.001970340282811071 -12.988090740980077 0.001970340282811071 1.02192068720706 -7.338207771213302
231 1.018054310935906 -0.00042635108435157406 -11.69089153113683 0.00042635108435157406 1.018054310935906 -5.425975318717708
232 1.0307605854425348 -0.0005134456227289467 -17.3206250938278 0.0005134456227289467 1.0307605854425348 -5.429415618502054
233 1.0222826679853512 0.0005768372596290174 -14.133614904156548 -0.0005768372596290174 1.0222826679853512 -4.465504654221174
234 1.026936835376673 0.0008300388852661256 -15.935496982384107 -0.0008300388852661256 1.026936835376673 -5.748125945646239
235 1.0269444705445063 0.00026328140554054773 -15.623970059753692 -0.00026328140554054773 1.0269444705445063 -3.6334817060047784
236 1.0285836518491758 0.0006145811736485944 -16.42134606327239 -0.0006145811736485944 1.0285836518491758 -2.3734097685074804
237 1.029786530418129 0.00015773357469932303 -17.14264099982485 -0.00015773357469932303 1.029786530418129 -3.7821673390703165
238 1.0291149027009896 0.0011842675725765453 -16.63170831711892 -0.0011842675725765453 1.0291149027009896 -3.951065783717149
239 1.0258690706953593 0.0011139633257958124 -15.010757991050454 -0.0011139633257958124 1.0258690706953593 -4.515213389786273
240 1.038461972485564 0.0009260187351268229 -21.591627919039734 -0.0009260187351268229 1.038461972485564 -6.610529379184905
241 1.026408120752471 -0.0003335700586916669 -15.747054748563116 0.0003335700586916669 1.026408120752471 -5.154671452792004
242 1.0279689693159886 -0.000512717995412178 -16.668474772008242 0.000512717995412178 1.0279689693159886 -4.9105478886699805
243 1.0326091970568323 -0.0008387367500929792 -18.288472511013342 0.0008387367500929792 1.0326091970568323 -3.5890276649068893
244 1.0275079779270377 0.0012472303576029136 -16.26287391802779 -0.0012472303576029136 1.0275079779270377 -2.526589792562976
245 1.0274276292723752 0.00014529959528686786 -16.27840854554996 -0.00014529959528686786 1.0274276292723752 -4.8863709004388465
246 1.0285104885473608 0.0013888725616245325 -16.314209018784396 -0.0013888725616245325 1.0285104885473608 -5.669026699468802
247 1.0264222230325903 0.0012314175269487466 -16.025942332930764 -0.0012314175269487466 1.0264222230325903 -2.6526980621365404
248 1.0320528708223082 0.0035756951897648547 -17.23387119555431 -0.0035756951897648547 1.0320528708223082 -2.0892725736699025
249 1.0281712159384737 0.0014250537509879332 -16.026760154629283 -0.0014250537509879332 1.0281712159384737 -4.499296969710577
250 1.026408476343935 -0.001437247284970004 -14.809347389032725 0.001437247284970004 1.026408476343935 -5.346224432478794
251 1.0247738600097462 0.0003842406880895116 -14.775698905383726 -0.0003842406880895116 1.0247738600097462 -2.8994992752536604
252 1.025776852189178 -0.002479753316225429 -14.778781467127757 0.002479753316225429 1.025776852189178 -4.543887470781661
253 1.0292819949574115 -0.0013162161616846893 -16.597845622919834 0.0013162161616846893 1.0292819949574115 -5.4106114080182595
254 1.0274334125600357 -0.0021882393812250357 -15.61001328973508 0.0021882393812250357 1.0274334125600357 -6.963030979779587
255 1.0337615326622016 -0.0017399464371479123 -18.443871818997696 0.0017399464371479123 1.0337615326622016 -7.122600255963361
256 1.0305873501963603 -0.0018423030695213314 -17.64442199948673 0.0018423030695213314 1.0305873501963603 -7.172308288311778
257 1.0335902911552364 -0.000451644182051177 -19.068642051573484 0.000451644182051177 1.0335902911552364 -8.094302589678348
258 1.036596874732331 0.0019005019310310775 -20.69297604108822 -0.0019005019310310775 1.036596874732331 -8.343813375010031
259 1.0371018854697214 0.0017073250390922123 -22.125576219448558 -0.0017073250390922123 1.0371018854697214 -7.2481641182999486
260 1.0376071961607125 0.001644787678378261 -22.24347744443058 -0.001644787678378261 1.0376071961607125 -5.180112313816746
261 1.0383959530626101 0.0014471107212378452 -22.814177489078656 -0.0014471107212378452 1.0383959530626101 -3.085687262146419
262 1.0393228882778252 -6.410345344281827e-05 -23.622347914780985 6.410345344281827e-05 1.0393228882778252 -3.6432984823404526
263 1.0402310324846091 0.0001149580937112012 -23.89594939775823 -0.0001149580937112012 1.0402310324846091 -6.466810611931374
264 1.0429902937566302 -0.0005233201975909108 -26.8445709377538 0.0005233201975909108 1.0429902937566302 -9.493990442925464
265 1.0294993365980274 0.0014571562995417068 -18.198886971655803 -0.0014571562995417068 1.0294993365980274 -6.311427260889595
266 1.0430358869612808 0.0022283044460375194 -25.835647191924377 -0.0022283044460375194 1.0430358869612808 -7.061247200344182
267 1.033080287378735 0.0005984126096320697 -20.481968045551373 -0.0005984126096320697 1.033080287378735 -6.324117321256877
268 1.032956881320354 0.0027850473038657205 -20.79385874650371 -0.0027850473038657205 1.032956881320354 -4.572127822634206
269 1.0370475369775698 0.003132009750972351 -22.30084511601094 -0.003132009750972351 1.0370475369775698 -1.3445948935496541
270 1.0388927686386047 0.0019467284575254112 -23.647627467358134 -0.0019467284575254112 1.0388927686386047 0.14368536389197345
271 1.0362120554476901 7.398569673912339e-05 -21.4014119453122 -7.398569673912339e-05 1.0362120554476901 -5.673285607127454
272 1.0420365482692115 -0.002085110875393843 -24.60225718478837 0.002085110875393843 1.0420365482692115 -8.56678928450612
273 1.0446218318707863 -0.0040041038444628575 -24.42352016197715 0.0040041038444628575 1.0446218318707863 -11.992953142674153
274 1.0507119080316327 -0.004799508651640968 -29.710539077156415 0.004799508651640968 1.0507119080316327 -12.544789351713998
275 1.0355680459566328 -0.004070665913813487 -20.09964766108831 0.004070665913813487 1.0355680459566328 -9.404278693943441
276 1.035550428654311 -0.0017897029198486963 -20.52701494793827 0.0017897029198486963 1.035550428654311 -8.625152765475375
277 1.035590727116125 0.0005480672352723737 -20.445700683469326 -0.0005480672352723737 1.035590727116125 -7.456886640757843
278 1.0319333227405598 0.0010368057516807246 -18.919928423826512 -0.0010368057516807246 1.0319333227405598 -5.443148766398491
279 1.0363209743638027 0.0015015550126733623 -20.69540122832207 -0.0015015550126733623 1.0363209743638027 -6.056546840902101
280 1.027092347894147 0.0022599503119558537 -15.841765310259426 -0.0022599503119558537 1.027092347894147 -3.684510294159837
281 1.0394797060120675 0.0008158780691133447 -23.38653544923747 -0.0008158780691133447 1.0394797060120675 -6.694064595510093
282 1.0352447707773527 0.0003154947133604404 -20.058467628984403 -0.0003154947133604404 1.0352447707773527 -6.043697731678394
283 1.0370568597897314 0.0009598515901575292 -20.798034812184323 -0.0009598515901575292 1.0370568597897314 -6.147340589787724
284 1.0369625016309318 0.0019132162973744327 -20.74819158535714 -0.0019132162973744327 1.0369625016309318 -5.711250356219325
285 1.0396006142474281 0.0012131597424046426 -22.09279080459289 -0.0012131597424046426 1.0396006142474281 -5.555802024843008
286 1.0423162651538334 0.0022631672150067034 -24.371601910681946 -0.0022631672150067034 1.0423162651538334 -5.227660983704111
287 1.0382109027282087 0.001763186230917821 -21.009327057927987 -0.001763186230917821 1.0382109027282087 -4.926511412290302
288 1.0411025447959663 0.0017795098066974114 -22.132321861739882 -0.0017795098066974114 1.0411025447959663 -4.722695594664621
289 1.0514508464650523 0.00073972154007259 -29.643474272139112 -0.00073972154007259 1.0514508464650523 -7.893925620857116
290 1.047684155932631 -0.00033715331450886446 -26.442636595005343 0.00033715331450886446 1.047684155932631 -9.692979917575165
291 1.0336288031097447 -9.670261446750324e-05 -19.00314414663697 9.670261446750324e-05 1.0336288031097447 -7.2784978166070875
292 1.052011485942216 0.0014468506166307679 -25.21979594514998 -0.0014468506166307679 1.052011485942216 -8.491924379395833
293 1.0353177672173153 0.0005015775765635606 -20.056628453502665 -0.0005015775765635606 1.0353177672173153 -4.559471723954222
294 1.0278635713427053 0.0003575142079672224 -15.658180239887294 -0.0003575142079672224 1.0278635713427053 -3.562687861960654
295 1.0408664622585435 -0.00159711780106177 -23.261444085145282 0.00159711780106177 1.0408664622585435 -7.10881498215573
296 1.0323118081714562 -0.0007497586610578917 -18.297073823792168 0.0007497586610578917 1.0323118081714562 -5.548241615610308
297 1.030711455815028 -0.0012326776868690427 -18.247711816255425 0.0012326776868690427 1.030711455815028 -5.458836632232947
298 1.0424420192697326 0.0006539843801136818 -25.305374262252503 -0.0006539843801136818 1.0424420192697326 -6.666671585341761
299 1.0309933664195818 0.0014796576151677539 -17.124426114780977 -0.0014796576151677539 1.0309933664195818 -4.2338774506195405
300 1.0404486576537006 -8.680647482725536e-05 -23.49591939583183 8.680647482725536e-05 1.0404486576537006 -6.927214868983478
301 1.051485506156405 -0.0005353510790587722 -30.492166041825342 0.0005353510790587722 1.051485506156405 -8.457278162167883
302 1.054120818578001 0.0010599394483549298 -31.8685142494603 -0.0010599394483549298 1.054120818578001 -8.575954635538617
303 1.0301110491272016 0.0012723642685180702 -17.79645697343152 -0.0012723642685180702 1.0301110491272016 -4.098373994219842
304 1.0669290408262335 0.0016341021076789377 -38.585706407926615 -0.0016341021076789377 1.0669290408262335 -9.227695380783526
305 1.031686594941781 0.0005014927173477827 -18.701983733144594 -0.0005014927173477827 1.031686594941781 -3.969340313133731
306 1.0329302304358066 0.001001282123835696 -19.737299589259745 -0.001001282123835696 1.0329302304358066 -5.198471371229433
307 1.0342865351613684 -0.000656988800914158 -19.788489888271464 0.000656988800914158 1.0342865351613684 -7.0031046269849515
308 1.0358537831247066 0.00021402794056979093 -21.90954450399683 -0.00021402794056979093 1.0358537831247066 -4.929256646625909
309 1.0351920508857988 -0.00240318789401695 -20.89420163403111 0.00240318789401695 1.0351920508857988 -5.231749438049602
310 1.0282068211145052 -0.002593282280329661 -16.59392408363163 0.002593282280329661 1.0282068211145052 -5.378735258246545
311 1.039011566688094 -0.0023752200458088007 -23.503785786887473 0.0023752200458088007 1.039011566688094 -8.932221064057604
312 1.021295521714702 0.000991400822759136 -12.722380107174315 -0.000991400822759136 1.021295521714702 -2.7029697372272072
313 1.0283754103020262 0.000949319486395882 -17.391669119138456 -0.000949319486395882 1.0283754103020262 -2.7110471806475602
