0 1.0 0.0 0.0 0.0 1.0 0.0
1 1.0252791313622123 0.0007020935931317577 -14.758300006260981 -0.0007020935931317577 1.0252791313622123 -3.556725465337375
2 1.0257266167567471 0.00029684143402366775 -14.303204007924217 -0.00029684143402366775 1.0257266167567471 -3.486372139035136
3 1.0234232022154903 -0.001075353004953989 -12.883760137364229 0.001075353004953989 1.0234232022154903 -3.406885699680859
4 1.0238908060388796 8.498263377515252e-05 -13.393098179673302 -8.498263377515252e-05 1.0238908060388796 -3.462467634504004
5 1.0228378744750142 0.0009291882596780088 -13.133819300815057 -0.0009291882596780088 1.0228378744750142 -2.8856374603688906
6 1.0224754754334537 0.0010708480447934464 -13.156246052635831 -0.0010708480447934464 1.0224754754334537 -3.0077009548052
7 1.0229460375461494 -3.740858706313029e-05 -13.119755249388858 3.740858706313029e-05 1.0229460375461494 -4.851646112586792
8 1.0213837946059068 -0.00089670205394604 -12.111561442556273 0.00089670205394604 1.0213837946059068 -5.661050823267233
9 1.0228946760974627 -0.0005884970943973325 -13.043461031763254 0.0005884970943973325 1.0228946760974627 -4.802616979123128
10 1.0230204094128572 -0.00030505977612225863 -12.875922034206166 0.00030505977612225863 1.0230204094128572 -4.113940157082191
11 1.0207704392088193 0.0003733946199214076 -12.319328559907284 -0.0003733946199214076 1.0207704392088193 -3.6136178735776507
12 1.0217216907290103 0.00012952098079734476 -13.186406375697187 -0.00012952098079734476 1.0217216907290103 -3.6281642146434345
13 1.0215381003167003 5.938048300012282e-05 -13.14451875572925 -5.938048300012282e-05 1.0215381003167003 -2.489596146453119
14 1.0211374093981938 -0.0003525810836723373 -12.871077060568217 0.0003525810836723373 1.0211374093981938 -1.9632762445693437
15 1.0237820751545348 -0.0003758082054690462 -14.050414203658312 0.0003758082054690462 1.0237820751545348 -2.6219216215993226
16 1.0215034037655275 -0.00026297104129256786 -13.029938991303945 0.00026297104129256786 1.0215034037655275 -2.8854321254740283
17 1.0225132954089546 -0.00019340934435125708 -13.938756258273337 0.00019340934435125708 1.0225132954089546 -3.73614290934861
18 1.0217771335057138 -0.0011065341945383361 -13.090482281023371 0.0011065341945383361 1.0217771335057138 -4.4181774509995675
19 1.0223039435639787 -0.001643289442502168 -13.021196339215313 0.001643289442502168 1.0223039435639787 -4.455801551330656
20 1.020943027236393 -0.0017040193895476907 -12.174328187367788 0.0017040193895476907 1.020943027236393 -4.338807956213973
21 1.020966335236867 -0.0007043264684448104 -12.44688442002725 0.0007043264684448104 1.020966335236867 -3.6272760457045403
22 1.0216708796950482 -0.00029600015635948193 -12.95872761426804 0.00029600015635948193 1.0216708796950482 -3.4366980505783866
23 1.0227230961635736 -0.0003533801058052356 -12.966374039024657 0.0003533801058052356 1.0227230961635736 -3.54507473126539
24 1.0211035416526286 -0.0003719449700692657 -12.445160813936024 0.0003719449700692657 1.0211035416526286 -3.0562169962418597
25 1.0176592437202006 -0.0006924844629200367 -10.387041379428243 0.0006924844629200367 1.0176592437202006 -2.9854561166952056
26 1.0176025967837043 -0.001507861933988993 -10.3422155958892 0.001507861933988993 1.0176025967837043 -3.8624219571996052
27 1.020772380365596 -0.0014772727393320933 -12.544926144900522 0.0014772727393320933 1.020772380365596 -4.212296582443699
28 1.022030680114835 -0.0011344515895758247 -13.78560601789277 0.0011344515895758247 1.022030680114835 -4.176514258468965
29 1.0128234851744378 -0.00040703542991968404 -7.668421896894397 0.00040703542991968404 1.0128234851744378 -1.897102492212372
30 1.0232103300549733 -0.00041686680415266644 -14.352770975920373 0.00041686680415266644 1.0232103300549733 -3.2717117560503604
31 1.0154474090140682 -0.0002744544829515833 -9.151235789333994 0.0002744544829515833 1.0154474090140682 -1.4264612086496566
32 1.0123458156340193 -0.0001206174744058481 -8.049511212035735 0.0001206174744058481 1.0123458156340193 -1.0049558625729431
33 1.0116613625014097 -4.201311389597473e-05 -7.755725933984454 4.201311389597473e-05 1.0116613625014097 -1.484990050306256
34 1.0097171518420305 -0.00031550243475960424 -7.070279272711037 0.00031550243475960424 1.0097171518420305 -1.1460087950358366
35 1.0123292862584323 0.000546951643255165 -8.069641911086451 -0.000546951643255165 1.0123292862584323 -1.03952920128831
36 1.0127854851244213 0.0007298042259670757 -8.126837236987743 -0.0007298042259670757 1.0127854851244213 -1.0061329893858666
37 1.0126965453677748 0.0005735545168799772 -8.541872967439458 -0.0005735545168799772 1.0126965453677748 -1.2148541842227012
38 1.0143659560487848 -0.0003859584347398465 -9.417454166610955 0.0003859584347398465 1.0143659560487848 -2.1708455424223376
39 1.01587894707444 -0.00013088971290378944 -10.383472695148287 0.00013088971290378944 1.01587894707444 -2.492065201394595
40 1.0133566070404811 0.0006892972365915784 -8.537839739813352 -0.0006892972365915784 1.0133566070404811 -1.5230561891551297
41 1.0141301035303116 0.0014617398193704839 -9.027721423206103 -0.0014617398193704839 1.0141301035303116 -0.9518785893788202
42 1.0138804442415281 0.001605954440606077 -8.855385186542499 -0.001605954440606077 1.0138804442415281 -0.7725489478677694
43 1.0186263470957961 0.0011132649545210994 -12.202239400362783 -0.0011132649545210994 1.0186263470957961 -2.0438353011756956
44 1.0164443630462003 0.0005464862282809505 -9.497222659958064 -0.0005464862282809505 1.0164443630462003 -2.8459169071106496
45 1.013824459785293 -0.0010785652771724058 -7.968908471150272 0.0010785652771724058 1.013824459785293 -3.7331802122237865
46 1.0169356961470923 -0.000665452601345294 -10.148432981883465 0.000665452601345294 1.0169356961470923 -3.7947015116703064
47 1.0150640981884618 0.0003584279883119743 -8.759560577805326 -0.0003584279883119743 1.0150640981884618 -2.567958366474118
48 1.0183236775196112 0.0008928961228195008 -10.677265877586022 -0.0008928961228195008 1.0183236775196112 -3.004143578358553
49 1.0193301226642009 -0.0003089766008058119 -9.999240027065364 0.0003089766008058119 1.0193301226642009 -4.077873046311857
50 1.0189852861523048 -6.622143763340888e-05 -9.952360663335526 6.622143763340888e-05 1.0189852861523048 -3.1584636147339644
51 1.01880298969147 0.00011701452574559412 -10.12893620723312 -0.00011701452574559412 1.01880298969147 -2.2706237076342077
52 1.0172355216631819 0.0001192332952694055 -8.945519659619217 -0.0001192332952694055 1.0172355216631819 -2.013597101735894
53 1.0207333721181961 -0.00016995270681077694 -10.707950506338834 0.00016995270681077694 1.0207333721181961 -3.414226691796433
54 1.0210134849426362 -0.0003547925239136236 -10.582876075198174 0.0003547925239136236 1.0210134849426362 -4.70515517375465
55 1.0164896137912944 -0.0009945646911064063 -8.779970711826081 0.0009945646911064063 1.0164896137912944 -4.665194588285802
56 1.0196846035400893 0.00048000743003714203 -10.402149056996313 -0.00048000743003714203 1.0196846035400893 -3.9666011610421883
57 1.0193826426718284 0.0026801085387776523 -10.96584463948507 -0.0026801085387776523 1.0193826426718284 -2.1037757266399546
58 1.0209950516367103 -7.746558247687159e-05 -11.470709448315754 7.746558247687159e-05 1.0209950516367103 -2.808233105156134
59 1.0213437708767243 -0.0010602519026207148 -11.924523055497788 0.0010602519026207148 1.0213437708767243 -3.3145355813849147
60 1.0225937176347997 -0.00017196413518540381 -12.763758521522863 0.00017196413518540381 1.0225937176347997 -3.7980697299435504
61 1.0251725038559845 0.002232617676661822 -14.49608933077294 -0.002232617676661822 1.0251725038559845 -4.4358786149259295
62 1.0247336668964995 0.0034885277586105485 -14.629676850507156 -0.0034885277586105485 1.0247336668964995 -4.482329756646899
63 1.0255397101770067 0.005356887248355341 -15.749397382772845 -0.005356887248355341 1.0255397101770067 -2.94240490789305
64 1.0253403974295554 0.0005960340259913797 -14.544914050650366 -0.0005960340259913797 1.0253403974295554 -4.284166198033741
65 1.0271850044822755 -0.0007054605736570145 -15.615331735361192 0.0007054605736570145 1.0271850044822755 -5.836106039525844
66 1.0271116683151889 0.001766361591388194 -16.205833795771678 -0.001766361591388194 1.0271116683151889 -2.1190006559481787
67 1.0324420790668072 0.004540675951438089 -19.291727764548078 -0.004540675951438089 1.0324420790668072 -2.4215377539080407
68 1.0227884579550028 -0.0008665460566543663 -13.318748724483177 0.0008665460566543663 1.0227884579550028 -5.200998366826756
69 1.0319389642962222 -0.0043948669112431225 -17.62533448813398 0.0043948669112431225 1.0319389642962222 -7.614156134771341
70 1.0280098163088456 -0.0016095600434838445 -16.038407923379197 0.0016095600434838445 1.0280098163088456 -4.02505519153137
71 1.0277948240054486 -3.220025072913354e-05 -16.54357474294147 3.220025072913354e-05 1.0277948240054486 -0.005723264942587318
72 1.0304452496482286 -0.002751816226542809 -17.778916461726098 0.002751816226542809 1.0304452496482286 -3.0574083270466264
73 1.0270926898568258 -0.004194131051892107 -14.518677320484835 0.004194131051892107 1.0270926898568258 -6.5311880966107
74 1.0264822573416061 -0.002769718648793362 -15.127821039286761 0.002769718648793362 1.0264822573416061 -6.9418952089370665
75 1.0323578400997706 -0.002173107262982438 -18.66469052532514 0.002173107262982438 1.0323578400997706 -9.038255435768127
76 1.0300777764390745 -0.0010178115703491973 -17.78893748616082 0.0010178115703491973 1.0300777764390745 -7.598238850719131
77 1.030862319656114 0.0005110530249652712 -18.72746378918501 -0.0005110530249652712 1.030862319656114 -5.886553977998597
78 1.020894173390263 0.00011719351580485414 -11.866191736576749 -0.00011719351580485414 1.020894173390263 -2.2258405584647694
79 1.023164382713335 0.0005125590793990673 -13.33064573575253 -0.0005125590793990673 1.023164382713335 -0.9404760299863406
80 1.0238077323350272 0.0005849109355353346 -13.276923517028486 -0.0005849109355353346 1.0238077323350272 -2.348976434676468
81 1.033080819352564 -0.00047716504497741675 -19.35863782389245 0.00047716504497741675 1.033080819352564 -6.784534842064921
82 1.025943002118933 0.0004561451474416091 -14.997381398318572 -0.0004561451474416091 1.025943002118933 -7.184359075858464
83 1.0269808381538894 0.002114296471788237 -15.536886659020643 -0.002114296471788237 1.0269808381538894 -5.491397098830225
84 1.0216017451054702 0.001335920621555791 -12.705579927109754 -0.001335920621555791 1.0216017451054702 -3.0048217726977224
85 1.027135331533456 0.0028472319545860014 -14.628121801864502 -0.0028472319545860014 1.027135331533456 -1.974504957475595
86 1.024662655779197 0.0015727839198732118 -13.054693614292544 -0.0015727839198732118 1.024662655779197 -2.352367821849446
87 1.0227078968474084 -0.0016834613244935685 -11.902422924895626 0.0016834613244935685 1.0227078968474084 -4.823836876215299
88 1.0221810646380547 -0.0025883482428818265 -11.626393991842717 0.0025883482428818265 1.0221810646380547 -5.9375109029121695
89 1.0239697479637355 -0.003243205638000216 -12.378279807423446 0.003243205638000216 1.0239697479637355 -6.833235816996984
90 1.0253522503848738 -0.0036856057263134623 -13.144296319712478 0.0036856057263134623 1.0253522503848738 -5.983876782738162
91 1.0263020771548186 -0.0038367211681676235 -13.526980634772 0.0038367211681676235 1.0263020771548186 -5.432652886029833
92 1.0270278890049667 0.0005959124662447569 -15.107659320114937 -0.0005959124662447569 1.0270278890049667 -2.8332429012214817
93 1.0272042572849542 -0.00014341370550244954 -14.974788261040453 0.00014341370550244954 1.0272042572849542 -4.50193734185719
94 1.0301071776578998 0.000772916267101326 -16.486930842434862 -0.000772916267101326 1.0301071776578998 -5.498436136273483
95 1.0297666351706216 0.0013499685985357674 -16.31150384126065 -0.0013499685985357674 1.0297666351706216 -4.487035034368505
96 1.0297905332718675 0.0013508723277108597 -17.215545713178557 -0.0013508723277108597 1.0297905332718675 -3.681127861106977
97 1.032270674855714 -0.0001814581765528107 -17.653186526408263 0.0001814581765528107 1.032270674855714 -4.617451978860141
98 1.032351200821246 -0.0007689168478096562 -18.358468867986147 0.0007689168478096562 1.032351200821246 -3.967708770050691
99 1.0303877792040976 0.00017413819510653353 -17.676069864277583 -0.00017413819510653353 1.0303877792040976 -2.5404300627814904
100 1.024203178180997 0.0021530407447761272 -14.1954016998944 -0.0021530407447761272 1.024203178180997 -2.106134937651973
101 1.0211475764729838 -0.00033820961410860437 -11.927057023932706 0.00033820961410860437 1.0211475764729838 -5.074604376624353
102 1.0263667706017892 0.0011496198432224582 -15.412926136834438 -0.0011496198432224582 1.0263667706017892 -5.167823043776667
103 1.0226087926288814 0.0013161393158546133 -12.603605978459782 -0.0013161393158546133 1.0226087926288814 -3.290036607280586
104 1.027201973066025 0.0003676749890781626 -15.350493232373646 -0.0003676749890781626 1.027201973066025 -4.210192163706669
105 1.0291849506248385 0.0014263412848536023 -16.56656654943322 -0.0014263412848536023 1.0291849506248385 -4.570288658281526
106 1.0307961382229065 0.0012151722150879254 -17.558945711931838 -0.0012151722150879254 1.0307961382229065 -4.805438003453938
107 1.0311679722091338 0.001521925483718903 -17.31732174478868 -0.001521925483718903 1.0311679722091338 -4.4693065844969535
108 1.0271815997179832 0.0009859295607845561 -14.922721254908877 -0.0009859295607845561 1.0271815997179832 -4.120997664306894
109 1.027914994993097 0.002430669458311666 -15.657916616110144 -0.002430669458311666 1.027914994993097 -3.4669239234690745
110 1.0296561651181637 0.0011895233132619787 -16.71313149636553 -0.0011895233132619787 1.0296561651181637 -4.863045089174992
111 1.0260463625800513 0.002485708517530963 -15.49651304951694 -0.002485708517530963 1.0260463625800513 -2.5722904443720243
112 1.0319429776483138 0.002102946094833141 -17.465214246226143 -0.002102946094833141 1.0319429776483138 -3.7908216441993874
113 1.0278057128841782 0.0016433599141917861 -16.024944928298613 -0.0016433599141917861 1.0278057128841782 -4.2591496474442945
114 1.0285657593112016 0.0010613739751311323 -16.567555240273023 -0.0010613739751311323 1.0285657593112016 -5.200324301188249
115 1.0308030546169697 -7.52800264058475e-05 -17.603260978592456 7.52800264058475e-05 1.0308030546169697 -5.14790049670955
116 1.0284917932280924 -0.0009363641024870118 -16.645123652158194 0.0009363641024870118 1.0284917932280924 -5.208753298995785
117 1.0279240143620858 -5.154455243376708e-05 -15.890598177766835 5.154455243376708e-05 1.0279240143620858 -5.445610183208019
118 1.0342727809241095 0.0010141501258528014 -18.275406004781445 -0.0010141501258528014 1.0342727809241095 -5.39898232813838
119 1.0311200815424988 0.0008712652615040473 -17.722244309160732 -0.0008712652615040473 1.0311200815424988 -5.071089990692763
120 1.0299517608520874 0.0013412771345957162 -17.512191700051524 -0.0013412771345957162 1.0299517608520874 -4.230904629408509
121 1.0296688327317023 0.0001259385575202817 -17.01387562595875 -0.0001259385575202817 1.0296688327317023 -4.71862032700421
122 1.0280452335191317 -0.0009452638981240693 -16.947047938274544 0.0009452638981240693 1.0280452335191317 -4.613701965223677
123 1.029502920177142 -0.0005905138187268391 -17.821247710982295 0.0005905138187268391 1.029502920177142 -5.993645002142955
124 1.0272607645303833 7.364165799264325e-05 -16.491285737371662 -7.364165799264325e-05 1.0272607645303833 -4.7457863689959865
125 1.031880750320352 4.559405457500571e-05 -19.55789077952877 -4.559405457500571e-05 1.031880750320352 -5.1111970801533735
126 1.031289450916162 -0.00014402135958280064 -19.137736872132635 0.00014402135958280064 1.031289450916162 -5.517418478450822
127 1.0327423154716902 0.0007463113025427517 -19.43622510659352 -0.0007463113025427517 1.0327423154716902 -5.8358201696377545
128 1.0325534664470455 9.66789753344458e-05 -19.61192181563143 -9.66789753344458e-05 1.0325534664470455 -4.843298610648541
129 1.025667132165607 0.00011041445164684501 -15.269645690450282 -0.00011041445164684501 1.025667132165607 -3.4296708985068682
130 1.0294215919186342 0.0002399559112550767 -17.704205677539353 -0.0002399559112550767 1.0294215919186342 -4.0169822915236235
131 1.0265707367612436 -0.0006816437187115243 -15.55161333203121 0.0006816437187115243 1.0265707367612436 -4.798765180795588
132 1.027777028724048 0.0005449362032304481 -16.192509284600643 -0.0005449362032304481 1.027777028724048 -4.649169513740216
133 1.0267098580156073 -0.00021069772892346773 -15.204630818333518 0.00021069772892346773 1.0267098580156073 -4.903459427966994
134 1.0270277994154857 0.0010293103019155011 -15.595571178960101 -0.0010293103019155011 1.0270277994154857 -2.807753188937017
135 1.0301506226617125 0.0003007053120747721 -16.91928318131769 -0.0003007053120747721 1.0301506226617125 -4.079128343239915
136 1.0305156655479821 0.0015521508808253595 -17.419701621874676 -0.0015521508808253595 1.0305156655479821 -5.314392967113122
137 1.0336912168815227 0.0013567088157924174 -18.85516924927733 -0.0013567088157924174 1.0336912168815227 -6.800211019315652
138 1.0279532685891897 0.0012024424745348782 -16.2023587570907 -0.0012024424745348782 1.0279532685891897 -4.5437110942052055
139 1.029114638080743 0.001311368221983821 -16.626432741009086 -0.001311368221983821 1.029114638080743 -3.4613193892980383
140 1.0266951075099404 0.0021975490843277896 -15.39779520226328 -0.0021975490843277896 1.0266951075099404 -2.4431500362817125
141 1.0296820145493317 0.0010080781415485456 -16.373406012097934 -0.0010080781415485456 1.0296820145493317 -3.0977886534425583
142 1.0282574674908147 0.0007531871654195926 -15.911133554160013 -0.0007531871654195926 1.0282574674908147 -3.7257378237111918
143 1.0319668685692194 -0.0008221461552648612 -16.61858666172241 0.0008221461552648612 1.0319668685692194 -5.0337118265741925
144 1.0244731126142446 0.0001519954700010403 -13.619256802807085 -0.0001519954700010403 1.0244731126142446 -4.137712406217845
145 1.0311918413961365 -0.00013365309759289217 -16.698985797784303 0.00013365309759289217 1.0311918413961365 -6.054397593594993
146 1.0310395927213711 0.0010774017069685238 -16.721619098459545 -0.0010774017069685238 1.0310395927213711 -5.5885918335210265
147 1.0285052932700827 3.625582057824432e-05 -15.324983926044762 -3.625582057824432e-05 1.0285052932700827 -5.705431612857846
148 1.0294798946048944 0.0013338610031050214 -15.695959402631356 -0.0013338610031050214 1.0294798946048944 -4.295983226304425
149 1.0282997826277334 0.0022928937621994414 -15.51715705447091 -0.0022928937621994414 1.0282997826277334 -3.487803966102558
150 1.0263030051545416 0.0015961056400312333 -14.771530588399129 -0.0015961056400312333 1.0263030051545416 -3.5008073531809667
151 1.028149376467516 0.0026397701553033384 -15.358336309246912 -0.0026397701553033384 1.028149376467516 -3.4460490091848763
152 1.0249807972135667 0.0003364850720965081 -13.749707833037474 -0.0003364850720965081 1.0249807972135667 -2.8133102698961387
153 1.0304793888496986 0.0010937322013729429 -15.763218160218802 -0.0010937322013729429 1.0304793888496986 -3.1843462947571997
154 1.0244358849585737 0.000906003334217573 -13.794697443463834 -0.000906003334217573 1.0244358849585737 -2.6889564915738573
155 1.0246238678221735 -0.001281035364922013 -13.72204898365372 0.001281035364922013 1.0246238678221735 -5.162316060276257
156 1.0248746942706328 -0.001165999677040402 -14.51640995508306 0.001165999677040402 1.0248746942706328 -5.74244021412395
157 1.0247689618754476 -0.000536474130371107 -14.378222744366616 0.000536474130371107 1.0247689618754476 -5.512092683331584
158 1.027877149573983 0.0007812245763836402 -15.672772082933614 -0.0007812245763836402 1.027877149573983 -4.745147190011229
159 1.0261933221223316 -0.00022177666424326946 -15.040167579785471 0.00022177666424326946 1.0261933221223316 -5.2834316187367145
160 1.0265642591911293 0.0012746051594260425 -15.630088506869685 -0.0012746051594260425 1.0265642591911293 -4.690811009442958
161 1.0260851251948444 7.670175357305126e-05 -15.23367765095953 -7.670175357305126e-05 1.0260851251948444 -5.100838667255765
162 1.0265586474824824 -5.302780935955223e-06 -15.682109369765854 5.302780935955223e-06 1.0265586474824824 -4.365086927004064
163 1.0259643525809263 -0.0008373049875261196 -15.068676563708527 0.0008373049875261196 1.0259643525809263 -4.352709151181755
164 1.0265277574427767 0.00030023044796901455 -15.518704372712456 -0.00030023044796901455 1.0265277574427767 -4.3770492237956535
165 1.02647224849251 0.0005285248744317367 -15.60917329088799 -0.0005285248744317367 1.02647224849251 -3.836296376788765
166 1.027192180787054 0.000553984547128892 -15.997095143859077 -0.000553984547128892 1.027192180787054 -3.967745492007299
167 1.0269546333551038 -0.00033586295875185366 -15.728775297288854 0.00033586295875185366 1.0269546333551038 -5.325763204209705
168 1.0266722155040668 -0.001142417982086987 -15.392429487163383 0.001142417982086987 1.0266722155040668 -5.753686454424344
169 1.0260407373189324 0.00025284608131196035 -15.296968722273192 -0.00025284608131196035 1.0260407373189324 -4.532887543557305
170 1.0238760665184454 0.0002543130634449077 -14.56397811083661 -0.0002543130634449077 1.0238760665184454 -4.25161411964047
171 1.0250125969591932 -1.39638718518559e-05 -14.772801421507694 1.39638718518559e-05 1.0250125969591932 -4.543330864103341
172 1.0259952607233846 0.00014251350195951238 -15.357131033542053 -0.00014251350195951238 1.0259952607233846 -3.3237644110781632
173 1.0244782391107945 -0.0005957879407850886 -14.719531415910351 0.0005957879407850886 1.0244782391107945 -3.4713453402002465
174 1.025517891072508 -0.0008924401147581772 -15.238418840866318 0.0008924401147581772 1.025517891072508 -4.2646052701069666
175 1.0265700391968784 0.00026022408392155767 -15.604110630986284 -0.00026022408392155767 1.0265700391968784 -3.2216672658179144
176 1.0250007272148245 0.000801157891512916 -15.221775908577257 -0.000801157891512916 1.0250007272148245 -2.3682786985312556
177 1.022575213617645 -0.0005820627114260114 -13.732409847347748 0.0005820627114260114 1.022575213617645 -2.5027987071159714
178 1.0189528347651298 -0.0005003145520979021 -10.457937598509956 0.0005003145520979021 1.0189528347651298 -1.9701235734722675
179 1.0220052690156352 -0.0013072454777942762 -12.38642937684097 0.0013072454777942762 1.0220052690156352 -3.8428493621622417
180 1.016447340263049 -0.0009209430721133358 -9.074302163376755 0.0009209430721133358 1.016447340263049 -3.522289400497886
181 1.0170470402027358 -0.00044486754977395373 -9.710673523268456 0.00044486754977395373 1.0170470402027358 -3.396979915330109
182 1.0182637735958886 -0.0012644952492941969 -10.535112833429324 0.0012644952492941969 1.0182637735958886 -4.124016883227475
183 1.0257388663983273 -0.0008848488474997647 -14.43850246945493 0.0008848488474997647 1.0257388663983273 -5.0807087364482815
184 1.0210797499853939 -0.0013546027990933858 -12.280504893923576 0.0013546027990933858 1.0210797499853939 -4.607498268189064
185 1.0240555080610436 -0.0020661163039857097 -14.160779354240368 0.0020661163039857097 1.0240555080610436 -5.056853705030651
186 1.016537128444624 -0.0012371592905383042 -9.543902316139503 0.0012371592905383042 1.016537128444624 -3.525302485733274
187 1.0174397764801655 -0.00027427628886450995 -10.461848123440754 0.00027427628886450995 1.0174397764801655 -2.9413792123876616
188 1.0149304941445056 -0.00041683715704246517 -9.149317996016201 0.00041683715704246517 1.0149304941445056 -2.761577969456054
189 1.0189843215772099 -0.0013743001315926187 -11.319880058739987 0.0013743001315926187 1.0189843215772099 -4.065646439822199
190 1.0150883885805269 -0.0012393476513783861 -8.98154611810752 0.0012393476513783861 1.0150883885805269 -3.2066919405518792
191 1.0164811199592318 -0.0011836863868218805 -9.954996983393054 0.0011836863868218805 1.0164811199592318 -2.960342415234726
192 1.0135744702908787 -9.419784259645403e-05 -8.514645680390133 9.419784259645403e-05 1.0135744702908787 -2.0034003094970343
193 1.0126518348693152 -0.00012196422123879325 -7.928841681468918 0.00012196422123879325 1.0126518348693152 -1.821956348060647
194 1.0120556957317746 -0.0007058373242496416 -7.409580873824113 0.0007058373242496416 1.0120556957317746 -1.9441906576198869
195 1.0129335709590237 -0.0006759421948631557 -7.681443121293444 0.0006759421948631557 1.0129335709590237 -1.5638040187609639
196 1.0119501254443182 -0.0008135697015684157 -7.245632628164423 0.0008135697015684157 1.0119501254443182 -1.2968663203551474
197 1.0114956077846227 -0.0005341375119419743 -6.929843281937015 0.0005341375119419743 1.0114956077846227 -1.2050364870461343
198 1.012353819521301 -0.0004809527652269035 -7.264480459283806 0.0004809527652269035 1.012353819521301 -1.6878315192293027
199 1.0124981547872867 -0.000297469404543414 -7.348630063463041 0.000297469404543414 1.0124981547872867 -2.02375062406953
200 1.0119197331403644 -0.0001188727569764981 -6.941985819202854 0.0001188727569764981 1.0119197331403644 -1.7742845260365576
201 1.0120636719196237 -0.0003773591874223718 -6.956790592612608 0.0003773591874223718 1.0120636719196237 -2.1121152255808764
202 1.011705664462692 -4.818913337848579e-05 -6.82263098695934 4.818913337848579e-05 1.011705664462692 -1.877313694567161
203 1.0118812985239696 -0.0001600937337669765 -6.7422824478850405 0.0001600937337669765 1.0118812985239696 -1.6788104513352746
204 1.0115817900857054 -5.3217849341232384e-06 -6.6258997666741 5.3217849341232384e-06 1.0115817900857054 -1.3477162999451076
205 1.010775411147163 -0.0006264574065650164 -6.112549798376407 0.0006264574065650164 1.010775411147163 -1.8944443585958095
206 1.0114790865555616 -0.0004982819445125154 -6.613499292217745 0.0004982819445125154 1.0114790865555616 -2.3101281185852405
207 1.010988037235363 -0.00010283036342157627 -6.262829591645468 0.00010283036342157627 1.010988037235363 -2.0312433081621086
208 1.0107878849382634 -0.00010280708362135751 -6.239717940618405 0.00010280708362135751 1.0107878849382634 -1.8182143212601638
209 1.0110457958153107 -0.00016190514140188792 -6.313735655104319 0.00016190514140188792 1.0110457958153107 -2.007961590419186
210 1.011323284759201 -0.00018686272322607656 -6.531016296370212 0.00018686272322607656 1.011323284759201 -1.9891309160544388
211 1.0114259354603943 -9.304911023731363e-05 -6.420698253176023 9.304911023731363e-05 1.0114259354603943 -1.7482180719905953
212 1.0109093320586078 -0.00016912188637893894 -6.194625175000764 0.00016912188637893894 1.0109093320586078 -1.798337976513345
213 1.0106745391595882 0.00022665286480347442 -6.273278342369862 -0.00022665286480347442 1.0106745391595882 -1.664715332938006
214 1.0104159009502227 0.0002653900067137204 -6.0871332553720485 -0.0002653900067137204 1.0104159009502227 -1.6131472824317168
215 1.0098501461462406 0.00024981082979844474 -5.707205789574526 -0.00024981082979844474 1.0098501461462406 -1.6564451303715484
216 1.0093410312937252 -0.00017595577115798577 -5.364112378523683 0.00017595577115798577 1.0093410312937252 -1.7722976496597267
217 1.008588199306932 -0.0008562689760918004 -4.858051883168773 0.0008562689760918004 1.008588199306932 -2.162076033461385
218 1.0075033013155668 -0.0009639253775061464 -4.09524337877997 0.0009639253775061464 1.0075033013155668 -1.9056476967792844
219 1.0067548348133304 -0.00039177950671298156 -3.740674084033973 0.00039177950671298156 1.0067548348133304 -1.379444728320275
220 1.0059195988243734 -7.399592321919487e-06 -3.5185354760482257 7.399592321919487e-06 1.0059195988243734 -0.7843682560437403
221 1.0051754195813052 0.0001203797044049303 -2.9958079625469285 -0.0001203797044049303 1.0051754195813052 0.009475934328299266
222 1.004787702120032 -0.00048133066830959503 -2.62004069791258 0.00048133066830959503 1.004787702120032 -0.30432173254211936
223 1.0046142938588047 -0.0004923216039642443 -2.611955039336371 0.0004923216039642443 1.0046142938588047 -0.7593220915499985
224 1.0042652125756817 -0.00028734989879220917 -2.3599881997366956 0.00028734989879220917 1.0042652125756817 -0.8846958066402142
225 1.0044259156210982 0.000376165625174946 -2.3977968484865277 -0.000376165625174946 1.0044259156210982 -0.4922164790086233
226 1.0041483241748757 0.00035318157237711266 -2.417170956608716 -0.00035318157237711266 1.0041483241748757 -0.4560550378499365
227 1.003522248740853 -7.331688636826732e-05 -1.9653730569651358 7.331688636826732e-05 1.003522248740853 -0.4444351163083706
228 1.0030239797239988 -0.0003528012250223686 -1.5556855420997606 0.0003528012250223686 1.0030239797239988 -0.4005247445218153
229 1.0027294956036106 -0.00032480225268965816 -1.4989497352369896 0.00032480225268965816 1.0027294956036106 -0.1511837756848664
230 1.0030164444183385 -3.466226236752681e-05 -1.6728226013568959 3.466226236752681e-05 1.0030164444183385 -0.1444043458405039
231 1.002776724387979 7.914726478614244e-05 -1.5035914269058128 -7.914726478614244e-05 1.002776724387979 -0.4255158502448333
232 1.0025221869121836 1.1820932714185826e-05 -1.4128195338840146 -1.1820932714185826e-05 1.0025221869121836 -0.5027796226599653
233 1.0024368615805614 -0.0001244175294460013 -1.3052280753252952 0.0001244175294460013 1.0024368615805614 -0.48073972875465565
234 1.0022692572656504 -0.0001546196939093513 -1.1791008017228082 0.0001546196939093513 1.0022692572656504 -0.483661258056287
235 1.0019182863368299 -6.258589442369118e-06 -1.0274632190262671 6.258589442369118e-06 1.0019182863368299 -0.40545038651605025
236 1.0015443255962628 5.061721566309869e-05 -0.895926243333572 -5.061721566309869e-05 1.0015443255962628 -0.20226804237735718
237 1.001123061392 -3.1824156817138145e-05 -0.6678749587753924 3.1824156817138145e-05 1.001123061392 -0.31263723830506296
238 1.0006001803405211 -5.927288545962718e-05 -0.3717023827618084 5.927288545962718e-05 1.0006001803405211 -0.2585550594383361
239 1.0000052710222924 8.158490137906253e-07 -0.0659323205538866 -8.158490137906253e-07 1.0000052710222924 -0.10929593569912543
240 0.9995435218519854 9.76723214877398e-05 0.1657287005756209 -9.76723214877398e-05 0.9995435218519854 0.31951845544088026
241 0.9996077135513984 0.00020820044254560494 0.12091348373795235 -0.00020820044254560494 0.9996077135513984 0.9947550801258237
242 0.9998768782719853 0.00012340740998413444 -0.06453578665537205 -0.00012340740998413444 0.9998768782719853 0.6701102633389899
243 0.9998230611632298 9.339909276040253e-05 -0.007778154463156636 -9.339909276040253e-05 0.9998230611632298 -0.28047547363017766
244 0.9996434124803127 3.1412247931632625e-05 0.06015452676391533 -3.1412247931632625e-05 0.9996434124803127 0.2785953791388139
245 0.9995727597496484 -6.285648787785656e-05 0.1578331015590537 6.285648787785656e-05 0.9995727597496484 0.5871316224991843
246 0.9999151162652017 7.755276246997213e-05 -0.03659200745484098 -7.755276246997213e-05 0.9999151162652017 0.1399480525371039
247 1.000241559579668 5.9465434963099556e-05 -0.3205394371285868 -5.9465434963099556e-05 1.000241559579668 -0.02972318658496531
248 1.0004221251646301 0.0002723686544739725 -0.3952156780478662 -0.0002723686544739725 1.0004221251646301 0.031465924595839384
249 1.0007063860624545 0.00010008506615756697 -0.5044270621049056 -0.00010008506615756697 1.0007063860624545 -0.29139486559290617
250 1.000953639429411 6.354717126001215e-05 -0.6783206985535581 -6.354717126001215e-05 1.000953639429411 -0.21277097721866783
251 1.001115538433566 7.794701520566861e-05 -0.7200610677292987 -7.794701520566861e-05 1.001115538433566 -0.044192986364244805
252 1.0014001423856387 0.00012272684577843706 -0.9013965406527222 -0.00012272684577843706 1.0014001423856387 -0.09032730262185246
253 1.0016890963986491 0.0001509940936736082 -1.1102680627149908 -0.0001509940936736082 1.0016890963986491 0.030612290332836252
254 1.002019740543556 5.48081842797138e-05 -1.266057809737349 -5.48081842797138e-05 1.002019740543556 0.24769158347262815
255 1.0026833267829072 -5.002938391709796e-05 -1.5870755622053607 5.002938391709796e-05 1.0026833267829072 0.14414379820677745
256 1.0030318855455562 2.922376947420347e-05 -1.9751035153342655 -2.922376947420347e-05 1.0030318855455562 -0.03905149411880127
257 1.0040594826657052 9.08385149002526e-05 -2.6174492407598837 -9.08385149002526e-05 1.0040594826657052 -0.22426100054136341
258 1.0050072756729127 9.695671579693088e-05 -3.202953834191997 -9.695671579693088e-05 1.0050072756729127 -0.6249914739512967
259 1.005594161730126 0.00014361194096505935 -3.6205607460710616 -0.00014361194096505935 1.005594161730126 -0.7573335466468543
260 1.006320357532571 6.760116742804896e-06 -4.061731930693835 -6.760116742804896e-06 1.006320357532571 -0.852975492646102
261 1.00750756675108 4.772032648674997e-06 -4.812164140543613 -4.772032648674997e-06 1.00750756675108 -0.8782876970674265
262 1.0081862807548465 0.0002099506322822862 -5.219720284231141 -0.0002099506322822862 1.0081862807548465 -0.8477720879166848
263 1.009486989682473 6.108584623329178e-05 -6.089053160513427 -6.108584623329178e-05 1.009486989682473 -0.9535680055816244
264 1.010471655646789 -4.93007936683222e-06 -6.555227247892089 4.93007936683222e-06 1.010471655646789 -1.111407194873649
265 1.011229954100874 -0.000395702136051654 -6.923010506248302 0.000395702136051654 1.011229954100874 -1.7000557013317747
266 1.0130596321736194 6.52642890440227e-05 -8.064112262786654 -6.52642890440227e-05 1.0130596321736194 -1.8245073044478457
267 1.0142149089654469 0.00020613983546693962 -8.77089762589176 -0.00020613983546693962 1.0142149089654469 -2.066696361545288
268 1.0147734498834466 0.0007374981112469473 -9.249891594893882 -0.0007374981112469473 1.0147734498834466 -1.981040553799094
269 1.015657289602694 0.0006804551926960806 -9.485703582215667 -0.0006804551926960806 1.015657289602694 -2.081707133484303
270 1.0157911314482442 -0.0001736903505986536 -9.731388528115103 0.0001736903505986536 1.0157911314482442 -2.8105781417746662
271 1.0194596733729766 -0.0006370355939139541 -11.371973322287468 0.0006370355939139541 1.0194596733729766 -3.3144413128674883
272 1.0174262513922894 0.00036556590325451447 -10.314287889057772 -0.00036556590325451447 1.0174262513922894 -2.1257427327406
273 1.016532980631344 0.00025528538427585935 -10.673703244929934 -0.00025528538427585935 1.016532980631344 -2.5771511115043957
274 1.024357599566504 0.0010975568790346107 -14.05368348831435 -0.0010975568790346107 1.024357599566504 -3.667128246271933
275 1.0152373751331936 -0.00012293064115084283 -9.969531010858397 0.00012293064115084283 1.0152373751331936 -2.6258385954217496
276 1.0191471809168724 -0.0005360956640375169 -12.332260174584981 0.0005360956640375169 1.0191471809168724 -3.3740391137502392
277 1.0199609906148588 -0.00043251705173050735 -13.156666701018326 0.00043251705173050735 1.0199609906148588 -3.314846281276517
278 1.017937829254536 9.77520494260494e-05 -11.221191433753205 -9.77520494260494e-05 1.017937829254536 -2.3880531581147224
279 1.0169517008833853 0.0001321034261780133 -10.749308231245395 -0.0001321034261780133 1.0169517008833853 -3.054044475887703
280 1.019010093986777 -0.0013458228024319817 -11.542032553451369 0.0013458228024319817 1.019010093986777 -4.861189867354175
281 1.0198702378770694 -0.0008805337944205666 -12.162597816694644 0.0008805337944205666 1.0198702378770694 -4.585728790159269
282 1.022014081842976 -0.000354223030141882 -13.37612045661751 0.000354223030141882 1.022014081842976 -4.092058904560319
283 1.0180023917001029 0.00041366667833813884 -11.621883997847805 -0.00041366667833813884 1.0180023917001029 -2.962686485270005
284 1.0201003570204863 -0.0010485719948147676 -12.662772281501656 0.0010485719948147676 1.0201003570204863 -4.3399457913614095
285 1.0208054763128342 -0.000552775473443164 -13.275416360320719 0.000552775473443164 1.0208054763128342 -4.392190312357078
286 1.0215380335520283 0.00025286203554614607 -13.889817547505453 -0.00025286203554614607 1.0215380335520283 -3.3818447922316404
287 1.0247140512056734 -0.00029171950623071085 -14.900157997739925 0.00029171950623071085 1.0247140512056734 -4.146378011450099
288 1.0240729560199913 -0.00035899681948959623 -15.213472021711045 0.00035899681948959623 1.0240729560199913 -4.646959773698114
289 1.0237370815599538 0.00039800286960580555 -15.017525672657028 -0.00039800286960580555 1.0237370815599538 -3.731920459302333
290 1.0235819234808319 0.00013946127918607932 -14.407848253052183 -0.00013946127918607932 1.0235819234808319 -3.4289590604443703
291 1.021922482626043 -0.0015266671763673636 -13.617370973086567 0.0015266671763673636 1.021922482626043 -4.3965513652154
292 1.0220620430412959 -0.0005897027938151422 -13.664781112003377 0.0005897027938151422 1.0220620430412959 -3.691542918725444
293 1.022041530184251 -0.0002748456081853426 -13.639528040306107 0.0002748456081853426 1.022041530184251 -3.202175268841426
294 1.0256834756428805 -0.0005046647563934567 -15.546304412231262 0.0005046647563934567 1.0256834756428805 -4.838112584028908
295 1.0244900819219398 -0.00045240332246794523 -15.087561160062336 0.00045240332246794523 1.0244900819219398 -4.968737199268028
296 1.02371642381173 -0.0024841147758017873 -14.852007295484459 0.0024841147758017873 1.02371642381173 -6.262634955225982
297 1.0239484354311839 -0.001271450665483472 -15.113845931025326 0.001271450665483472 1.0239484354311839 -5.519509999116444
298 1.0267401869588022 -0.0012011314730686915 -16.68387988180231 0.0012011314730686915 1.0267401869588022 -5.485840717928996
299 1.0237470703508582 -0.002052991787288094 -14.627338851858351 0.002052991787288094 1.0237470703508582 -5.265981184440483
300 1.0275578012074345 -0.0022659020088242523 -17.334937614731867 0.0022659020088242523 1.0275578012074345 -5.201375376747714
301 1.021648533478997 -0.0013113277051810962 -13.256667631334528 0.0013113277051810962 1.021648533478997 -3.998664248538934
302 1.0210061468850973 -0.0010765265156107763 -12.959897807513517 0.0010765265156107763 1.0210061468850973 -3.867539539672265
303 1.0239220033302392 -0.00030159647001726155 -14.847778366053687 0.00030159647001726155 1.0239220033302392 -3.7555092757966673
304 1.0230503051293798 -0.001818287168944854 -13.720497458996883 0.001818287168944854 1.0230503051293798 -4.614196924817071
305 1.0313775008005988 -0.0005442989025192962 -17.95621727026726 0.0005442989025192962 1.0313775008005988 -4.966859174737259
306 1.025354786602689 -0.0002568619430913277 -15.176038904130856 0.0002568619430913277 1.025354786602689 -4.540941763994114
307 1.0304960345115866 0.0006078334838518281 -16.281688327568403 -0.0006078334838518281 1.0304960345115866 -5.059102846154812
308 1.028834211426894 0.0008062298156975725 -16.15245458395004 -0.0008062298156975725 1.028834211426894 -4.994100938273708
309 1.036307509392604 0.0001745530729528686 -18.55229286895446 -0.0001745530729528686 1.036307509392604 -5.822053461504169
310 1.034854594945757 0.0004956704604662045 -17.499967512264565 -0.0004956704604662045 1.034854594945757 -6.037437358952744
311 1.0224981785320781 -0.0004338684241960671 -11.93409675735981 0.0004338684241960671 1.0224981785320781 -4.299731935286354
312 1.0252107569004856 -0.0009293126277225374 -13.123636640262522 0.0009293126277225374 1.0252107569004856 -4.454353274380075
313 1.0314387869402868 -0.0010601538526302842 -16.079365495184206 0.0010601538526302842 1.0314387869402868 -5.201192287793271
314 1.0276968970774152 -0.001142457911830701 -13.353210218322092 0.001142457911830701 1.0276968970774152 -4.8754192546822095
315 1.0239530677638506 -0.00043126555856904357 -11.10916344764968 0.00043126555856904357 1.0239530677638506 -3.9469311878686195
316 1.024833225957002 -0.00036162182244759203 -11.393621631823127 0.00036162182244759203 1.024833225957002 -5.096949746861132
317 1.0247507704841339 -0.001470674942998437 -11.449756438023027 0.001470674942998437 1.0247507704841339 -5.434619601273885
318 1.0258003929711557 0.00010901288812864665 -11.963202809490904 -0.00010901288812864665 1.0258003929711557 -4.266700196114925
319 1.0249252524366723 0.00047910841147554093 -11.041373653623594 -0.00047910841147554093 1.0249252524366723 -3.420314180020827
320 1.0248627561097081 0.0009187975223788296 -11.045568481390317 -0.0009187975223788296 1.0248627561097081 -2.78074932546308
321 1.0246997583224104 0.0008103312065922096 -10.961759310602375 -0.0008103312065922096 1.0246997583224104 -2.579077884415228
322 1.026471818122954 -0.0008498965317698974 -11.326001227028039 0.0008498965317698974 1.026471818122954 -4.341170990334744
323 1.0270125866001198 0.0003710105039190185 -11.91556967421812 -0.0003710105039190185 1.0270125866001198 -3.4343697026579956
324 1.0247939253606992 -0.0007562642232683083 -11.303857436720104 0.0007562642232683083 1.0247939253606992 -4.275862890875332
325 1.0256347581979284 -0.0009884807895889551 -12.07595702173644 0.0009884807895889551 1.0256347581979284 -5.108107590120818
326 1.024502003469246 -0.001953645754962435 -12.017405198708072 0.001953645754962435 1.024502003469246 -6.6525702285712764
327 1.023906922106271 -0.002858748526582538 -11.776224203493951 0.002858748526582538 1.023906922106271 -7.584833929214845
328 1.0241359442445785 -0.002778468282372751 -12.234903709926687 0.002778468282372751 1.0241359442445785 -7.235009903833529
329 1.025338242710087 -0.0023814449958135375 -13.489236864506145 0.0023814449958135375 1.025338242710087 -6.52403421455281
330 1.027643648421802 -0.003152356760467555 -15.588030621405549 0.003152356760467555 1.027643648421802 -6.064205807459965
331 1.0262788929945696 -0.003547802491758869 -15.726360243355565 0.003547802491758869 1.0262788929945696 -5.25479425294272
332 1.034418354677609 -0.002742485005154248 -19.76934645148852 0.002742485005154248 1.034418354677609 -6.175158223022397
333 1.0296902559606547 -0.003320043541293789 -19.050477810553478 0.003320043541293789 1.0296902559606547 -5.773511529195493
334 1.0321639226334889 -0.0022349946438889614 -20.42610419585135 0.0022349946438889614 1.0321639226334889 -5.88043529512352
335 1.0322569413667075 -0.002549179538508273 -20.659809264661927 0.002549179538508273 1.0322569413667075 -6.004965334874231
336 1.026594449364307 -0.002847071200619497 -19.113166598762934 0.002847071200619497 1.026594449364307 -5.617209818461832
337 1.0387675635804947 -0.003188961200633483 -24.919724110106763 0.003188961200633483 1.0387675635804947 -6.91980960209849
338 1.0286044855225671 -0.002166093912648644 -20.621382280670375 0.002166093912648644 1.0286044855225671 -4.771049775255801
339 1.0197325787975575 -0.0030357821173186876 -15.588835190325007 0.0030357821173186876 1.0197325787975575 -4.441400068379892
340 1.0245284839176214 -0.003436898440058309 -19.2959367059009 0.003436898440058309 1.0245284839176214 -6.2822732508737165
341 1.0312692352297446 -0.0036764193292064162 -23.11236544770821 0.0036764193292064162 1.0312692352297446 -8.374758126847206
342 1.024554899906389 -0.004742017445361783 -21.382967811847685 0.004742017445361783 1.024554899906389 -8.407111745908516
343 1.017953946539063 -0.0018432172292291897 -16.772207644552292 0.0018432172292291897 1.017953946539063 -5.632734531280601
344 1.0253947070039198 -0.0014951851164263473 -22.5458982320494 0.0014951851164263473 1.0253947070039198 -5.717574091498127
345 1.0355839360257275 -0.003477709298980878 -28.144206921307507 0.003477709298980878 1.0355839360257275 -6.891603565003907
346 1.0439908402884566 -0.003924879122579772 -32.23618889589138 0.003924879122579772 1.0439908402884566 -8.001325556440017
347 1.0336496604987915 -0.0029550975398311445 -28.288690788781103 0.0029550975398311445 1.0336496604987915 -6.213706891737646
348 1.043620070774147 -0.0053616497586491405 -32.56012438261621 0.0053616497586491405 1.043620070774147 -8.517453171794896
349 1.0189659118934924 -0.0005194299149110451 -20.373624498862902 0.0005194299149110451 1.0189659118934924 -2.423044991970429
350 1.0311167503468577 -0.0029492889155596025 -28.518416692319075 0.0029492889155596025 1.0311167503468577 -5.919328272301918
351 1.0302991247378495 -0.0032530359015236227 -28.619121323741144 0.0032530359015236227 1.0302991247378495 -5.691268643650017
352 1.0233283038196432 -0.0009859575307887127 -23.108390208706247 0.0009859575307887127 1.0233283038196432 -3.628873120293596
353 1.030821270599708 9.055177187824916e-05 -29.457807688216203 -9.055177187824916e-05 1.030821270599708 -3.625749784431581
354 1.0238528641891484 0.0009766108044021952 -24.415714079431172 -0.0009766108044021952 1.0238528641891484 -3.2430334092096347
355 1.026997838181874 -0.0025048046071991363 -24.987659292415557 0.0025048046071991363 1.026997838181874 -6.861419602579534
356 1.020195248956907 -0.002738746483382217 -20.049443645186106 0.002738746483382217 1.020195248956907 -6.437703898991457
357 1.0210987775389508 -0.0031310738524702505 -19.69409673789324 0.0031310738524702505 1.0210987775389508 -6.4006739316286705
358 1.0201254496556569 0.00017832269098005726 -19.965734359472595 -0.00017832269098005726 1.0201254496556569 -4.080707926999044
359 1.0227246093157478 0.003210177390969043 -21.311395417710695 -0.003210177390969043 1.0227246093157478 -1.4039691269672638
360 1.0166387285442944 0.0018356421141011137 -17.818078062828807 -0.0018356421141011137 1.0166387285442944 -1.7065190011900762
361 1.0257177901088428 -0.0002649043249312679 -21.77639887667614 0.0002649043249312679 1.0257177901088428 -3.512430128384776
362 1.016125044123624 -0.0024255449528774787 -15.18210257542338 0.0024255449528774787 1.016125044123624 -3.1214186374333766
363 1.0215725492647774 -0.0014992921542450865 -16.998981074812402 0.0014992921542450865 1.0215725492647774 -2.9878918027982975
364 1.0186993857079287 -0.000761352114681652 -15.200542902348186 0.000761352114681652 1.0186993857079287 -3.070891273548716
365 1.0179560017874292 0.0006073163661477283 -14.895008649933299 -0.0006073163661477283 1.0179560017874292 -2.1689954488322947
366 1.0194505749653289 3.307120287336304e-05 -14.839107255143414 -3.307120287336304e-05 1.0194505749653289 -3.542309985456134
367 1.0207601059242708 -7.915091744637023e-05 -15.278259477072101 7.915091744637023e-05 1.0207601059242708 -3.9868305217575393
368 1.0188301106777393 -0.0009967320087128782 -14.199974011658398 0.0009967320087128782 1.0188301106777393 -3.3349620058924088
369 1.017001692149829 -0.0007190251053724948 -13.09617504042452 0.0007190251053724948 1.017001692149829 -2.3579039773632573
370 1.0151944407420075 -0.0004995372760636541 -12.293563915742554 0.0004995372760636541 1.0151944407420075 -2.34221719349512
371 1.0174654788682564 0.00037245867323235007 -12.851257457623115 -0.00037245867323235007 1.0174654788682564 -2.4842921668939706
372 1.017049070689719 -0.0001752904866167776 -12.10520590667041 0.0001752904866167776 1.017049070689719 -2.3476771802168233
