0 1.0 0.0 0.0 0.0 1.0 0.0
1 1.000149163163421 0.0003254530951710483 0.008327868388652827 -0.0003254530951710483 1.000149163163421 0.26041736939457827
2 1.0001151051782413 0.00011374861000706439 0.0007937485868659672 -0.00011374861000706439 1.0001151051782413 0.017669266002629472
3 0.9999788350756127 8.710591778830828e-05 0.06580103868899906 -8.710591778830828e-05 0.9999788350756127 0.07833565660175079
4 1.0000966413071994 4.843259645711484e-06 -0.007769320190966321 -4.843259645711484e-06 1.0000966413071994 0.017738402547408383
5 1.0001902355433245 0.0002722163510279762 -0.019904411059078836 -0.0002722163510279762 1.0001902355433245 0.12756017605225736
6 1.0001744013903329 8.951650652624945e-05 0.007058608346177106 -8.951650652624945e-05 1.0001744013903329 0.11446431464015856
7 1.0001013172934967 0.00012186745041363578 -0.033010197162173835 -0.00012186745041363578 1.0001013172934967 0.034618412706000204
8 1.0000557679266209 4.446081389141744e-05 -0.006342560996438245 -4.446081389141744e-05 1.0000557679266209 0.0913776519181917
9 0.9999028520477108 7.701945241516223e-06 0.12085354033801439 -7.701945241516223e-06 0.9999028520477108 -0.028259232343235248
10 1.0000992303219935 0.00012736685273818664 -0.011928150360193845 -0.00012736685273818664 1.0000992303219935 0.09057005331066109
11 1.000114160898984 0.00010757040316253881 0.04904019218102307 -0.00010757040316253881 1.000114160898984 0.10653271410340112
12 0.9999538695532595 3.2471761890135164e-05 0.10838567995030066 -3.2471761890135164e-05 0.9999538695532595 -0.012969143903129829
13 1.0000649183332968 0.00013832806193701664 0.0002335433687088724 -0.00013832806193701664 1.0000649183332968 0.13063497983280714
14 0.9996833980358449 0.00024280970591433428 0.30296087802674154 -0.00024280970591433428 0.9996833980358449 0.17086600107988573
15 0.9997975795580297 0.00016702316953133697 0.2034942896194479 -0.00016702316953133697 0.9997975795580297 0.09319466763097592
16 0.9998569292531736 0.0002142206551046309 0.1510868845404823 -0.0002142206551046309 0.9998569292531736 0.2198309196555629
17 1.0001142496863762 0.00013292834460835697 -0.02164107513111746 -0.00013292834460835697 1.0001142496863762 0.06353748486131805
18 0.9998397754041092 0.0003476040070863242 0.16276997966871243 -0.0003476040070863242 0.9998397754041092 0.2857271765126346
19 0.9999188225940294 0.0004371639195140619 0.141581499268159 -0.0004371639195140619 0.9999188225940294 0.29928863427257013
20 0.999893815364082 0.00032286750440521444 0.1003345130801981 -0.00032286750440521444 0.999893815364082 0.1967492918760053
21 0.9999251514817786 0.00040289303236597023 0.07765215395703196 -0.00040289303236597023 0.9999251514817786 0.3058955929532081
22 0.9999248064787539 0.0002356387739940992 0.104210556935917 -0.0002356387739940992 0.9999248064787539 0.1705251665802504
23 1.0001917816055959 0.0002560452549221757 -0.039666509848816235 -0.0002560452549221757 1.0001917816055959 0.26010046241097357
24 1.0004068874428191 0.00047389329221024577 -0.16367703745686338 -0.00047389329221024577 1.0004068874428191 0.3374204936044851
25 1.0001320500306816 0.0003109003329852017 -0.022573729230458292 -0.0003109003329852017 1.0001320500306816 0.25415247492577625
26 1.000248650629527 0.0004909480841523764 0.00038013679925175126 -0.0004909480841523764 1.000248650629527 0.3891039878115429
27 1.000255221478638 0.00035370706430070753 -0.011096594055372984 -0.00035370706430070753 1.000255221478638 0.17493252030172965
28 0.9999788767797544 0.0002452012903915 0.1553336659190983 -0.0002452012903915 0.9999788767797544 0.19389943662458703
29 1.0003013551891684 0.0003464088644746422 -0.08432105806082481 -0.0003464088644746422 1.0003013551891684 0.18099810485833998
30 1.0001044281952396 0.00020594278599547148 0.016463639386408407 -0.00020594278599547148 1.0001044281952396 0.14898538739576211
31 1.0000586955973858 0.00021322006684157293 0.021801887761358385 -0.00021322006684157293 1.0000586955973858 0.17448011945082448
32 1.0000403100755528 2.8167304069688973e-06 -0.03460419989789659 -2.8167304069688973e-06 1.0000403100755528 -0.00042309039281886174
33 0.9998429708776286 0.00018912210740441743 0.04902280647393077 -0.00018912210740441743 0.9998429708776286 0.10479335387382441
34 1.000021375885319 0.00010119604242687351 0.017467734995825865 -0.00010119604242687351 1.000021375885319 0.0140578977140194
35 0.9998665705129838 -3.278603304915877e-05 0.06504799601603826 3.278603304915877e-05 0.9998665705129838 0.059168450957538754
36 1.000129368745211 0.00010592871596661983 -0.04951210175964541 -0.00010592871596661983 1.000129368745211 0.1299065998425288
37 1.000128609802686 0.0001992294128412888 -0.03167263319674675 -0.0001992294128412888 1.000128609802686 0.039791634508679105
38 1.0002329704364021 0.00011481840977936597 -0.11677433660064976 -0.00011481840977936597 1.0002329704364021 0.07277001328575594
39 1.0000922064110558 2.6909214820982105e-05 -0.05370430081704272 -2.6909214820982105e-05 1.0000922064110558 0.004254088962150333
40 1.0000917789838448 6.849809708215757e-05 -0.05911467962976705 -6.849809708215757e-05 1.0000917789838448 0.02410827971149624
41 1.0000190954590094 7.981828769004239e-05 -0.022942350651851573 -7.981828769004239e-05 1.0000190954590094 0.0690215599654892
42 0.9999415780443814 6.743411378353338e-06 -0.019717691844994834 -6.743411378353338e-06 0.9999415780443814 -0.023598982397403934
43 1.0001637173796305 0.00023559424819049154 -0.03484864859720197 -0.00023559424819049154 1.0001637173796305 0.10590663713522681
44 1.0001102036803022 0.00017567300036714332 -0.06215420058822514 -0.00017567300036714332 1.0001102036803022 0.06085590298107056
45 0.9998411349051135 -0.0001672724604555018 0.07449554676211188 0.0001672724604555018 0.9998411349051135 -0.08481376695276974
46 0.9997221219927118 -0.00016647920346433655 0.18991649848811906 0.00016647920346433655 0.9997221219927118 -0.10841728406603872
47 1.000135038950345 -0.0001299993117053538 0.14034755853601588 0.0001299993117053538 1.000135038950345 -0.22265215566759222
48 0.9999558537457578 -0.00016210970754452854 0.12789399958473952 0.00016210970754452854 0.9999558537457578 -0.12903641208561406
49 0.9997025474069128 -0.00016260907832500788 0.2035898341708418 0.00016260907832500788 0.9997025474069128 -0.23988317461883266
50 0.999810881090241 -0.00023962566978587608 0.24186178248024176 0.00023962566978587608 0.999810881090241 -0.23277029716397202
51 0.9997481593107701 -0.00022609039477977633 0.2794492193580834 0.00022609039477977633 0.9997481593107701 -0.1909983691641456
52 1.0002452735681253 -0.0001486226192388871 0.08885995261734192 0.0001486226192388871 1.0002452735681253 -0.12979010077860287
53 0.9999151498958662 -0.00017810229993539593 0.18868254322321923 0.00017810229993539593 0.9999151498958662 -0.20122661729833802
54 1.0000751428269752 -0.00010837945269126121 0.10643837996537342 0.00010837945269126121 1.0000751428269752 -0.12431957695113392
55 1.0001609241672296 -0.00019782197821244238 0.05165268746549778 0.00019782197821244238 1.0001609241672296 -0.16164893061343016
56 1.0003009581857312 -0.0001479412981091511 0.03443018269662502 0.0001479412981091511 1.0003009581857312 -0.035856563623767636
57 1.0003629076294556 -1.2412897100009027e-05 0.0050751744078421784 1.2412897100009027e-05 1.0003629076294556 -0.03385130008906123
58 1.0003310052909138 -4.70152915607228e-06 -0.0011140578201069874 4.70152915607228e-06 1.0003310052909138 -0.15476490959360095
59 1.0004017994596386 -0.00010790890628677647 -0.10791915275533615 0.00010790890628677647 1.0004017994596386 -0.12333176745981231
60 1.0003158818057383 -2.3993063481237342e-05 -0.010131798492936217 2.3993063481237342e-05 1.0003158818057383 -0.06251785513390806
61 1.0004964876487967 -0.00014563499136145339 -0.08842843359357455 0.00014563499136145339 1.0004964876487967 -0.05115207529828647
62 1.0006478166960584 8.573262529214369e-05 -0.18965340054431354 -8.573262529214369e-05 1.0006478166960584 0.012555385836573646
63 1.0006005116983587 -1.011393715860719e-05 -0.15076070094384475 1.011393715860719e-05 1.0006005116983587 -0.1093480053651894
64 1.0004471735994265 5.292473928076678e-05 -0.1318683015182938 -5.292473928076678e-05 1.0004471735994265 -0.024683191862700585
65 1.000629221039912 -9.995286873689025e-05 -0.11981684285022581 9.995286873689025e-05 1.000629221039912 -0.09748698077754363
66 1.0005765664554012 -6.693920139264031e-05 -0.1010808078739117 6.693920139264031e-05 1.0005765664554012 -0.04765874693331888
67 1.0004236028480438 2.7940126532556175e-05 -0.07954778608474068 -2.7940126532556175e-05 1.0004236028480438 -0.014190528250741834
68 1.0004858140755806 2.4132958991546335e-05 -0.08275653028266536 -2.4132958991546335e-05 1.0004858140755806 -0.0826323173358823
69 1.0002753332367347 2.4480582462939218e-05 -0.01246342295871719 -2.4480582462939218e-05 1.0002753332367347 0.0003754463791399154
70 1.0004243992659037 -2.3340371359920466e-05 -0.0004879852471730839 2.3340371359920466e-05 1.0004243992659037 -0.07908546789304102
71 1.0003405387441544 -3.030534350613401e-05 -0.03116063859194965 3.030534350613401e-05 1.0003405387441544 -0.043781050264431604
72 1.0008182914765062 7.014181360346522e-07 -0.15792041220230904 -7.014181360346522e-07 1.0008182914765062 -0.03208596234460653
73 1.0004813618443658 -1.320244502497317e-07 -0.1137901768526591 1.320244502497317e-07 1.0004813618443658 -0.09714859576655141
74 1.00040279779889 9.303745640782951e-05 -0.1592245449850095 -9.303745640782951e-05 1.00040279779889 0.044167316613345546
75 1.0006159458963924 9.046206949212996e-06 -0.18753938637398088 -9.046206949212996e-06 1.0006159458963924 -0.04799121967600041
76 1.0004941133762268 4.1774922706971474e-06 -0.10115975893801543 -4.1774922706971474e-06 1.0004941133762268 -0.016012376520158793
77 1.000482444730242 3.412161986480268e-05 -0.11300549702433349 -3.412161986480268e-05 1.000482444730242 0.02231730211894939
78 1.0003092940362655 2.2350891375970073e-05 -0.05640059772537048 -2.2350891375970073e-05 1.0003092940362655 -0.003655209673485255
79 1.0002655260372009 -3.42239315162661e-05 -0.04563011379252593 3.42239315162661e-05 1.0002655260372009 0.03246490376982663
80 1.0005407957398977 1.9299869321342707e-05 -0.07380349189821682 -1.9299869321342707e-05 1.0005407957398977 -0.03735528882275679
81 1.0004871665073136 -2.181116236421071e-05 -0.08237320297170878 2.181116236421071e-05 1.0004871665073136 -0.09866939963634558
82 1.0005115082567553 6.054745246110514e-05 -0.07065856779147191 -6.054745246110514e-05 1.0005115082567553 -0.006592443409945924
83 1.0003810402887265 -3.457028794271013e-05 -0.05130484828650472 3.457028794271013e-05 1.0003810402887265 -0.06318583227773972
84 1.0010892821272643 -0.00012237148341117808 -0.16574831536903545 0.00012237148341117808 1.0010892821272643 -0.16629576789727568
85 1.0006003227058973 -0.0001193315066785594 -0.0865067312307855 0.0001193315066785594 1.0006003227058973 -0.07553930737754652
86 1.0007998342866695 -0.00015956816739285084 -0.08116553433410138 0.00015956816739285084 1.0007998342866695 -0.16822823303443646
87 1.0005199296679006 7.435086708977523e-05 -0.0803950489655844 -7.435086708977523e-05 1.0005199296679006 0.007656937876506913
88 1.000533546955082 -7.878445966754815e-05 -0.07119888979910592 7.878445966754815e-05 1.000533546955082 -0.11063017631973006
89 1.0004791624182843 -0.0002193965893366838 -0.01890441648150487 0.0002193965893366838 1.0004791624182843 -0.0651836431463671
90 1.0004691626790303 -0.0001252590651451232 -0.02789653805824094 0.0001252590651451232 1.0004691626790303 -0.03731780962625056
91 1.0005520646742159 -0.00012535829787004187 -0.06793668033594796 0.00012535829787004187 1.0005520646742159 -0.1414806548954453
92 1.0005061568391298 1.4940902502157798e-05 -0.04873283880169806 -1.4940902502157798e-05 1.0005061568391298 -0.003774152403232178
93 1.0007352298718672 -0.00010225264781600217 -0.06310552828920626 0.00010225264781600217 1.0007352298718672 -0.14581729180910807
94 1.000530287849377 -0.000222841893881343 0.0006668774160676436 0.000222841893881343 1.000530287849377 -0.10345773412437817
95 1.0005741342596304 -0.0002073406714781843 -0.006710593071692282 0.0002073406714781843 1.0005741342596304 -0.11231077181389118
96 1.0007082795048818 -6.382438200188117e-05 -0.0547550029000905 6.382438200188117e-05 1.0007082795048818 -0.1135723883299915
97 1.0007545617058204 -2.3063945872169684e-05 -0.0974503308846596 2.3063945872169684e-05 1.0007545617058204 -0.054376381838691035
98 1.0006197305071436 -6.31550718053963e-06 -0.089566555344779 6.31550718053963e-06 1.0006197305071436 -0.12456100620560855
99 1.000748890629189 -0.00012355957967830145 -0.099224131039517 0.00012355957967830145 1.000748890629189 -0.08280294734297029
100 1.0008196906634754 -0.00010419195985134772 -0.109274736750451 0.00010419195985134772 1.0008196906634754 -0.07361355715110918
101 1.0008005578741335 -5.1844264846246226e-05 -0.1418047377576109 5.1844264846246226e-05 1.0008005578741335 -0.11367695959190724
102 1.0009757718107462 -1.615966096549905e-05 -0.18510808379413932 1.615966096549905e-05 1.0009757718107462 -0.08735986368410946
103 1.00110032601963 -5.238895778151968e-05 -0.19634269950334216 5.238895778151968e-05 1.00110032601963 -0.19403843584951186
104 1.0013107026055785 -0.00028078632881565384 -0.18977510375715453 0.00028078632881565384 1.0013107026055785 -0.21358487269399254
105 1.0010195499336687 -0.00010406981009889383 -0.15312494784055286 0.00010406981009889383 1.0010195499336687 -0.10324716089958969
106 1.0009029187535539 -9.662375286772313e-05 -0.11636141214187279 9.662375286772313e-05 1.0009029187535539 -0.14564683498743858
107 1.000728662445914 -1.3394051037049828e-05 -0.10589820135468501 1.3394051037049828e-05 1.000728662445914 -0.04644779183725885
108 1.001305425627886 -7.262920998433238e-06 -0.27108095681807054 7.262920998433238e-06 1.001305425627886 -0.1792084238566207
109 1.0016467645978986 -0.00019223649649542266 -0.3852217369476144 0.00019223649649542266 1.0016467645978986 -0.1800599702928241
110 1.001356038206632 -0.00022428227044789798 -0.2775603804236599 0.00022428227044789798 1.001356038206632 -0.13648059162222692
111 1.0017473072267107 -0.0002700433621877763 -0.3907208637517886 0.0002700433621877763 1.0017473072267107 -0.2622173288516968
112 1.0016255319959497 -0.0001620803749129166 -0.3529934388165819 0.0001620803749129166 1.0016255319959497 -0.13899491926122706
113 1.0013294632160499 2.4000839442658113e-05 -0.2901311169204086 -2.4000839442658113e-05 1.0013294632160499 -0.1600399709994115
114 1.0011701064100307 -2.604066866957281e-05 -0.2445286125591924 2.604066866957281e-05 1.0011701064100307 -0.07852469607066297
115 1.0010843915756416 -0.00013923594389806575 -0.19254235966570982 0.00013923594389806575 1.0010843915756416 -0.06546442094813835
116 1.0013636565125792 -0.0001646298410866861 -0.24803925877380853 0.0001646298410866861 1.0013636565125792 -0.1348865600263548
117 1.0012589127812126 -0.00012352491740406885 -0.24491617914654445 0.00012352491740406885 1.0012589127812126 -0.10556029723328046
118 1.0013841600510016 -5.019120007696247e-05 -0.27639736812163773 5.019120007696247e-05 1.0013841600510016 -0.15481351401859508
119 1.0014482587202125 -3.4934521269888664e-05 -0.27736761873703814 3.4934521269888664e-05 1.0014482587202125 -0.13607121831094193
120 1.0014023923867772 -0.0002305588524124294 -0.24572959205344852 0.0002305588524124294 1.0014023923867772 -0.1287524263392674
121 1.0008814645187631 -6.041916482898841e-05 -0.2192100939351957 6.041916482898841e-05 1.0008814645187631 -0.11159417782596052
122 1.000244456712695 -9.730216225290692e-05 -0.057968900563174164 9.730216225290692e-05 1.000244456712695 -0.022681764386114245
123 1.0003145314544617 -0.00010431919003468509 -0.08559010348224298 0.00010431919003468509 1.0003145314544617 -0.0966470763368917
124 1.0003613949036247 -0.00023656384204758505 -0.07727332823782307 0.00023656384204758505 1.0003613949036247 -0.16204193443502068
125 1.000426815605104 -0.0001041834485368447 -0.12129141735736604 0.0001041834485368447 1.000426815605104 -0.07815841694645914
126 1.0001173448265976 -6.64382075152332e-05 7.046424185619565e-06 6.64382075152332e-05 1.0001173448265976 -0.07808458529056757
127 1.0004214553573034 -5.016848881546427e-05 -0.06019477912744563 5.016848881546427e-05 1.0004214553573034 -0.04355533212416242
128 1.0004470778476453 3.9402768686392004e-05 -0.10252467005436698 -3.9402768686392004e-05 1.0004470778476453 -0.06374129033440841
129 1.000252275873666 6.242240181627586e-05 -0.057902577517979295 -6.242240181627586e-05 1.000252275873666 0.012280885607415
130 1.0001485378389114 -0.00023155973699466972 0.02257798754941158 0.00023155973699466972 1.0001485378389114 -0.08582848936377896
131 1.0001522154530738 -8.243880713985411e-05 0.0030212995014018695 8.243880713985411e-05 1.0001522154530738 -0.07416689761424004
132 1.0003496953056572 3.731967518062175e-05 -0.05422617052504099 -3.731967518062175e-05 1.0003496953056572 0.016021677248684918
133 1.000181039052921 -6.969342434405067e-05 -0.009361305943521886 6.969342434405067e-05 1.000181039052921 -0.07870001868621693
134 1.0000353623904363 -0.00018551005668897887 0.05536628622712797 0.00018551005668897887 1.0000353623904363 -0.11034914667069273
135 1.0001346286687824 -5.363323307312612e-05 -0.01355241107450675 5.363323307312612e-05 1.0001346286687824 -0.007395355163312932
136 0.9999804004259611 -7.86587390984699e-05 0.0021902137389694515 7.86587390984699e-05 0.9999804004259611 -0.07275654040574701
137 1.0002601678081768 0.00012370106371542642 -0.12038760387815269 -0.00012370106371542642 1.0002601678081768 0.06163897275632905
138 1.0001048767612577 1.7318371278133345e-05 -0.01910381405073799 -1.7318371278133345e-05 1.0001048767612577 0.027271351842301346
139 0.9999309016131045 5.5492643059511805e-05 0.01161483444480801 -5.5492643059511805e-05 0.9999309016131045 0.08231347442486288
140 1.0000875766714574 9.264935640566486e-05 -0.08389239670539979 -9.264935640566486e-05 1.0000875766714574 0.09278083861295233
141 1.000119062738037 -4.807578390424351e-06 -0.09960307139590008 4.807578390424351e-06 1.000119062738037 -0.04327513985351271
142 1.0000203946068715 0.0001706836052049641 -0.09911287413224992 -0.0001706836052049641 1.0000203946068715 0.1742811118301978
143 1.0000906112018177 2.554916027811122e-05 -0.08110322521387703 -2.554916027811122e-05 1.0000906112018177 -0.027512133098652275
144 1.000118039699371 8.55562550490849e-05 -0.11374003554933684 -8.55562550490849e-05 1.000118039699371 0.016566557359976267
