0 1.0 0.0 0.0 0.0 1.0 0.0
1 1.0000372193839377 -5.580980113970205e-05 -0.019951345142248528 5.580980113970205e-05 1.0000372193839377 -0.09055570404127385
2 1.000008784813945 -3.09205099897001e-05 -0.008459192776376745 3.09205099897001e-05 1.000008784813945 0.0032784018196369627
3 1.0000205067974164 3.995078263918812e-05 -0.03671321408313389 -3.995078263918812e-05 1.0000205067974164 0.01647675302535482
4 1.0000413644048174 -5.7295577965258544e-05 -0.033426305863807945 5.7295577965258544e-05 1.0000413644048174 -0.030926501879862026
5 0.9999866881221199 4.701571729170419e-05 -0.010338465301912575 -4.701571729170419e-05 0.9999866881221199 0.07704071271397492
6 0.9999974924544323 -0.00010817759257468116 0.012045391780350028 0.00010817759257468116 0.9999974924544323 -0.12228122021057551
7 0.9999726920744958 -1.3122395479568863e-05 0.015317773343829597 1.3122395479568863e-05 0.9999726920744958 0.08103918621602117
8 0.9999828163050313 -9.801949490876058e-06 0.007388436694809965 9.801949490876058e-06 0.9999828163050313 -0.046500329893386386
9 0.999919875634133 1.2692699760083552e-05 0.024713221286637905 -1.2692699760083552e-05 0.999919875634133 0.020772441509244545
10 1.0000306758107593 -1.0532405669979173e-05 -0.023804305459760405 1.0532405669979173e-05 1.0000306758107593 0.018040312378033267
11 1.000011337317379 -2.5752857100813307e-05 0.0028128936478345862 2.5752857100813307e-05 1.000011337317379 -0.0584123139865165
12 0.9999475213313812 3.899389879084444e-05 0.017452522082812366 -3.899389879084444e-05 0.9999475213313812 0.08452923181408246
13 0.9999950503555017 6.2336877970778294e-06 0.0035528039999136504 -6.2336877970778294e-06 0.9999950503555017 -0.04144337954140634
14 0.9999849827843056 1.1632553022137898e-05 -4.696633035678122e-06 -1.1632553022137898e-05 0.9999849827843056 0.017877477392434078
15 0.9999741571233136 0.0001063368224614308 -0.007548851813418537 -0.0001063368224614308 0.9999741571233136 0.06463841825837716
16 1.000007925769379 6.0840863803270835e-06 -0.006250943370404441 -6.0840863803270835e-06 1.000007925769379 -0.04122437220421443
17 0.999965613989285 -3.929653598968181e-06 0.01695766357308633 3.929653598968181e-06 0.999965613989285 0.04390002299951598
18 0.9999980468008052 3.489069182446989e-05 -0.016688732400023745 -3.489069182446989e-05 0.9999980468008052 -0.007036046461941152
19 0.9999848893008739 -1.2048621214200142e-05 0.017402457346566945 1.2048621214200142e-05 0.9999848893008739 -0.014818912516258765
20 0.9999806411458123 4.36285248903199e-05 -0.010713011421356066 -4.36285248903199e-05 0.9999806411458123 0.0430904035522853
21 0.9999716932693782 1.0419106823360951e-05 -0.0019066902112934627 -1.0419106823360951e-05 0.9999716932693782 -0.03701265307417795
22 0.999988851647675 1.3257578319631392e-05 -0.008047144296667526 -1.3257578319631392e-05 0.999988851647675 0.04600240000776973
23 0.9999490701148881 9.891537381445058e-06 0.005640381771635415 -9.891537381445058e-06 0.9999490701148881 -0.011817933376192552
24 0.999906570631324 -1.2357284781851869e-06 0.020595638182471943 1.2357284781851869e-06 0.999906570631324 -0.003972798336515276
25 0.9999504283127423 2.2553249468005937e-05 -0.00411111327952155 -2.2553249468005937e-05 0.9999504283127423 0.06316988366034326
26 0.9999788939376064 -2.6280858560263078e-05 0.00990325653775476 2.6280858560263078e-05 0.9999788939376064 -0.07685428118816084
27 0.9999774358312952 3.235046326457778e-05 -0.004094835247942818 -3.235046326457778e-05 0.9999774358312952 0.0866957983847683
28 0.9999887959793297 -3.490265002029853e-05 0.009168332785170546 3.490265002029853e-05 0.9999887959793297 -0.06823989696227237
29 1.0000069168010577 2.1500090195989313e-05 -0.007561931851574648 -2.1500090195989313e-05 1.0000069168010577 0.028791335382765584
30 0.9999837807739628 8.568318998826455e-06 -0.0027822584153296068 -8.568318998826455e-06 0.9999837807739628 0.03171514068102617
31 0.999972181617836 8.376348876002219e-06 -0.004123027525194616 -8.376348876002219e-06 0.999972181617836 -0.04579598455273217
32 0.9999753910845716 7.437697041234311e-07 -0.002212471443431393 -7.437697041234311e-07 0.9999753910845716 0.052499354583271284
33 0.9999653495045494 8.904145275040575e-06 -0.002172252063241401 -8.904145275040575e-06 0.9999653495045494 -0.028551401136694125
34 0.9999740318818022 -1.786547378948396e-06 6.028267187003502e-05 1.786547378948396e-06 0.9999740318818022 0.010097988274771704
35 0.9999263561769719 6.601173040027716e-06 -0.01505604918556222 -6.601173040027716e-06 0.9999263561769719 0.03979846747169882
36 0.9998368982897552 -5.9002451158858484e-05 0.02811390901409165 5.9002451158858484e-05 0.9998368982897552 -0.0635109496983583
37 0.9999393963999004 -2.9113268757040783e-05 0.0059056357663968525 2.9113268757040783e-05 0.9999393963999004 0.03511887931061202
38 0.9999418667505173 1.6397003174538946e-05 -0.008898539286248258 -1.6397003174538946e-05 0.9999418667505173 -0.014107428522870231
39 0.9999610265200526 -1.284759296727275e-05 0.026306804996734677 1.284759296727275e-05 0.9999610265200526 -0.016924116451360646
40 0.9999551377106917 1.640265863380333e-05 -0.01859107706220151 -1.640265863380333e-05 0.9999551377106917 0.05495149170559336
41 0.9999583287968108 -2.3705576488896517e-05 0.01631743483653576 2.3705576488896517e-05 0.9999583287968108 -0.05809479519039634
42 0.999937372746903 -1.7200530814305266e-05 -0.001574945863930892 1.7200530814305266e-05 0.999937372746903 0.040897056064015586
43 0.9999604332937082 2.7048009060856106e-05 -0.007913770582031344 -2.7048009060856106e-05 0.9999604332937082 -0.014282560317227397
44 0.9999778114887716 4.555031550429585e-05 -0.008316567211937319 -4.555031550429585e-05 0.9999778114887716 0.020446411889035662
45 0.9999621468830996 0.00012324171934226865 -0.023926270529333115 -0.00012324171934226865 0.9999621468830996 0.0975159737661764
46 0.9999591390664665 -3.088764890342122e-05 0.019479854974718352 3.088764890342122e-05 0.9999591390664665 -0.07547580183036749
47 0.9999705753562569 4.3349447861174315e-05 -0.002375927430636785 -4.3349447861174315e-05 0.9999705753562569 0.05534135717423708
48 0.9999495800443956 1.4697539983031654e-05 -0.0008533764562187781 -1.4697539983031654e-05 0.9999495800443956 0.027358083859262305
49 0.9999744651100747 -8.63617322744614e-06 0.0032271618058511862 8.63617322744614e-06 0.9999744651100747 -0.0333762213527961
50 0.9999792201014966 -1.6133076425993942e-06 -0.009793288647250892 1.6133076425993942e-06 0.9999792201014966 0.0349062156749839
51 0.9999571889180552 1.961585948943503e-05 0.008313924182001105 -1.961585948943503e-05 0.9999571889180552 -0.019413623330898404
52 0.999965252848399 1.9366289692503242e-05 0.004949622558158118 -1.9366289692503242e-05 0.999965252848399 0.02751220631956603
53 0.9999584720366954 3.052348069951577e-06 0.0009138439604533288 -3.052348069951577e-06 0.9999584720366954 0.016358517322156377
54 0.999994753408624 -2.4515299152532558e-05 0.006072341399293695 2.4515299152532558e-05 0.999994753408624 -0.060389155942942294
55 0.9999512020004475 3.455501576476264e-05 -0.005715661019915119 -3.455501576476264e-05 0.9999512020004475 0.10159716517197101
56 0.9999531600650774 -4.792748215436223e-05 0.015951498640257064 4.792748215436223e-05 0.9999531600650774 -0.08585505260033348
57 0.9998754794233469 0.00011927943088395313 -0.0064695550834476395 -0.00011927943088395313 0.9998754794233469 0.08279838659130388
58 0.9998655901664856 7.743342091669701e-06 0.006293123737793012 -7.743342091669701e-06 0.9998655901664856 0.017255465549597986
59 0.9997419981904166 -7.751129858108328e-05 0.043071423347698076 7.751129858108328e-05 0.9997419981904166 -0.06024391845821644
60 0.9998273836485464 7.994767203498308e-05 -0.019956768303591124 -7.994767203498308e-05 0.9998273836485464 0.12060998705079574
61 0.9998175598489871 4.404193345189595e-05 0.030321595515802754 -4.404193345189595e-05 0.9998175598489871 -0.021638294226989457
62 0.9998127103068005 5.40255938087019e-05 -0.00523070356319819 -5.40255938087019e-05 0.9998127103068005 0.01903268874971351
63 0.9996628096140722 0.00014871784301832188 0.013819607792696777 -0.00014871784301832188 0.9996628096140722 0.0804641885652911
64 0.9996766605916034 7.815594576887501e-05 -0.0107945160323705 -7.815594576887501e-05 0.9996766605916034 0.029672100283710656
65 0.9996887718418791 1.6434153449258348e-05 0.014085579831076982 -1.6434153449258348e-05 0.9996887718418791 0.07330497154399104
66 0.9998388694808029 -3.116677771026948e-05 0.018960052735902653 3.116677771026948e-05 0.9998388694808029 -0.08032719224297774
67 0.9998278546591778 8.791109964756581e-05 -0.01711203498686456 -8.791109964756581e-05 0.9998278546591778 0.1041601418559515
68 0.9998876425290038 3.4162840565956116e-05 -0.013689366936964473 -3.4162840565956116e-05 0.9998876425290038 0.015799726993712314
69 0.999844183035205 -1.677171671883984e-05 -0.011215115862731634 1.677171671883984e-05 0.999844183035205 -0.08369346024459991
70 0.9998447532869496 4.162521027755879e-05 0.0063580287729069545 -4.162521027755879e-05 0.9998447532869496 0.12581408542319314
71 0.9997690162788915 3.676982318123549e-05 0.028041328055516603 -3.676982318123549e-05 0.9997690162788915 -0.038084438427561845
72 0.9999272876520006 3.0418780572863293e-05 -0.029235831679073142 -3.0418780572863293e-05 0.9999272876520006 0.021716386081007105
73 0.9998811657231732 3.018174257967017e-05 0.017736114804152596 -3.018174257967017e-05 0.9998811657231732 0.028826768639600715
74 0.9998830088870401 1.9414573176738437e-05 -0.003911044933405619 -1.9414573176738437e-05 0.9998830088870401 -0.035769015623368414
75 0.9997078094307619 0.00029312969471613384 0.013488376814370075 -0.00029312969471613384 0.9997078094307619 0.1799022949724443
76 0.9994272209675805 0.00021772690389391727 0.06036991387948969 -0.00021772690389391727 0.9994272209675805 0.06923608975357232
77 0.9988710688757028 0.0004020385347690389 0.19039270690578314 -0.0004020385347690389 0.9988710688757028 0.33299048054669544
78 0.9994093055292078 0.00022287500544868164 0.07107333465739786 -0.00022287500544868164 0.9994093055292078 0.1338524397628811
79 0.9995681158196786 0.00018028364512181715 0.04656599550256705 -0.00018028364512181715 0.9995681158196786 0.04627552020842987
80 0.9967263605727935 0.0004029885938326897 0.7393529202837443 -0.0004029885938326897 0.9967263605727935 0.6992556933338337
81 0.9989526910057482 0.00019682601683408164 0.19261766431720348 -0.00019682601683408164 0.9989526910057482 0.13196251318529217
82 0.9984063526618064 0.0002806250066594127 0.30057799321653783 -0.0002806250066594127 0.9984063526618064 0.333377610793436
83 0.9990373353161744 0.00010632187977145248 0.17122624200443226 -0.00010632187977145248 0.9990373353161744 0.16595165372695259
84 0.9993079234274346 0.00014403629205156143 0.09587218446101997 -0.00014403629205156143 0.9993079234274346 0.0979916037625328
85 0.9994790516595771 9.022718191431876e-05 0.03682670244499346 -9.022718191431876e-05 0.9994790516595771 0.11471033221976927
86 0.9995687856692247 -2.2097709356560263e-06 0.04111119164654161 2.2097709356560263e-06 0.9995687856692247 0.014996188175439696
87 0.9995137172540807 0.00010110651208021848 0.045437961710458295 -0.00010110651208021848 0.9995137172540807 0.0951229095481824
88 0.9995422982192753 -3.3299740917655077e-05 0.062026434211319266 3.3299740917655077e-05 0.9995422982192753 0.050906332193542764
89 0.9996268959383756 -0.00010362174654473532 0.08114709063420952 0.00010362174654473532 0.9996268959383756 -0.04054516925483886
90 0.9997537488490462 8.647039647896105e-06 -0.00973066129121275 -8.647039647896105e-06 0.9997537488490462 0.08386940578926697
91 0.9997200420552022 -7.808546576501246e-06 0.031152133042807388 7.808546576501246e-06 0.9997200420552022 -0.023884556209657622
92 0.999777125810944 6.438430108965851e-05 0.00954936225757528 -6.438430108965851e-05 0.999777125810944 0.006300487341251514
93 0.999600568674265 4.0575848602765854e-05 0.01720373914938103 -4.0575848602765854e-05 0.999600568674265 0.09793887239337584
94 0.9996860550914237 -0.00013063022216939295 0.05325318634091227 0.00013063022216939295 0.9996860550914237 -0.08320600525372646
95 0.9997637658596363 4.284670240566716e-05 -0.021858619223911864 -4.284670240566716e-05 0.9997637658596363 0.0779671112294499
96 0.999760044496679 -4.719567037864332e-05 -0.0014658246952992116 4.719567037864332e-05 0.999760044496679 -0.05001547281919061
97 0.9996641108106284 -3.173687865304351e-05 -0.007777572958373127 3.173687865304351e-05 0.9996641108106284 0.024547482994673006
98 0.9996755287940999 -3.474208973084303e-05 0.008435915865491276 3.474208973084303e-05 0.9996755287940999 0.0201293575602797
99 0.9996703239406289 -2.9704243019655044e-06 0.02539366971322573 2.9704243019655044e-06 0.9996703239406289 -0.008985569191487353
100 0.9995894611489228 -2.9452183127818535e-05 0.0515466519807694 2.9452183127818535e-05 0.9995894611489228 0.10355041738848984
101 0.9995232858947339 2.369572469319549e-05 0.041263379130438815 -2.369572469319549e-05 0.9995232858947339 0.01975428462191697
102 0.9995789077297735 1.483647895305474e-05 0.03451546221163708 -1.483647895305474e-05 0.9995789077297735 0.03419962385013272
103 0.9996139449182552 -4.042522662169174e-05 0.031108270706904563 4.042522662169174e-05 0.9996139449182552 0.076933131964654
104 0.999557933971642 1.547918644468968e-05 0.037577917262389376 -1.547918644468968e-05 0.999557933971642 0.01888619650625903
105 0.9992632412343194 1.718079859456016e-05 0.06072963558756106 -1.718079859456016e-05 0.9992632412343194 0.12241752181722501
106 0.9996165287276719 -2.537615453263778e-06 0.032231582348375816 2.537615453263778e-06 0.9996165287276719 0.01536388630647574
107 0.9995430021899901 1.759460071095719e-05 0.04481572305607766 -1.759460071095719e-05 0.9995430021899901 0.06971864798675358
108 0.9995213027775857 0.00014668920790093218 -0.011363098783559879 -0.00014668920790093218 0.9995213027775857 0.1171810924993078
109 0.9995083060742004 -2.21766665795926e-05 0.02982717055396197 2.21766665795926e-05 0.9995083060742004 -0.020891184024938884
110 0.9995718028403828 4.6367405039894316e-05 0.0019368994099498785 -4.6367405039894316e-05 0.9995718028403828 0.12304687904544628
111 0.9995799088152714 1.9852557701360556e-05 -0.0014839951770213022 -1.9852557701360556e-05 0.9995799088152714 0.00015339091015784123
112 0.9995226047401926 2.3204416192399747e-05 -0.005040656239664321 -2.3204416192399747e-05 0.9995226047401926 0.07512355307204999
113 0.9996053148339298 8.924413994044246e-06 -0.009268261903647575 -8.924413994044246e-06 0.9996053148339298 0.07084696200369213
114 0.999635957274177 3.218308449991496e-05 -0.00946317548273048 -3.218308449991496e-05 0.999635957274177 -0.0023572140429426805
115 0.99971949046496 7.12635945716276e-05 -0.04729763916166617 -7.12635945716276e-05 0.99971949046496 0.10745886675241373
116 0.9997654184052891 -4.9247212036876926e-05 -0.024699956140889053 4.9247212036876926e-05 0.9997654184052891 -0.05242352038896105
117 0.999724439355212 -3.08204858125014e-06 -0.014509345349506797 3.08204858125014e-06 0.999724439355212 0.05835036433792385
118 0.9998188887807776 4.153118625621205e-05 -0.042781899562340735 -4.153118625621205e-05 0.9998188887807776 0.016880657296493944
119 0.9998246374857607 7.260143382615222e-06 -0.03734028537816809 -7.260143382615222e-06 0.9998246374857607 -0.014092921526708456
120 0.9996680465980292 2.229150368178886e-05 -0.02534858207464435 -2.229150368178886e-05 0.9996680465980292 0.06540828198782415
121 0.9997590923558946 2.3915187211052925e-06 -0.040372918227116875 -2.3915187211052925e-06 0.9997590923558946 -0.03968657005051347
122 0.9997354034254109 2.5614235816098723e-05 -0.007520197460947469 -2.5614235816098723e-05 0.9997354034254109 0.03657681276291228
123 0.9997848192457598 6.778493012524317e-05 -0.0741664274750669 -6.778493012524317e-05 0.9997848192457598 0.09992181715186398
124 0.9997233045741236 -7.577349950114972e-05 0.027289417000076414 7.577349950114972e-05 0.9997233045741236 -0.07181075150153904
125 0.9997483848138016 1.546270793770715e-05 -0.02292806086916118 -1.546270793770715e-05 0.9997483848138016 0.07010359449329484
126 0.9993818542553684 8.384711229243171e-05 0.04538436029530635 -8.384711229243171e-05 0.9993818542553684 0.09168823023145611
127 0.9997778345969516 -2.6574188990608465e-05 -0.0072644863956292365 2.6574188990608465e-05 0.9997778345969516 0.00038532801306447284
128 0.9997777451479448 -2.8948474647669494e-05 0.017925592329901884 2.8948474647669494e-05 0.9997777451479448 0.060226855568123946
129 0.9997254874980149 -1.3726785806025485e-05 0.0012443025787309547 1.3726785806025485e-05 0.9997254874980149 -0.039119260582059764
130 0.9997036897787228 -2.8260580179280693e-05 0.02215825447845951 2.8260580179280693e-05 0.9997036897787228 0.07097082368297208
131 0.9996035166219811 -1.7168568136297253e-06 0.03635570900562568 1.7168568136297253e-06 0.9996035166219811 0.03801915952039403
132 0.9997275195975885 1.1280861627193905e-05 0.008547938530229789 -1.1280861627193905e-05 0.9997275195975885 0.04270098665231557
133 0.999703676488434 -5.4826461468664286e-05 0.01656776588702935 5.4826461468664286e-05 0.999703676488434 -0.00595500027909468
134 0.9998108314789154 2.920461630604462e-05 -0.01215876060928751 -2.920461630604462e-05 0.9998108314789154 0.02089603714810349
135 0.9998413662743387 3.4175225042123124e-07 -0.001870266744120129 -3.4175225042123124e-07 0.9998413662743387 0.0612115808830322
136 0.9998396542247341 -3.732034248821711e-05 -0.006831838769365837 3.732034248821711e-05 0.9998396542247341 -0.05558578909819002
137 0.9998432257948474 3.712233932499616e-05 -0.018626356004487032 -3.712233932499616e-05 0.9998432257948474 0.07410405361218567
138 0.9998678178738192 -4.4769527360006044e-05 -0.003319430355973289 4.4769527360006044e-05 0.9998678178738192 -0.012360346634895974
139 0.9998436913130045 0.00011798214096434506 -0.03779202497591031 -0.00011798214096434506 0.9998436913130045 0.061916439980641585
140 0.999900728865077 -1.2143949604333847e-05 -0.006445668306034158 1.2143949604333847e-05 0.999900728865077 0.025786986560070165
141 0.9999157991868782 -0.00010356023594342145 -0.01518832010879224 0.00010356023594342145 0.9999157991868782 -0.07860313991163942
142 0.9999021306799495 1.6536027794409273e-05 0.008321075177299055 -1.6536027794409273e-05 0.9999021306799495 0.038309415411286504
143 0.999950534969456 0.00011176158327868703 -0.05907333728109238 -0.00011176158327868703 0.999950534969456 0.07897178573539942
144 0.9999217841385389 9.90721306121556e-06 -0.01697260579831067 -9.90721306121556e-06 0.9999217841385389 -0.019540185355277906
145 0.9999047693375374 -6.239645240764062e-05 0.029406476314642275 6.239645240764062e-05 0.9999047693375374 -0.007871300465937512
146 0.9998811432272519 0.00010490670888967598 -0.0723482083234708 -0.00010490670888967598 0.9998811432272519 0.06414247375740258
147 0.9998693735913746 -4.6654916365668694e-05 0.008489393715052205 4.6654916365668694e-05 0.9998693735913746 0.016268099359464567
148 0.9999022630715246 -0.00013427392732014913 -0.007225995997062173 0.00013427392732014913 0.9999022630715246 -0.07710867842949232
149 0.9998432758623205 2.53351728134304e-05 -0.009731297277487495 -2.53351728134304e-05 0.9998432758623205 -0.057548895475073844
150 0.9997648524842023 0.00014135432951607786 -0.038943409714948356 -0.00014135432951607786 0.9997648524842023 0.21448206799327463
151 0.9997894162394553 -6.0256818849731186e-05 0.011793280611871782 6.0256818849731186e-05 0.9997894162394553 -0.031895496359562195
152 0.9996498410620372 -8.263818629166423e-05 -0.01609677488864488 8.263818629166423e-05 0.9996498410620372 -0.09236523610660402
153 0.9996442276726597 3.82742918087966e-05 -0.00230049547261809 -3.82742918087966e-05 0.9996442276726597 0.16302311058758429
154 0.99969910409922 5.5355755018974907e-05 -0.002637273418674948 -5.5355755018974907e-05 0.99969910409922 0.05996957570124518
155 0.9997427551171179 -4.01572936054969e-06 -0.049720776283893264 4.01572936054969e-06 0.9997427551171179 -0.012115745523435126
156 0.9997148351551015 -2.974126227528011e-05 -0.002214548365439698 2.974126227528011e-05 0.9997148351551015 0.028399377635265826
157 0.9997590971750876 2.051976600105837e-05 -0.008189027781856043 -2.051976600105837e-05 0.9997590971750876 0.07871725940161062
158 0.9998012199564766 6.345311326381584e-06 -0.02128642118109043 -6.345311326381584e-06 0.9998012199564766 0.011720496359869501
159 0.9998174014526374 -1.1260054203158613e-05 -0.025899012832289164 1.1260054203158613e-05 0.9998174014526374 -0.014330104657631803
160 0.9998340652727233 -1.367275618617821e-05 0.0023446349248303806 1.367275618617821e-05 0.9998340652727233 0.04716177191814026
161 0.999834745365041 4.010068987338055e-05 -0.026430570453787945 -4.010068987338055e-05 0.999834745365041 0.055772774419188334
162 0.999847933570533 -2.789548260744842e-05 -0.01590816169986626 2.789548260744842e-05 0.999847933570533 -0.0649476421767016
163 0.9998157413070147 -4.739292812474338e-06 -0.0018519487389391178 4.739292812474338e-06 0.9998157413070147 0.09141160949756252
164 0.9998384287100971 1.359113687813459e-05 -0.01545262827904928 -1.359113687813459e-05 0.9998384287100971 0.010140985712226195
165 0.9998377088483835 6.32524085210648e-07 -0.019836840981150836 -6.32524085210648e-07 0.9998377088483835 -0.021894070209552776
166 0.9998526669047266 2.6327865009949717e-06 -0.00463982407453252 -2.6327865009949717e-06 0.9998526669047266 0.08680391880040228
167 0.9998537810253978 -1.545894520582187e-05 -0.004346879001287517 1.545894520582187e-05 0.9998537810253978 -0.02629537524218526
168 0.9998438681464824 2.254540998175601e-05 -0.024412490717454327 -2.254540998175601e-05 0.9998438681464824 0.04624385321612898
169 0.9998435946618384 -8.214836953130276e-06 -0.003850785148848741 8.214836953130276e-06 0.9998435946618384 0.006015770809167836
170 0.9998526693342656 7.088955326237918e-06 -0.012588039577986494 -7.088955326237918e-06 0.9998526693342656 0.03435796204308927
171 0.9998451304389477 1.115862221884414e-06 -0.011389600043026533 -1.115862221884414e-06 0.9998451304389477 0.03812131395876172
172 0.9998257094226626 -1.338810899381239e-06 -0.0005250370059188859 1.338810899381239e-06 0.9998257094226626 -0.03306863549678742
173 0.9998450011201495 -7.0370311563526635e-06 -0.009293503312178625 7.0370311563526635e-06 0.9998450011201495 0.07554081008499619
174 0.9998766167990267 -1.5168564477109316e-06 -0.018135672800052113 1.5168564477109316e-06 0.9998766167990267 -0.0029757797851244945
175 0.9998507405901724 -8.926725879751711e-06 -0.01678068293815401 8.926725879751711e-06 0.9998507405901724 -0.016505652449778824
176 0.9998435183749451 2.195126939962334e-05 -0.022395018670947935 -2.195126939962334e-05 0.9998435183749451 0.08886221991080345
177 0.9998931185224295 -4.6917748044009424e-05 -0.004238133324487706 4.6917748044009424e-05 0.9998931185224295 -0.06243283755612803
178 0.9999839142078014 1.7932923304776416e-05 -0.11313862449137224 -1.7932923304776416e-05 0.9999839142078014 0.4301244908439574
179 1.000320458021286 1.0894726792640835e-05 -0.31026718497339756 -1.0894726792640835e-05 1.000320458021286 0.49396156869836083
180 1.0006965148924178 8.640040738181788e-06 -0.49641916056253893 -8.640040738181788e-06 1.0006965148924178 0.11883406644502495
181 1.0010491487400743 0.0003333532721804897 -0.7739975212295933 -0.0003333532721804897 1.0010491487400743 -0.0509559395053538
182 1.001331752206629 0.0004361280639848179 -1.0105105519059465 -0.0004361280639848179 1.001331752206629 0.08152146389441794
183 1.001565109537684 0.0002479201394679029 -1.0469028618647214 -0.0002479201394679029 1.001565109537684 0.004842157468446864
184 1.0017573840035385 0.00027491676943013787 -1.2438064878898971 -0.00027491676943013787 1.0017573840035385 0.023810815021999998
185 1.0019417417595293 0.00014134082003356194 -1.4767220270198669 -0.00014134082003356194 1.0019417417595293 0.23841070614407
186 1.0022740479794683 -0.00040510307320557813 -1.4525772594376725 0.00040510307320557813 1.0022740479794683 0.17306269549121484
187 1.0026509844527134 -0.0005597611459912184 -1.7029565968683782 0.0005597611459912184 1.0026509844527134 0.4788494335635066
188 1.0034179917435342 -0.0008117111295971049 -2.547766723966876 0.0008117111295971049 1.0034179917435342 0.5850755939054568
189 1.0041972765012392 -0.00038345992100423604 -3.4382141277441822 0.00038345992100423604 1.0041972765012392 0.44820267523913704
190 1.0049741081581327 -0.00015389331240633336 -4.315983805348012 0.00015389331240633336 1.0049741081581327 -0.1492101907381529
191 1.006171245160654 -0.00021009564995156066 -5.496681819395249 0.00021009564995156066 1.006171245160654 -0.9863004521819171
192 1.006867700728112 -0.0004686259321804268 -6.369077448283624 0.0004686259321804268 1.006867700728112 -1.4749768811968955
193 1.0089586293544728 -0.0002565319565052057 -7.898005567487516 0.0002565319565052057 1.0089586293544728 -1.0708530908501435
194 1.0110520461640928 8.377817590692613e-05 -9.793812577449717 -8.377817590692613e-05 1.0110520461640928 -0.8366844160808143
195 1.008133819835738 0.00036657482379854017 -7.6259079692338405 -0.00036657482379854017 1.008133819835738 -0.21343960239606063
196 1.008816316809703 0.0003888752784853829 -8.130714818811395 -0.0003888752784853829 1.008816316809703 -0.2008806659797952
197 1.0102495374118126 -0.00057072253657115 -9.572947091056609 0.00057072253657115 1.0102495374118126 -0.6819646150705223
198 1.010332085311879 -0.0008686313560385464 -9.051381074068278 0.0008686313560385464 1.010332085311879 -0.7521489088570568
199 1.0102242999016073 -0.0004902828876026724 -9.153225049727485 0.0004902828876026724 1.0102242999016073 -1.2829086885486292
200 1.0118498635222974 0.00020640919166565243 -10.30391765142232 -0.00020640919166565243 1.0118498635222974 -1.5176948414738831
201 1.0101591646589214 0.0009437751912780952 -9.219446634438066 -0.0009437751912780952 1.0101591646589214 -1.1222053798607656
202 1.0114611032281766 0.0009508058316539996 -9.764917390426758 -0.0009508058316539996 1.0114611032281766 -2.2200469884066925
203 1.0118410147640995 -0.00042236179733389694 -9.429696348895046 0.00042236179733389694 1.0118410147640995 -3.087684463199503
204 1.01390757071443 0.0007684834196368165 -10.67822800285546 -0.0007684834196368165 1.01390757071443 -2.4154915438086215
205 1.0131060082173748 0.0024272330542629795 -9.338000442742077 -0.0024272330542629795 1.0131060082173748 -2.0738831881138253
206 1.0157666326295822 0.00175076287837521 -10.161769636828994 -0.00175076287837521 1.0157666326295822 -2.3187228770841535
207 1.016390632942935 0.001089548571437197 -9.558959333768998 -0.001089548571437197 1.016390632942935 -2.545510256796531
208 1.0154683418093071 0.00011799204350829028 -7.28368333485121 -0.00011799204350829028 1.0154683418093071 -3.028775028256533
209 1.0163570198813896 0.0008157819649418796 -7.061469799441444 -0.0008157819649418796 1.0163570198813896 -2.5821135213130266
210 1.0119835202531475 0.0011299229831962456 -4.3796517840082645 -0.0011299229831962456 1.0119835202531475 -1.1310722965068818
211 1.0175426463077268 0.0014439398321771566 -5.503314294301987 -0.0014439398321771566 1.0175426463077268 -2.009690427870203
212 1.0177326121027612 0.0020785282307665747 -4.204969248927236 -0.0020785282307665747 1.0177326121027612 -1.9892201639333846
213 1.0114930680777063 0.0016736840274817286 1.0447051508101346 -0.0016736840274817286 1.0114930680777063 -0.48490929687194817
214 1.0190537701187388 0.0032108971875468126 0.27782640503367895 -0.0032108971875468126 1.0190537701187388 -0.5670896619938639
215 1.0164594267347928 0.003467813595667999 2.8187482569680773 -0.003467813595667999 1.0164594267347928 -0.9598058736573717
216 1.0189634027039893 0.0018629795645858935 4.841950839778481 -0.0018629795645858935 1.0189634027039893 -3.284719183095094
217 1.0379220241306757 0.002776277134809953 -8.536490019049639 -0.002776277134809953 1.0379220241306757 -4.933315299078217
218 1.0138365263375646 0.0011256226505827018 10.963935046376601 -0.0011256226505827018 1.0138365263375646 -2.5684246400315147
219 1.0055592622021532 0.0031700434294955676 16.49130160708691 -0.0031700434294955676 1.0055592622021532 -0.513971775928563
220 1.0119602500079088 0.00027378779190159443 16.054883600078956 -0.00027378779190159443 1.0119602500079088 -3.9251431774318006
221 1.01413956021748 0.0012866571624356303 15.786944981480385 -0.0012866571624356303 1.01413956021748 -2.838729794317351
222 1.006305068979817 4.748928565852685e-05 22.95225112559401 -4.748928565852685e-05 1.006305068979817 -2.29464025106214
223 1.0137106594095333 -0.0010720618071646056 19.397500960602862 0.0010720618071646056 1.0137106594095333 -4.710187458214027
224 1.0197551809880814 -0.0023785408275805516 17.48179760465735 0.0023785408275805516 1.0197551809880814 -5.651313095568743
225 1.0157419782313133 -0.0009028194067731717 19.546466118258248 0.0009028194067731717 1.0157419782313133 -3.405319409308813
226 0.997778020193279 0.0011002205962876248 29.556326317238668 -0.0011002205962876248 0.997778020193279 1.6357127447679345
227 1.0182025155752248 -0.0006792770052466284 19.06746568379286 0.0006792770052466284 1.0182025155752248 -3.4576399547660093
228 1.0031687621093799 -0.002129773002071896 29.224273384842142 0.002129773002071896 1.0031687621093799 -1.1783657531929461
229 1.0062512974213698 0.002770530072661461 26.87795293805388 -0.002770530072661461 1.0062512974213698 -0.5611621060602043
230 1.0177342585683653 0.004029988285001316 20.830063122361118 -0.004029988285001316 1.0177342585683653 -2.409151410190384
231 1.0192701217315105 0.0012905109417393776 21.06439167012035 -0.0012905109417393776 1.0192701217315105 -4.565720041962846
232 1.0219057865326033 0.0026386061461924834 18.855218070257987 -0.0026386061461924834 1.0219057865326033 -4.149049898454631
233 1.0266560011189296 0.0024273903632222866 16.518256599300567 -0.0024273903632222866 1.0266560011189296 -3.626671168163542
234 1.0306088347152846 0.001207818718681196 14.97669107792001 -0.001207818718681196 1.0306088347152846 -5.472123745355024
235 1.040195148842612 -0.002095363358888729 9.172109070196537 0.002095363358888729 1.040195148842612 -8.952733657602597
236 1.0400919454817679 0.0004076113181752164 9.309383580442056 -0.0004076113181752164 1.0400919454817679 -8.118908344940555
237 1.0414446804977022 -0.0009456264776297716 8.81204085949891 0.0009456264776297716 1.0414446804977022 -8.946424596730672
238 1.051024894722122 -0.0010952108992638245 3.992865967617529 0.0010952108992638245 1.051024894722122 -10.785895656325666
239 1.056485102375222 -0.0016041988017573062 2.199969292499113 0.0016041988017573062 1.056485102375222 -12.528983034642655
240 1.0520237774908143 -0.0001811467397315721 0.43086244711707233 0.0001811467397315721 1.0520237774908143 -9.189444712472827
241 1.0772438117008207 0.004733074853627372 -10.50348723564924 -0.004733074853627372 1.0772438117008207 -10.2130303224075
242 1.0234411264004493 0.000250729745448818 18.750549183472554 -0.000250729745448818 1.0234411264004493 -1.967894165291733
243 1.0338940659120088 -0.0016874558304848996 13.222519094439502 0.0016874558304848996 1.0338940659120088 -4.221935051596322
244 1.0404111319114204 0.004167871733556906 8.234633542585918 -0.004167871733556906 1.0404111319114204 -2.6209822404153487
245 1.03090220110406 -0.0010605719989814101 11.131120115390551 0.0010605719989814101 1.03090220110406 -5.656412871874252
246 1.0370359641765832 0.0029321053577613175 3.648261538483394 -0.0029321053577613175 1.0370359641765832 -5.495359208069417
247 1.0419672273892764 0.0008490694582312507 -0.38354537339504 -0.0008490694582312507 1.0419672273892764 -5.150457538172266
248 1.0367268003068637 0.0006376194107832325 3.387349358694734 -0.0006376194107832325 1.0367268003068637 -4.006755131881414
249 1.0073525454898824 0.0042536038488947625 22.116017397179412 -0.0042536038488947625 1.0073525454898824 2.8448262841571674
250 1.0256513138093266 -0.0017735626375563697 8.681208190964233 0.0017735626375563697 1.0256513138093266 -5.027632768949321
251 1.0635287353616403 -0.002449987112618813 -18.703206617480085 0.002449987112618813 1.0635287353616403 -12.4053213404789
252 1.0359346627541568 -0.0018690559929607415 -5.314275357600344 0.0018690559929607415 1.0359346627541568 -6.265634809080849
253 1.0337063827913764 -0.0022038971511979958 -6.549170141140392 0.0022038971511979958 1.0337063827913764 -7.112833897922307
254 1.0224415042128348 -0.0012634579548411508 -1.1189152028295677 0.0012634579548411508 1.0224415042128348 -4.9813021563585576
255 1.0341872766052314 -0.0022960437689780655 -12.732629707847021 0.0022960437689780655 1.0341872766052314 -6.9632678970278565
256 1.0325818497321917 -0.00048472172509014984 -14.61476617937249 0.00048472172509014984 1.0325818497321917 -4.661940716106073
257 1.0219110173555468 -0.0005245771882340116 -9.679735854255687 0.0005245771882340116 1.0219110173555468 -3.0217451306664214
258 1.0231343639108723 -0.0029147039942142117 -11.420916288241408 0.0029147039942142117 1.0231343639108723 -3.7043238464789505
259 1.0223565878102339 -0.0022468169967225296 -12.839270661810888 0.0022468169967225296 1.0223565878102339 -5.007668418299401
260 1.0310406939615726 -0.00017787649096301025 -18.283716475937137 0.00017787649096301025 1.0310406939615726 -6.535420279371767
261 1.0258820214837139 0.0015266429805119326 -17.100595682954943 -0.0015266429805119326 1.0258820214837139 -5.990898117296256
262 1.026697871157 0.0021142847750222674 -17.465422279946107 -0.0021142847750222674 1.026697871157 -3.519459800588031
263 1.0283895773468208 0.003270593968460865 -18.961994708674847 -0.003270593968460865 1.0283895773468208 -2.340180049434555
264 1.0276024461269309 0.0012298620129160794 -18.092900612137974 -0.0012298620129160794 1.0276024461269309 -4.255243407697024
265 1.0287022764118214 0.0008897279526426682 -18.519635430612656 -0.0008897279526426682 1.0287022764118214 -5.421408815334696
266 1.027742904249325 8.925034902486527e-05 -17.37470663670455 -8.925034902486527e-05 1.027742904249325 -7.201416461275773
267 1.0312037263716958 -0.0008126780368021 -18.989150769756865 0.0008126780368021 1.0312037263716958 -11.712256528606433
268 1.0426887393526116 0.004773455871688407 -28.760660730543243 -0.004773455871688407 1.0426887393526116 -9.754539082207842
269 1.024478471897183 -0.0001779478016860522 -14.31304134524296 0.0001779478016860522 1.024478471897183 -1.5406205113721156
