0 1.0 0.0 0.0 0.0 1.0 0.0
1 1.002839734449748 -0.00015794758994872482 -1.7766999477562135 0.00015794758994872482 1.002839734449748 -0.456559471490239
2 1.0030796682765881 -0.00026438952517183963 -1.9593674354771442 0.00026438952517183963 1.0030796682765881 -0.6788141276240454
3 1.003229442568642 -0.00033717477408472723 -2.085184592124238 0.00033717477408472723 1.003229442568642 -0.6299474455679803
4 1.0035378179365062 -0.0002568291666675927 -2.251482192841162 0.0002568291666675927 1.0035378179365062 -0.5798007301552057
5 1.0038826327742325 -0.00029813482089163486 -2.4961994245265062 0.00029813482089163486 1.0038826327742325 -0.8199136074020401
6 1.0040486857313344 -0.0002882820284874558 -2.626738676216439 0.0002882820284874558 1.0040486857313344 -0.9552504573145474
7 1.004341248677779 -0.00036291235367447546 -2.77484652934055 0.00036291235367447546 1.004341248677779 -0.9780235704538779
8 1.004534824985007 -0.0002180620012499525 -2.967463347552592 0.0002180620012499525 1.004534824985007 -0.851867503028509
9 1.0046550671514252 -0.00010404543941172983 -2.94454721785007 0.00010404543941172983 1.0046550671514252 -0.8635033127027135
10 1.0047832310876466 2.7865647185392806e-05 -2.869856494072125 -2.7865647185392806e-05 1.0047832310876466 -0.7189818084098574
11 1.0050221954301526 -0.00019484172003329307 -2.592859322472179 0.00019484172003329307 1.0050221954301526 -0.564263991335249
12 1.0050517401753536 -0.0003158043659033717 -1.9346900479704445 0.0003158043659033717 1.0050517401753536 -0.2865870700614131
13 1.005116642558515 -1.8566214995453855e-05 -1.0878977063836943 1.8566214995453855e-05 1.005116642558515 -0.14173069647023137
14 1.0053892087121024 8.612696539381576e-05 0.0722988188876435 -8.612696539381576e-05 1.0053892087121024 -0.48679889401821785
15 1.0048832820366693 0.00023969349878886787 1.8293659674238856 -0.00023969349878886787 1.0048832820366693 -0.5167910009092708
16 1.0042170106853638 0.0003910699851466406 3.888407661312293 -0.0003910699851466406 1.0042170106853638 -0.5250964012774532
17 1.0038897909071574 0.0009814999411834778 6.200414783162068 -0.0009814999411834778 1.0038897909071574 -0.30315233632465877
18 1.0028899018194284 0.0011229331449747286 9.465760645960138 -0.0011229331449747286 1.0028899018194284 -0.10139313804935293
19 1.0017384016698798 0.0010641820985104063 12.734710227493101 -0.0010641820985104063 1.0017384016698798 -0.21389441191990066
20 0.9993659407016485 0.0005900265566542164 16.39894440497427 -0.0005900265566542164 0.9993659407016485 -0.23648194894764296
21 0.998278600919213 0.00041229287671298853 19.808659251398456 -0.00041229287671298853 0.998278600919213 -0.17597311206124241
22 0.9974341529139832 0.0010855604431156808 22.549767754999394 -0.0010855604431156808 0.9974341529139832 0.5151297232190395
23 0.998742809229831 0.0015977826974283575 24.14486458036548 -0.0015977826974283575 0.998742809229831 0.7377461279254586
24 1.0007876750626736 0.0021853830029422497 24.945533047791308 -0.0021853830029422497 1.0007876750626736 0.7613315476338754
25 1.0013172539649149 0.00190051926081762 27.301472679544077 -0.00190051926081762 1.0013172539649149 0.30540969804272866
26 0.9982391770610666 0.0017408835521433345 30.04711105793319 -0.0017408835521433345 0.9982391770610666 0.5083782198278295
27 0.9985436419222736 9.865654854805238e-05 32.32273013456758 -9.865654854805238e-05 0.9985436419222736 -1.1573309895852226
28 1.0038156592006193 -0.00046021736936078996 32.056682632817 0.00046021736936078996 1.0038156592006193 -2.9135192398569476
29 1.0076537980582063 -0.0005682273828924944 31.021558034852717 0.0005682273828924944 1.0076537980582063 -3.8018495333318447
30 1.0138129959106135 0.00031127847676964754 29.654660322001796 -0.00031127847676964754 1.0138129959106135 -3.9634873204264682
31 1.0153810621018735 0.0012246400445956197 29.643103119407034 -0.0012246400445956197 1.0153810621018735 -3.4176335761681025
32 1.0221046002148833 0.0022836213127510386 26.76495332677841 -0.0022836213127510386 1.0221046002148833 -4.908131955902362
33 1.0300244486059231 0.0022264903881216236 22.836390213113045 -0.0022264903881216236 1.0300244486059231 -8.007701252797538
34 1.0232280729992156 -0.0016631412268027527 27.969871637167937 0.0016631412268027527 1.0232280729992156 -8.397086714252016
35 1.0366669744974506 -0.0020886796398040678 21.713377461997368 0.0020886796398040678 1.0366669744974506 -10.277967635600632
36 1.0377798828580127 -0.002816368862088367 21.8281833133904 0.002816368862088367 1.0377798828580127 -11.494348323863186
37 1.0451069062292944 0.00021187414038146505 16.95199052570439 -0.00021187414038146505 1.0451069062292944 -10.978589790199788
38 1.0588433070112055 0.0014116468456508474 9.380565654745851 -0.0014116468456508474 1.0588433070112055 -12.661404316352955
39 1.0620878514617227 0.0016382657902983197 7.002506680821042 -0.0016382657902983197 1.0620878514617227 -12.035516810271012
40 1.0956585289933647 -0.004177461359228712 -15.398019485907747 0.004177461359228712 1.0956585289933647 -22.75935704688502
41 1.0661471108765768 -0.00010282578308611298 4.841356650771883 0.00010282578308611298 1.0661471108765768 -11.659194644852539
42 1.0690099944767808 -0.0034870953620661713 4.095112919159453 0.0034870953620661713 1.0690099944767808 -14.3044208217584
43 1.0945822548665403 -0.001231767789693099 -18.600354307275065 0.001231767789693099 1.0945822548665403 -17.114243382957714
44 1.1382015555913838 -0.001309678012422778 -57.3587694114517 0.001309678012422778 1.1382015555913838 -28.337128308359553
45 1.1272796529705946 0.002041196160178172 -49.56879870858039 -0.002041196160178172 1.1272796529705946 -23.305850269797446
46 0.9911511114954304 -0.00196480127306448 41.07608923251775 0.00196480127306448 0.9911511114954304 0.6781304012869808
47 0.9960096328655346 0.0016913575810660328 37.13468605347683 -0.0016913575810660328 0.9960096328655346 0.019426222585520368
48 1.0115510371914243 0.0007199851327711955 28.36693149994039 -0.0007199851327711955 1.0115510371914243 -4.294459786968695
49 1.0168385179881099 -0.0002761523038356923 22.68751873846353 0.0002761523038356923 1.0168385179881099 -4.642448959093847
50 0.9854638042574408 1.2083290274859677e-05 34.46558247017897 -1.2083290274859677e-05 0.9854638042574408 0.5362270965043581
51 0.9953079135485904 0.00027927639429733964 27.358219578748084 -0.00027927639429733964 0.9953079135485904 0.6482666751982806
52 0.9993991125866818 0.0007593990190366455 22.094744315913996 -0.0007593990190366455 0.9993991125866818 0.3309752777045848
53 1.0029371845209487 0.0025400823828681625 16.512680039150517 -0.0025400823828681625 1.0029371845209487 1.1004846745138577
54 0.9996848778042907 0.00449257895020976 15.281239297704147 -0.00449257895020976 0.9996848778042907 1.6801525011921183
55 1.008903675266757 0.0020204523728841574 9.398507071472377 -0.0020204523728841574 1.008903675266757 -0.6697123433292587
56 1.010013743853472 0.00017119818876915594 7.608655391927649 -0.00017119818876915594 1.010013743853472 -1.1651728421186327
57 1.0110790535636247 -0.0010371657588015655 4.974089887737488 0.0010371657588015655 1.0110790535636247 -2.444987927522072
58 1.0144969305049938 -0.0001618363044251091 0.2876062207077612 0.0001618363044251091 1.0144969305049938 -2.659916655970524
59 1.0169139349337881 0.00039627903428732 -3.885183222792401 -0.00039627903428732 1.0169139349337881 -3.1734674550428363
60 1.014225594872256 0.0012290657013329833 -5.274825324450126 -0.0012290657013329833 1.014225594872256 -3.060242708990114
61 1.016101827419107 0.0013404482351355009 -7.612255747166422 -0.0013404482351355009 1.016101827419107 -3.959836953744335
62 1.0164817662319494 -0.001088588926657531 -7.936725242496306 0.001088588926657531 1.0164817662319494 -4.458025987412624
63 1.017062669610992 -0.0005440638498152989 -8.672982636304303 0.0005440638498152989 1.017062669610992 -2.6347338790501262
64 1.030707772161205 0.0018289688399742794 -15.820539504131276 -0.0018289688399742794 1.030707772161205 -2.608011430228067
65 1.0200618023420531 -1.9298116153428026e-05 -10.431064805492092 1.9298116153428026e-05 1.0200618023420531 -2.0804738318440363
66 1.021500122629685 -0.0012943953804137147 -12.279118283700463 0.0012943953804137147 1.021500122629685 -3.7148429560950285
67 1.0188192079219474 -0.0014702664597160133 -11.167003323930016 0.0014702664597160133 1.0188192079219474 -5.370465597050343
68 1.0219848245807581 -0.001364125789359431 -13.308922881082525 0.001364125789359431 1.0219848245807581 -6.205927864816599
69 1.0401771579400405 -0.002057544711948785 -24.138139831211273 0.002057544711948785 1.0401771579400405 -7.509516820280098
70 1.01901157220482 -0.001425134950839721 -11.404363428816662 0.001425134950839721 1.01901157220482 -2.532904475561419
71 1.022616818554559 -0.0004333338477154687 -13.964577912374974 0.0004333338477154687 1.022616818554559 -1.169697933568549
72 1.0291131327348688 0.0003825298126433376 -19.01063590160625 -0.0003825298126433376 1.0291131327348688 -1.8687177098278056
73 1.0306402668005805 -0.00294534549621763 -19.465956601650948 0.00294534549621763 1.0306402668005805 -6.876867091158958
74 1.0331011788185758 -0.0012154257702210172 -20.984327341568925 0.0012154257702210172 1.0331011788185758 -8.771166530074007
75 1.0326883811596075 0.0009093303906177119 -20.299107601426687 -0.0009093303906177119 1.0326883811596075 -7.137487483674092
76 1.033055262918464 0.0019155065270774839 -20.239534192304028 -0.0019155065270774839 1.033055262918464 -4.987017301406848
77 1.034453892140193 0.004990916248127676 -21.556401368017386 -0.004990916248127676 1.034453892140193 -1.9391826075909404
78 1.0375619045901412 0.0016216088443189028 -23.465692383339636 -0.0016216088443189028 1.0375619045901412 -3.016340402420826
79 1.0307009811585053 0.00202917255885962 -18.19547233760489 -0.00202917255885962 1.0307009811585053 -0.9976992772496067
80 1.0345460654147944 -0.0002890540273449388 -20.316674649869228 0.0002890540273449388 1.0345460654147944 -2.3886786505839486
81 1.0359397637228311 0.001196349250890149 -21.900368359647516 -0.001196349250890149 1.0359397637228311 -2.463735964077614
82 1.0296383819860806 0.0016305116071729784 -18.212116939810794 -0.0016305116071729784 1.0296383819860806 -2.880801156684521
83 1.0329280263842358 -0.0007436062857994594 -19.61182430738404 0.0007436062857994594 1.0329280263842358 -6.381343313979867
84 1.033007419860731 -0.0002921295924858376 -19.75550636129921 0.0002921295924858376 1.033007419860731 -6.766693870492596
85 1.0284041206252565 0.001206159739493283 -17.1494112884075 -0.001206159739493283 1.0284041206252565 -4.987161565953512
86 1.0323960949949116 -0.0003268518835179354 -19.999414870207254 0.0003268518835179354 1.0323960949949116 -6.406778869411223
87 1.0323852801078297 0.0014897311429663538 -20.392878198680847 -0.0014897311429663538 1.0323852801078297 -4.354727305099186
88 1.033978025044346 -0.0012335082177016964 -20.135573976944055 0.0012335082177016964 1.033978025044346 -5.533398028671302
89 1.0309957396653495 0.0018272969094598706 -18.495428591000966 -0.0018272969094598706 1.0309957396653495 -3.214375898359716
90 1.0212794506949594 0.004182208838887451 -11.822299680316622 -0.004182208838887451 1.0212794506949594 -0.28466268874392675
91 1.0251449675965956 0.004210469089598301 -14.353079455851253 -0.004210469089598301 1.0251449675965956 -1.1572079666601465
92 1.0239302871120175 0.005994878255834831 -13.399620204351047 -0.005994878255834831 1.0239302871120175 0.27802442037776953
93 1.0242990613623282 0.007757314214344064 -13.617483542198896 -0.007757314214344064 1.0242990613623282 3.4351921280869617
94 1.0222889536923492 0.007077495864699648 -12.5134063375848 -0.007077495864699648 1.0222889536923492 1.7292044924365566
95 1.0263842052384855 0.005085678864569701 -13.975670920313263 -0.005085678864569701 1.0263842052384855 -2.2476966654606585
96 1.0312905416944613 0.006832702851781433 -17.130530499002763 -0.006832702851781433 1.0312905416944613 -4.2609324584305925
97 1.0283318433454391 0.005617858154066245 -14.86392440585497 -0.005617858154066245 1.0283318433454391 -3.411601622753599
98 1.0284962954039976 0.004362095678989966 -14.315006010741332 -0.004362095678989966 1.0284962954039976 -2.167130995669054
99 1.0225265036630116 0.0027630882291331538 -10.665713317064796 -0.0027630882291331538 1.0225265036630116 -1.452283680210629
100 1.026083539080336 0.0011010561933190296 -12.068180433192289 -0.0011010561933190296 1.026083539080336 -3.055138017805806
101 1.0212680906276126 0.002159564615330263 -10.200593283380593 -0.002159564615330263 1.0212680906276126 -3.042311671313605
102 1.0274276023892237 0.0038863674481694156 -13.200122585608437 -0.0038863674481694156 1.0274276023892237 -3.5824763580488224
103 1.0297967094404628 0.002211703016830726 -13.346984769126454 -0.002211703016830726 1.0297967094404628 -4.8250985257849255
104 1.0294306112918938 0.004131198425865611 -12.852057508977513 -0.004131198425865611 1.0294306112918938 -2.7974043400077537
105 1.0215777892066262 0.002149695793407431 -10.09412577607041 -0.002149695793407431 1.0215777892066262 -1.7811271260845434
106 1.0266835226580553 0.004634605212818931 -13.62200565074896 -0.004634605212818931 1.0266835226580553 -1.4025909169943824
107 1.020120625817374 0.003956790129801316 -9.848648618275012 -0.003956790129801316 1.020120625817374 -1.24868441044425
108 1.026653394084459 0.002415760806173041 -12.990321094139004 -0.002415760806173041 1.026653394084459 -3.1359008710178475
109 1.0146214651990244 -3.58648075366912e-05 -7.464874658485428 3.58648075366912e-05 1.0146214651990244 -2.7289974771435253
110 1.0318983798254933 0.0026091124322734486 -15.931345510513799 -0.0026091124322734486 1.0318983798254933 -3.277968477707829
111 1.0163968368146312 -0.0020394392465287506 -8.295302319173619 0.0020394392465287506 1.0163968368146312 -4.353891082219782
112 1.0173367530536992 -0.003255209107724223 -8.607500784884976 0.003255209107724223 1.0173367530536992 -6.005434940557827
113 1.0179029714885481 -0.003438877340748089 -9.686151501863744 0.003438877340748089 1.0179029714885481 -6.674810000498986
114 1.0193549407269886 -0.0020702977741711734 -11.05407436207701 0.0020702977741711734 1.0193549407269886 -5.921759749961205
115 1.0202043957605036 0.0015858991934336352 -12.4719013599058 -0.0015858991934336352 1.0202043957605036 -3.2582638854046553
116 1.0386730770105221 0.004952686087714201 -22.258489937073897 -0.004952686087714201 1.0386730770105221 -2.4862910270648673
117 1.0252139061760555 0.004061684072813076 -14.36958291939049 -0.004061684072813076 1.0252139061760555 -0.7417221740128661
118 1.0157243369907203 0.0003346043736442484 -10.189756528017783 -0.0003346043736442484 1.0157243369907203 -0.26867845154893405
119 1.0166516394507894 0.0011030466539279525 -10.587065976733001 -0.0011030466539279525 1.0166516394507894 -0.1077704654035558
120 1.0888445652529708 0.0028805811335741484 -57.37435608443488 -0.0028805811335741484 1.0888445652529708 -11.768888325565507
121 1.0190388116103328 -0.0036082353427871134 -11.14890239352637 0.0036082353427871134 1.0190388116103328 -5.069417131336853
122 1.0194002771040922 -0.0011491211208384893 -11.634933726021117 0.0011491211208384893 1.0194002771040922 -3.4548878631085
123 1.0189193045976386 0.0003962548267060678 -11.27234074327758 -0.0003962548267060678 1.0189193045976386 -2.065116833799004
124 1.0201836840174625 -0.00010721114131537895 -11.960036458342874 0.00010721114131537895 1.0201836840174625 -2.38898139437136
125 1.0246468864319136 0.0012784266685604891 -15.278984193749167 -0.0012784266685604891 1.0246468864319136 -2.682923788375333
126 1.0252848653559616 0.002074163335993585 -15.951599395035382 -0.002074163335993585 1.0252848653559616 -1.8252449085364058
127 1.0298456585800546 0.003039462314903307 -18.84329086697927 -0.003039462314903307 1.0298456585800546 -1.958449126101522
128 1.0181158334433569 0.0017350624492972005 -11.421514320666962 -0.0017350624492972005 1.0181158334433569 -1.0310916354224142
129 1.0260029057450812 0.0018632935272212413 -15.794183019282896 -0.0018632935272212413 1.0260029057450812 -2.261874947602708
130 1.0381498610931323 0.003545234532737901 -23.765917910716574 -0.003545234532737901 1.0381498610931323 -2.905222650098753
131 1.0428680385022409 0.001961597250950877 -25.591615344447035 -0.001961597250950877 1.0428680385022409 -6.10207533455606
132 1.0461060877320578 0.0012756520902275261 -28.143418670711384 -0.0012756520902275261 1.0461060877320578 -7.85924062783619
133 1.044579547905288 0.0011992243549818252 -26.3070033245494 -0.0011992243549818252 1.044579547905288 -7.219132225727159
134 1.0523098833873212 0.0032865397629594285 -30.705456140868392 -0.0032865397629594285 1.0523098833873212 -6.1446022513502365
135 1.0560141487695947 0.0056185259730154105 -31.401091553690293 -0.0056185259730154105 1.0560141487695947 -4.588998913536277
136 1.0601542230649361 0.006966112530253361 -33.50162758150061 -0.006966112530253361 1.0601542230649361 -4.599843397004622
137 1.066809837789286 0.0025320204578020192 -36.944012574642315 -0.0025320204578020192 1.066809837789286 -9.691560106085339
138 1.027993258294906 -0.0021719548205695674 -17.741041735866375 0.0021719548205695674 1.027993258294906 -4.468916281801708
139 1.030469753369547 -0.001795011182223238 -18.67642052768728 0.001795011182223238 1.030469753369547 -5.488349199822338
140 1.029315502390748 -0.003351690134245607 -18.25842588298996 0.003351690134245607 1.029315502390748 -6.2444751156578615
141 1.0318637843984264 -0.004020779384096628 -19.63368284401796 0.004020779384096628 1.0318637843984264 -8.312446503343379
142 1.0297525588900196 -0.0035397884418759402 -18.161517329711884 0.0035397884418759402 1.0297525588900196 -7.181712016399717
143 1.0295421505741846 -0.003218606573061335 -17.83660754478932 0.003218606573061335 1.0295421505741846 -7.06139831358829
144 1.029519420608991 -0.00118237615508126 -18.219933027022744 0.00118237615508126 1.029519420608991 -4.417856424260196
145 1.0374019712129212 -0.0030823586638346035 -22.47161442820959 0.0030823586638346035 1.0374019712129212 -7.5854690767611945
146 1.0333958410531798 -0.0011887649419811896 -20.70731091060842 0.0011887649419811896 1.0333958410531798 -5.84335337998635
147 1.0405236735054133 -0.001952523465497867 -24.368462200243556 0.001952523465497867 1.0405236735054133 -8.466524176797678
148 1.0319453834303995 -0.004997736835377048 -19.990813888930678 0.004997736835377048 1.0319453834303995 -7.867161479624644
149 1.0292680368191245 0.0006006169415812638 -18.210855923806275 -0.0006006169415812638 1.0292680368191245 -4.088771324585769
150 1.0468476125681103 -0.0043454309948500235 -30.457347704069285 0.0043454309948500235 1.0468476125681103 -9.236316092154647
151 1.0528649490486377 -0.0029473368276566954 -33.594278487106905 0.0029473368276566954 1.0528649490486377 -9.822599516065809
152 1.0441872544806643 0.0005634403189441607 -27.19936451508233 -0.0005634403189441607 1.0441872544806643 -4.821593373246532
153 1.0375692701527748 -0.0017505955703649167 -23.91728400395348 0.0017505955703649167 1.0375692701527748 -3.989052926437596
154 1.0184114427550055 4.490392756631174e-05 -11.056444335290077 -4.490392756631174e-05 1.0184114427550055 -1.5069865383500294
155 1.020257392480163 0.002532782627334659 -12.012462914244471 -0.002532782627334659 1.020257392480163 -2.101316603058235
156 1.01945252179 0.0014737258205823884 -10.426628737044979 -0.0014737258205823884 1.01945252179 -4.3044382728675314
157 1.0223865143208766 0.001083667352328621 -11.632319451261036 -0.001083667352328621 1.0223865143208766 -4.122142549034019
158 1.0223603699972703 0.0009443791125494472 -11.405752818421549 -0.0009443791125494472 1.0223603699972703 -2.7785278500436585
159 1.022050333779827 0.0023408649252284405 -11.25958083058284 -0.0023408649252284405 1.022050333779827 -0.5082499219469886
160 1.025925388867415 0.0014575576897856931 -13.608576137634255 -0.0014575576897856931 1.025925388867415 -0.8871435012986275
161 1.0194703350189338 0.0023080280834575258 -10.321994514427978 -0.0023080280834575258 1.0194703350189338 0.17817928843737696
162 1.0275857266526172 0.0063199390636881755 -14.010805901148128 -0.0063199390636881755 1.0275857266526172 -0.03344467218127165
163 1.0233983555687292 0.00536657593104801 -11.853269552289238 -0.00536657593104801 1.0233983555687292 -2.020269571341732
164 1.0308628282307648 0.0024598309419796498 -14.268355596878065 -0.0024598309419796498 1.0308628282307648 -6.242940053100768
165 1.0383143899619693 0.004439288331616045 -19.94817350381321 -0.004439288331616045 1.0383143899619693 -4.600827644891066
166 1.0336127693899197 0.0015856943802078423 -16.196761647878933 -0.0015856943802078423 1.0336127693899197 -3.836865401583353
167 1.03783710767711 0.00035341971803081514 -16.14483509397618 -0.00035341971803081514 1.03783710767711 -2.678610048343185
168 1.0409060284072884 0.0016942388740182326 -18.64838941692014 -0.0016942388740182326 1.0409060284072884 -3.0384079101682158
169 1.0252037220264312 0.00334294855316229 -10.572432771820965 -0.00334294855316229 1.0252037220264312 -1.657755274131878
170 1.0261075910261508 0.004230495818139541 -11.767921185499919 -0.004230495818139541 1.0261075910261508 -2.746502442638072
171 1.0702638674356013 0.0023968559182072566 -39.548509412758065 -0.0023968559182072566 1.0702638674356013 -11.112727831609984
172 1.0198279700412223 0.003838415632725578 -9.521030094815131 -0.003838415632725578 1.0198279700412223 0.3082737938433988
173 1.017263651727494 0.0024067584972767343 -8.514684408476702 -0.0024067584972767343 1.017263651727494 0.33027062050031375
174 1.079786689149379 -0.0007694125322873951 -43.59929566175737 0.0007694125322873951 1.079786689149379 -13.76461561934792
175 1.0175602779775996 0.00013054757827441843 -9.288174157499652 -0.00013054757827441843 1.0175602779775996 -2.5122642917161078
176 1.017412933762138 -0.00017854102649931527 -9.251579681674983 0.00017854102649931527 1.017412933762138 -2.161097153075618
177 1.0267810283961485 0.0015025374967192768 -13.742211035611898 -0.0015025374967192768 1.0267810283961485 -2.7693455796763167
178 1.020957557993233 -0.0012097009917432684 -11.915435364960405 0.0012097009917432684 1.020957557993233 -3.8752228249604337
179 1.018515366488798 -0.002049743917433984 -10.982800639593643 0.002049743917433984 1.018515366488798 -4.498890202471488
180 1.0188610755567211 -0.0019622494139653933 -11.373606891216406 0.0019622494139653933 1.0188610755567211 -2.618898601923476
181 1.0193192534187023 -0.00096952723440724 -12.111522693702936 0.00096952723440724 1.0193192534187023 -1.678795387717606
182 1.0186547248120772 -0.0002926253781732705 -11.891432301449582 0.0002926253781732705 1.0186547248120772 -1.9192186298194915
183 1.0208490670154442 -0.000602305734347198 -13.381850210863762 0.000602305734347198 1.0208490670154442 -4.922213033534831
184 1.0217766382572644 0.000989954237971001 -13.738925422281703 -0.000989954237971001 1.0217766382572644 -4.215488784787154
185 1.0220359192446895 0.001960534836365567 -14.063743697417564 -0.001960534836365567 1.0220359192446895 -1.7981779826915991
186 1.0196511699963542 0.0018773996691333122 -12.70534375546126 -0.0018773996691333122 1.0196511699963542 -0.8015054604163238
187 1.0240557990614232 0.0025068850829396577 -15.185817057754274 -0.0025068850829396577 1.0240557990614232 -2.1829242597277316
188 1.0316715697150312 0.0029224411846335272 -19.419398723730424 -0.0029224411846335272 1.0316715697150312 -2.5353244209822963
189 1.0337958790191288 0.0017775466426028616 -21.227275473226438 -0.0017775466426028616 1.0337958790191288 -3.643133013975038
190 1.0246177378229473 0.00032188410698529935 -15.879935997315757 -0.00032188410698529935 1.0246177378229473 -3.8789736581628205
191 1.0267406489325785 -3.60754196266971e-06 -17.373107810451536 3.60754196266971e-06 1.0267406489325785 -6.542519633969491
192 1.028895970225848 7.239924290180404e-05 -18.736394369452317 -7.239924290180404e-05 1.028895970225848 -6.855244341478993
193 1.0271626320566192 -0.0003539748168467253 -17.354707040974336 0.0003539748168467253 1.0271626320566192 -4.248581732667863
194 1.0350864792366445 0.0005761468749304723 -21.995881483576344 -0.0005761468749304723 1.0350864792366445 -2.780968767218667
195 1.0301148015690835 0.0030636418580320354 -19.67632182552727 -0.0030636418580320354 1.0301148015690835 0.47486995520700614
196 1.03263448470013 0.0007067119737382463 -20.827278898297628 -0.0007067119737382463 1.03263448470013 -3.485839055532851
197 1.033339055936577 -0.0006202710362030236 -20.504389061207885 0.0006202710362030236 1.033339055936577 -5.315129935418961
198 1.0349264098952855 0.002698470293133242 -21.94527333398692 -0.002698470293133242 1.0349264098952855 -5.006017601685763
199 1.0363750123761353 0.0027644456028419356 -22.96228629527918 -0.0027644456028419356 1.0363750123761353 -4.765923139856557
200 1.038812334689045 -0.0007590033230405156 -23.920624187666238 0.0007590033230405156 1.038812334689045 -8.341899829101443
201 1.0400725463457337 0.00020031598208355517 -24.60199340543829 -0.00020031598208355517 1.0400725463457337 -8.220808308672133
202 1.041866777493279 0.00028507509035061857 -24.964853181364457 -0.00028507509035061857 1.041866777493279 -9.465192067641103
203 1.0466959931605138 0.001166349668658952 -28.60724803710852 -0.001166349668658952 1.0466959931605138 -8.127706903007825
204 1.0541559366628874 0.0004729644650547987 -32.74846689799196 -0.0004729644650547987 1.0541559366628874 -8.786673823762051
205 1.05327970938859 -0.0012466781965646393 -31.19524971169254 0.0012466781965646393 1.05327970938859 -8.760864121358306
206 1.0539732306464444 -0.0008831624168961079 -31.210651782503543 0.0008831624168961079 1.0539732306464444 -8.8403797429145
207 1.0506802888961153 0.0007295788400787308 -29.017802832710483 -0.0007295788400787308 1.0506802888961153 -7.431929277391058
208 1.05557191256058 0.00014231458573293822 -33.168231050458004 -0.00014231458573293822 1.05557191256058 -9.410701017617919
209 1.059136133094812 -0.0004778204894282243 -36.169446843946396 0.0004778204894282243 1.059136133094812 -11.194911579518221
210 1.0619305865787918 0.0013313378684612826 -36.662521151377845 -0.0013313378684612826 1.0619305865787918 -9.38741548680398
211 1.0689292103731614 0.005222652770129031 -44.68975034290094 -0.005222652770129031 1.0689292103731614 -5.869096248039936
212 1.060401301812403 0.0030401724222329832 -36.25542427502897 -0.0030401724222329832 1.060401301812403 -7.228638823632885
213 1.0641265114220808 0.000626737202304545 -38.34879241408995 -0.000626737202304545 1.0641265114220808 -9.323941736428154
214 1.054363501288229 0.0028474603344478765 -28.05645677866816 -0.0028474603344478765 1.054363501288229 -6.3469878206027435
215 1.058928804734439 0.004134344564180679 -29.424230674193492 -0.004134344564180679 1.058928804734439 -6.7414634844996195
216 1.0714421883968568 0.001950421483034687 -39.38852657634273 -0.001950421483034687 1.0714421883968568 -10.315834805387091
217 1.0618610308214087 0.0056085542190722724 -31.987500090597987 -0.0056085542190722724 1.0618610308214087 -6.46042717032559
218 1.0395050408894684 -0.0018813437817187125 -22.906833726289694 0.0018813437817187125 1.0395050408894684 -7.033465469247744
219 1.0222047692302183 0.0018714902521554616 -12.657406426229963 -0.0018714902521554616 1.0222047692302183 -1.6614161971012307
220 1.0206811540055105 0.0021972743554926092 -12.09878719870902 -0.0021972743554926092 1.0206811540055105 -1.4430243428878078
221 1.0230093502856916 0.0018282594512956957 -14.247534196922993 -0.0018282594512956957 1.0230093502856916 -2.5085158640771836
222 1.0247927494168458 0.0010458142135004143 -15.506960886152799 -0.0010458142135004143 1.0247927494168458 -3.3766418518659043
223 1.0258664683200025 -0.0009058437565205599 -17.02736418936833 0.0009058437565205599 1.0258664683200025 -5.827290933211815
224 1.0196387908101527 -0.000181307049707078 -12.536869482078547 0.000181307049707078 1.0196387908101527 -3.935013828875361
225 1.0240697789962412 -0.0003691578745051826 -16.682463003406145 0.0003691578745051826 1.0240697789962412 -3.88644380618599
226 1.0195484752508575 0.0008016408593062353 -13.574916253772477 -0.0008016408593062353 1.0195484752508575 -2.709237540986143
227 1.0189627287934693 0.000321731752269458 -13.557335758198027 -0.000321731752269458 1.0189627287934693 -1.679458419851826
228 1.0194516744330793 -0.0016551327193590837 -14.067402056774124 0.0016551327193590837 1.0194516744330793 -2.89863851483857
229 1.0191737159212477 -0.001556486295265084 -15.239049031441247 0.001556486295265084 1.0191737159212477 -3.206733726282719
230 1.018263481046649 -0.0019165284954982876 -15.944809150659093 0.0019165284954982876 1.018263481046649 -2.9337591002244414
231 1.01729074467335 -0.0007510393240691561 -17.002778517484977 0.0007510393240691561 1.01729074467335 -1.4600486506746118
232 1.0175006507777231 -0.0010648348762109707 -18.09072715598952 0.0010648348762109707 1.0175006507777231 -1.2614319701264887
233 1.0170432041973656 -0.00039433321708238415 -18.683910541977514 0.00039433321708238415 1.0170432041973656 -0.9846106235332295
234 1.017637066753879 -0.00036128061055436424 -19.34612799364813 0.00036128061055436424 1.017637066753879 -2.03316744569636
235 1.0182224814858931 -0.00101656233842166 -19.987141494730533 0.00101656233842166 1.0182224814858931 -3.9800185756854636
236 1.0182897546278102 -0.00029315237794584587 -21.263649996078605 0.00029315237794584587 1.0182897546278102 -4.00872102418513
237 1.0184405576770004 -0.001585733890086777 -21.897904332034877 0.001585733890086777 1.0184405576770004 -4.755703183490127
238 1.0188064407025925 -0.0023693942599913305 -23.359032889566436 0.0023693942599913305 1.0188064407025925 -4.469545203426075
239 1.0183375522323754 -0.002702035539765124 -23.667464410050645 0.002702035539765124 1.0183375522323754 -4.915125843994458
240 1.0190635359884888 -0.0030191591752820866 -25.012559434617362 0.0030191591752820866 1.0190635359884888 -5.4773682356954465
241 1.019126036716607 -0.00218530514079698 -26.71621720693527 0.00218530514079698 1.019126036716607 -5.731980071494075
242 1.0197675182882056 -0.0018897614731200687 -29.146021999905116 0.0018897614731200687 1.0197675182882056 -5.153126318081981
243 1.021361791157276 -0.003149275867385083 -30.92491037684134 0.003149275867385083 1.021361791157276 -7.203015880332664
244 1.0247377931111818 -0.0052223478646576844 -32.729107805080524 0.0052223478646576844 1.0247377931111818 -8.43744784816538
245 1.02310765071135 -0.004771659879040016 -33.472847175000574 0.004771659879040016 1.02310765071135 -6.503908229840721
246 1.0265906684297597 -0.005043231036311783 -35.60020351387027 0.005043231036311783 1.0265906684297597 -5.899295693859622
247 1.0240923793565713 -0.0038797878641597706 -35.18064784376133 0.0038797878641597706 1.0240923793565713 -5.1564485191519704
248 1.027614734911954 -0.003403076313408194 -38.28418920151344 0.003403076313408194 1.027614734911954 -5.703634527687891
249 1.028896717799881 -0.0019418583079972291 -39.86448720598815 0.0019418583079972291 1.028896717799881 -5.024435724945907
250 1.0329756058697832 -0.0036851210685389093 -42.17928694861987 0.0036851210685389093 1.0329756058697832 -6.918708500088405
251 1.0332152308978089 -0.003762089083206332 -44.38704198704291 0.003762089083206332 1.0332152308978089 -7.143277842203312
252 1.0409090058507777 -0.003658851093140702 -49.94200336161784 0.003658851093140702 1.0409090058507777 -8.642264405461734
253 1.0373790760408037 -0.0025763827820432517 -50.5846583418211 0.0025763827820432517 1.0373790760408037 -7.108911146852694
254 1.0453833336237848 -0.001795745891659455 -53.982205126452214 0.001795745891659455 1.0453833336237848 -7.961084765765094
255 1.027304266153479 0.0003610371524342608 -42.02894461533133 -0.0003610371524342608 1.027304266153479 -4.660159137352718
256 1.0194707458884675 -0.0007236237766377392 -36.0194004922328 0.0007236237766377392 1.0194707458884675 -5.397076150555581
257 1.0287878169562266 -0.00048265199122056365 -43.84726645500045 0.00048265199122056365 1.0287878169562266 -5.904372226632598
258 1.0327034598306137 -0.001164881031193899 -47.19538479132512 0.001164881031193899 1.0327034598306137 -5.9182720738962376
259 1.0426432966996289 -0.0013749141908969789 -54.94695148875363 0.0013749141908969789 1.0426432966996289 -6.845607205561368
260 1.0441395173422412 -0.0020386582520987313 -56.22495328833484 0.0020386582520987313 1.0441395173422412 -7.544365738931015
261 1.02532188488287 -0.002907426242598769 -42.53396164768586 0.002907426242598769 1.02532188488287 -6.481303866985357
262 0.9940985356215294 -0.006662943302073911 -23.14716379161009 0.006662943302073911 0.9940985356215294 -5.952697378322742
263 0.9912932184524302 6.789322307828991e-05 -21.060898862718144 -6.789322307828991e-05 0.9912932184524302 2.1516649617815258
264 0.9830563911431682 -0.005919382778949222 -11.377264443971775 0.005919382778949222 0.9830563911431682 -3.2519928441521526
265 0.9817552188609796 -0.008325925597288009 -9.575139642101142 0.008325925597288009 0.9817552188609796 -6.728667842105063
266 0.9833575145620433 -0.00512137361080439 -11.83877730513808 0.00512137361080439 0.9833575145620433 -3.47554072415747
267 0.992927194735437 0.0011335839094845192 -22.115009830046535 -0.0011335839094845192 0.992927194735437 2.5960085369537453
268 0.9886253484133328 -0.002779131551468283 -16.663373817905274 0.002779131551468283 0.9886253484133328 -1.6214252954456965
269 0.9993909307798121 3.086926245186904e-05 -27.339511580329727 -3.086926245186904e-05 0.9993909307798121 0.12135408863814268
270 0.9948974047518925 0.0012625330415952413 -22.891435383957152 -0.0012625330415952413 0.9948974047518925 1.4718046197683627
271 0.9844147845680037 -0.0024257574283048696 -11.995665856649818 0.0024257574283048696 0.9844147845680037 -0.8931700340964506
272 0.9874248591402818 -0.00314920570053078 -14.370459698144636 0.00314920570053078 0.9874248591402818 -1.3434448464014443
273 0.9888358157178407 -0.001334923654408484 -15.894429883474158 0.001334923654408484 0.9888358157178407 -0.1484868681850151
274 0.9877883000441986 -0.0004790087878379073 -13.068004739048245 0.0004790087878379073 0.9877883000441986 0.9149716739997036
275 0.9953821382127132 -0.0010516420498462662 -18.35547691000012 0.0010516420498462662 0.9953821382127132 -1.1130100203413957
276 0.9945445025049868 -0.0010356718707880247 -16.52853041787833 0.0010356718707880247 0.9945445025049868 -0.7235289475377127
277 1.0044809542483677 -0.003106520439174852 -24.42873081786268 0.003106520439174852 1.0044809542483677 -2.786219269298564
278 1.0001834730908692 -0.00278238887494501 -19.860892746523156 0.00278238887494501 1.0001834730908692 -2.5369982210476665
279 1.0022626160071995 -0.00205762563136445 -21.597095789840896 0.00205762563136445 1.0022626160071995 -2.782839687905706
280 1.001073932875581 -0.0010054760171228727 -21.169904307069782 0.0010054760171228727 1.001073932875581 -1.6188775706153842
281 1.0134300271919234 -0.00026254631591032373 -30.52436465548688 0.00026254631591032373 1.0134300271919234 -3.1332774150272797
282 1.0042057513059726 -0.0025290789525976454 -22.597239046190943 0.0025290789525976454 1.0042057513059726 -4.7151672284383945
283 1.0081454670153813 -0.0035550520876366397 -25.171145859822943 0.0035550520876366397 1.0081454670153813 -5.440338173191367
284 1.0074067164429117 -0.004010516232515656 -23.53517227749256 0.004010516232515656 1.0074067164429117 -5.322807516868384
285 1.0107224530630983 -0.0019601934989651013 -26.23136909712199 0.0019601934989651013 1.0107224530630983 -4.381945963969862
286 1.0128443025181075 -0.00277634048937037 -27.782698101630572 0.00277634048937037 1.0128443025181075 -4.466786638795202
287 1.013992911016518 -0.003470085682929083 -28.3595458722741 0.003470085682929083 1.013992911016518 -3.966972474654796
288 1.0160658070481767 -0.005316334394252359 -28.39351602720726 0.005316334394252359 1.0160658070481767 -6.12786850563452
289 1.0194672937747224 -0.0021028914958692814 -30.35539036752932 0.0021028914958692814 1.0194672937747224 -5.530709282315694
290 1.0214981492899762 -0.0011074122241974552 -30.2585591911258 0.0011074122241974552 1.0214981492899762 -5.091302928610208
291 1.0227284878130771 -0.0002752397351360886 -29.721415725120032 0.0002752397351360886 1.0227284878130771 -5.209771913658348
292 1.023157099710329 -0.0035317953523170864 -28.62825223732716 0.0035317953523170864 1.023157099710329 -6.1775502844159105
293 1.0269179693243775 -0.0001326617556375088 -29.327199911119273 0.0001326617556375088 1.0269179693243775 -4.5655814487272535
294 1.029353282633247 0.001925339815064522 -29.190665167131833 -0.001925339815064522 1.029353282633247 -4.085860690615806
295 1.0263748286134853 0.0009987049714953 -25.14986903427958 -0.0009987049714953 1.0263748286134853 -4.082028981274716
296 1.0263791114566096 0.0002852364424421944 -22.676869856242394 -0.0002852364424421944 1.0263791114566096 -5.147827594626514
297 1.0302232975739496 0.0012817809779611014 -22.48433684395997 -0.0012817809779611014 1.0302232975739496 -5.646037143511808
298 1.0283044864854307 -0.0001773778451740352 -20.266858948957676 0.0001773778451740352 1.0283044864854307 -6.734048690833887
299 1.0292271123402135 6.500337329628542e-07 -20.198091970350426 -6.500337329628542e-07 1.0292271123402135 -6.178428010117355
300 1.0309133885805148 0.00039018111590047533 -20.659361861397315 -0.00039018111590047533 1.0309133885805148 -5.537269707702016
301 1.0331496781847915 -0.0006285969189842285 -20.884777554610945 0.0006285969189842285 1.0331496781847915 -4.970517990071812
302 1.0288293823055576 -0.0018839483336127046 -18.52725979465642 0.0018839483336127046 1.0288293823055576 -5.038589855547043
303 1.0287762478440192 -5.321874629583959e-05 -18.39140588149001 5.321874629583959e-05 1.0287762478440192 -4.027756035039174
304 1.0302658063366297 -0.0017391761407767438 -18.558454342774024 0.0017391761407767438 1.0302658063366297 -5.599743549400902
305 1.03459049804532 -0.0011633259804156517 -21.078831882085666 0.0011633259804156517 1.03459049804532 -6.387519308397753
306 1.0252175192501474 -0.004916432167093374 -15.111622306894805 0.004916432167093374 1.0252175192501474 -7.965713879062929
307 1.028736246973266 -0.003929323344702584 -18.26211754125461 0.003929323344702584 1.028736246973266 -7.769368121607283
308 1.02219375072726 -0.0045197659308936185 -13.348562871757988 0.0045197659308936185 1.02219375072726 -8.450077317569537
309 1.0249104033154186 -0.004674338863379212 -15.849112348287546 0.004674338863379212 1.0249104033154186 -9.048272586491246
310 1.0378501752477813 -0.0035099635986482807 -23.175874658953486 0.0035099635986482807 1.0378501752477813 -9.36327267127632
311 1.027072734525698 -0.0018450024283164646 -18.324498431164674 0.0018450024283164646 1.027072734525698 -6.0602920727299985
312 1.028304779839502 -0.0031468485263721046 -18.78536351625876 0.0031468485263721046 1.028304779839502 -6.84050373515417
313 1.0274056358965733 -0.002394260469507558 -18.427838725979424 0.002394260469507558 1.0274056358965733 -6.344921004668019
314 1.0461085263355008 -0.0009400051400910738 -29.731730268892218 0.0009400051400910738 1.0461085263355008 -7.925450946714045
315 1.0407826737692416 -0.0014923534399394775 -27.472886553618636 0.0014923534399394775 1.0407826737692416 -7.745139007488134
316 1.0458000217537413 -0.002060684980895056 -30.757003684350938 0.002060684980895056 1.0458000217537413 -8.5662829200548
317 1.0504572630526579 -0.002536739774575889 -33.548863920424694 0.002536739774575889 1.0504572630526579 -8.76512531495392
318 1.0462040932206425 -0.003557280988793393 -31.93072557856696 0.003557280988793393 1.0462040932206425 -8.517169282003266
319 1.0444157536617962 -0.001824887587875954 -34.87736804944613 0.001824887587875954 1.0444157536617962 -6.8518108530505195
320 1.0625759887007822 -0.0024947046337663974 -44.572806841754385 0.0024947046337663974 1.0625759887007822 -10.597383396616115
321 1.063747708662103 -0.0018101778339199746 -47.31848136535314 0.0018101778339199746 1.063747708662103 -11.276869270373336
322 1.0772420985664382 -0.004000937320436347 -56.34974718460741 0.004000937320436347 1.0772420985664382 -14.860445199338523
323 1.0880083398814075 -0.006096061862252325 -65.76611112652866 0.006096061862252325 1.0880083398814075 -16.885700116922983
324 1.0002443736686817 -0.002994782495101833 -7.679850135375817 0.002994782495101833 1.0002443736686817 -3.819007708183339
325 0.9983057002263307 -0.0031347387336052553 -9.376946033393537 0.0031347387336052553 0.9983057002263307 -3.5515275452695487
326 0.9978090514269193 -0.002602996293529431 -11.963019554184015 0.002602996293529431 0.9978090514269193 -1.6910730012566744
327 0.9860189956600006 -0.0001188127262423547 -4.213051000139783 0.0001188127262423547 0.9860189956600006 2.464431247057302
328 0.9909575934781145 -0.0003689498420909599 -11.946664793723311 0.0003689498420909599 0.9909575934781145 1.5466744274534605
329 0.9945083614859462 -0.006621656999129774 -16.991040378101562 0.006621656999129774 0.9945083614859462 -4.6292929138779275
330 0.995484867056647 -0.008005336917380148 -19.746714973921282 0.008005336917380148 0.995484867056647 -6.791299797109256
331 0.9952730359044334 -0.003346473360103945 -20.748504859992277 0.003346473360103945 0.9952730359044334 -2.0119761457536156
332 1.0025148145163756 -0.008616568620020238 -28.030908236417666 0.008616568620020238 1.0025148145163756 -8.880442182155674
333 0.9974642768116733 -0.005427693316425181 -24.160991865551324 0.005427693316425181 0.9974642768116733 -6.226775756237562
334 1.0179568014088465 -0.006643061757337896 -40.71598495695404 0.006643061757337896 1.0179568014088465 -9.684091177274407
335 1.0202190027899445 -0.006905562135249406 -42.03150384184509 0.006905562135249406 1.0202190027899445 -11.164041720551046
336 1.0109489936202771 -0.005516412793151924 -35.149243787139994 0.005516412793151924 1.0109489936202771 -10.170941106985849
337 1.0095047524796876 2.7483976272940983e-05 -35.10880384078806 -2.7483976272940983e-05 1.0095047524796876 -4.371898282631943
338 0.9948673923049065 -0.002877595185347528 -23.11607671964377 0.002877595185347528 0.9948673923049065 -3.848155191993171
339 1.0078730432670826 -0.00707949190967293 -33.06705162314463 0.00707949190967293 1.0078730432670826 -6.620853971810198
340 1.0096030056660577 -0.007157751472604374 -33.958289988777935 0.007157751472604374 1.0096030056660577 -6.182203206523888
341 0.9967494753370377 -0.0050948895554782225 -24.469091219511437 0.0050948895554782225 0.9967494753370377 -4.8131522487554035
342 1.0229013617046365 -0.00369313068541756 -43.675802044537534 0.00369313068541756 1.0229013617046365 -7.620512552729279
343 1.0080528746183792 -0.0064740628728649705 -34.93299597814897 0.0064740628728649705 1.0080528746183792 -8.303520626049139
344 1.0027198542110878 -0.005541218865899199 -29.398980039029208 0.005541218865899199 1.0027198542110878 -6.4578455801152845
345 0.9892962846552206 -0.005928125387508857 -20.06070740564129 0.005928125387508857 0.9892962846552206 -4.536455607320161
346 1.001815768543022 -0.003195928587175915 -29.691458776723437 0.003195928587175915 1.001815768543022 -2.888299649292391
347 1.0039464430858958 -0.003913704388740178 -31.396630662753115 0.003913704388740178 1.0039464430858958 -3.157174388358185
348 0.9992177537882605 -0.0017825549968836423 -27.78536745376315 0.0017825549968836423 0.9992177537882605 -1.3967443258101278
349 1.0057682345207084 -0.004872375636522667 -33.16863661195603 0.004872375636522667 1.0057682345207084 -4.7066776249374085
350 1.0166191992539453 -0.0019881078315065913 -38.58133266367216 0.0019881078315065913 1.0166191992539453 -4.644925539257248
351 1.0116358776715164 -0.00431412809867416 -36.244004189356566 0.00431412809867416 1.0116358776715164 -6.2262335825929584
352 1.011552791202734 -0.002403785276691951 -35.234580600622934 0.002403785276691951 1.011552791202734 -4.01950904857199
353 1.0311202541583544 -0.002849586968939763 -45.215672565710996 0.002849586968939763 1.0311202541583544 -6.697933888815721
354 1.0331152598973212 -0.004620461979997836 -45.40473059222047 0.004620461979997836 1.0331152598973212 -7.512189917211718
355 1.0202780800082627 -0.0034348754881806266 -37.093418032746456 0.0034348754881806266 1.0202780800082627 -4.535672410581056
356 1.0285172039390076 -0.003739687512700973 -40.81209688482489 0.003739687512700973 1.0285172039390076 -5.619732975145749
357 1.038747409454091 -0.0021352171503637015 -44.7846803187308 0.0021352171503637015 1.038747409454091 -6.555103467464306
358 1.0334107983806111 -0.004441720777375052 -41.03555231118353 0.004441720777375052 1.0334107983806111 -5.882625495853023
359 1.0231083981188334 -0.0048108596697227935 -34.50623340385097 0.0048108596697227935 1.0231083981188334 -4.597218694876636
360 1.041696600632057 -0.004465036392473806 -44.08390483190394 0.004465036392473806 1.041696600632057 -6.369806465670266
361 1.0366775627185583 -0.007085945753259946 -40.34228513128911 0.007085945753259946 1.0366775627185583 -7.206277805142525
362 1.023529958174 -0.0021957017379580783 -30.338829164969635 0.0021957017379580783 1.023529958174 -3.9138494882144395
363 1.0344166648488775 -0.0009483195940366406 -34.032337714759734 0.0009483195940366406 1.0344166648488775 -6.530605147998864
364 1.0209004019070302 -0.001984972477661708 -24.841578780652807 0.001984972477661708 1.0209004019070302 -5.413036528859086
365 1.0385142721747316 -0.002364456264125748 -32.84106760581558 0.002364456264125748 1.0385142721747316 -7.654879437517598
366 1.0236205220646446 -0.0040975817812629045 -22.22010413171104 0.0040975817812629045 1.0236205220646446 -6.317856320612853
367 1.0180632343876208 -0.005109112230798497 -17.87107259637558 0.005109112230798497 1.0180632343876208 -6.441637069696379
368 1.0490277024448451 -0.006126582886527093 -35.47868830489406 0.006126582886527093 1.0490277024448451 -11.66153488782924
369 1.0266775816332256 -0.006697491032038382 -23.902655316411938 0.006697491032038382 1.0266775816332256 -9.548396186741693
370 1.0383102812141345 -0.008395287168548387 -30.405942157755128 0.008395287168548387 1.0383102812141345 -11.339029888615578
371 1.0294099600885906 -0.009221930188796914 -25.75076643537532 0.009221930188796914 1.0294099600885906 -11.017482035596615
372 1.0539824585709126 -0.007014450950956135 -41.304666117436305 0.007014450950956135 1.0539824585709126 -12.997839529678405
373 1.0263765419399458 -0.005518736461773108 -27.74179671331582 0.005518736461773108 1.0263765419399458 -7.323186997298072
374 1.065743738577335 -0.003774822124770945 -48.311918413068014 0.003774822124770945 1.065743738577335 -10.995648443022617
375 1.0368790320886812 -0.002859221502783601 -32.810830210705156 0.002859221502783601 1.0368790320886812 -4.773751344679689
376 1.0299932863039303 -0.0020440129485092945 -28.903135443797648 0.0020440129485092945 1.0299932863039303 -2.942168500532733
377 1.0383386317134204 -0.0007984906223034277 -32.88077409867057 0.0007984906223034277 1.0383386317134204 -5.436799002804791
378 1.0369849195498342 -0.0009795192898570618 -31.02371691912808 0.0009795192898570618 1.0369849195498342 -8.00882686840078
379 1.0393085599871248 -0.006148724622610231 -30.379529350853872 0.006148724622610231 1.0393085599871248 -11.644847462661227
380 1.042008174574359 -0.0014814859468267878 -31.89503006874525 0.0014814859468267878 1.042008174574359 -8.404146692398047
381 1.039875826217718 -0.0021695709560412566 -29.321989506968567 0.0021695709560412566 1.039875826217718 -6.795806399420938
382 1.0469757752224353 -0.001221578477730605 -32.121674940262395 0.001221578477730605 1.0469757752224353 -6.776804132776626
383 1.0467218302094636 -0.0045884323871234495 -29.283627200028675 0.0045884323871234495 1.0467218302094636 -7.6813067294775355
384 1.0576406959729927 -0.005573648157795689 -33.93649795444209 0.005573648157795689 1.0576406959729927 -8.513751904805037
385 1.0556516992311205 -0.0032203199875321963 -32.53632172970358 0.0032203199875321963 1.0556516992311205 -5.81117969902799
386 1.0630124799664142 -0.0005580484738352836 -37.36718856832593 0.0005580484738352836 1.0630124799664142 -8.518837484846888
387 1.0691346794131091 -0.002956412195993612 -40.961851072512026 0.002956412195993612 1.0691346794131091 -13.421427092326748
388 1.0457625966777873 -0.0003588856671371745 -23.144117780097403 0.0003588856671371745 1.0457625966777873 -10.238580944727076
389 1.051662698395165 0.0041334751954647 -26.880062233410246 -0.0041334751954647 1.051662698395165 -7.366526096600684
390 1.0534128849202666 0.0019922961333391307 -27.039000686310217 -0.0019922961333391307 1.0534128849202666 -7.275356316933339
391 1.0639762294919617 0.002782879731722721 -30.737777781661737 -0.002782879731722721 1.0639762294919617 -8.507828667700126
392 1.0536582990527394 -0.002050919259601296 -27.140621911014893 0.002050919259601296 1.0536582990527394 -8.453831658941489
393 1.0689630867173379 0.0008063589114830805 -33.14514027524693 -0.0008063589114830805 1.0689630867173379 -11.082363323420298
394 1.075202174564288 0.001184629670063281 -35.776174754545416 -0.001184629670063281 1.075202174564288 -12.846367068578969
395 1.0831316306261336 0.0016666275762617464 -38.9393913931199 -0.0016666275762617464 1.0831316306261336 -14.642512401106508
396 1.0942175992674212 0.00013294813412436307 -42.45733444209832 -0.00013294813412436307 1.0942175992674212 -15.950602638122366
397 1.0806817215994013 0.0005099917594752631 -41.592749288585146 -0.0005099917594752631 1.0806817215994013 -13.130777768663776
398 1.0855737442070008 0.0002924021281341849 -44.871381757496934 -0.0002924021281341849 1.0855737442070008 -12.955160867853229
399 1.0510933875997754 -0.006111558013447646 -27.93219170340204 0.006111558013447646 1.0510933875997754 -9.95463977787663
400 1.0536989017704634 -0.009190574638002356 -30.855437147926363 0.009190574638002356 1.0536989017704634 -12.900775359428751
401 1.0616463034617316 -0.00876736616344684 -34.91893302045937 0.00876736616344684 1.0616463034617316 -14.657554250871025
402 1.0702960165824384 -0.004240033661240224 -39.0338485970243 0.004240033661240224 1.0702960165824384 -15.080923751050632
403 1.0698339621770516 -0.008267617584567677 -40.62647412240064 0.008267617584567677 1.0698339621770516 -15.975073906087365
404 1.0722379255023924 -0.007369855049240121 -42.7735694711899 0.007369855049240121 1.0722379255023924 -14.486209280408358
405 1.0682638079482383 -0.012536815062689785 -41.587486408691774 0.012536815062689785 1.0682638079482383 -14.518482582770636
406 1.0765712797012026 -0.012013021541816271 -45.77960240773662 0.012013021541816271 1.0765712797012026 -15.274731082796311
407 1.08491974333338 -0.012040627459068528 -49.587339038431345 0.012040627459068528 1.08491974333338 -17.610106485142683
408 1.0887043040674305 -0.010993487960073295 -52.73950225136995 0.010993487960073295 1.0887043040674305 -18.162689956132443
409 1.0352722443577986 -0.0013669514607392709 -22.478744950299124 0.0013669514607392709 1.0352722443577986 -6.770912027687952
410 1.037388491391338 -0.0027307713934912885 -23.92320343147679 0.0027307713934912885 1.037388491391338 -7.255437903231419
411 1.0341342023385247 -0.0021142943472493053 -21.32919861012045 0.0021142943472493053 1.0341342023385247 -6.539447008525341
412 1.0363060016858048 -0.0004023359919892607 -22.689602083207465 0.0004023359919892607 1.0363060016858048 -5.921155088436906
413 1.040496950802567 -0.00028868321838746564 -24.543941221079997 0.00028868321838746564 1.040496950802567 -6.881571915286913
414 1.0404116865709767 -0.007818164628534267 -24.485441217852465 0.007818164628534267 1.0404116865709767 -11.860483201200923
415 1.039339766025888 -0.0018079747499316298 -24.200048615179835 0.0018079747499316298 1.039339766025888 -8.612075418688557
416 1.0428618535749643 -0.004199646521508669 -25.927515271757148 0.004199646521508669 1.0428618535749643 -7.72370834533029
417 1.042778716605823 -0.00656894364764944 -25.51220765076256 0.00656894364764944 1.042778716605823 -6.4775258434541945
418 1.038817385029112 -0.007451058599546957 -23.099846495408375 0.007451058599546957 1.038817385029112 -6.368129019724447
419 1.0469629637132083 -0.005460935897140322 -27.804118429901703 0.005460935897140322 1.0469629637132083 -8.015623013459196
420 1.0457502300564234 -0.005052140124639831 -27.150144677172257 0.005052140124639831 1.0457502300564234 -8.83600439805326
421 1.0475224896309492 -0.005633622737395363 -27.695129800374175 0.005633622737395363 1.0475224896309492 -9.415171625070762
422 1.0504803722994356 -0.011217435710148228 -28.26516508783708 0.011217435710148228 1.0504803722994356 -12.407470487969263
423 1.0477036762703582 -0.007256923815423717 -27.385038463975658 0.007256923815423717 1.0477036762703582 -11.118545470851995
424 1.0607633545321487 -0.005276910081679836 -35.52614956102826 0.005276910081679836 1.0607633545321487 -10.601140140233209
425 1.0571747899216224 -0.008224144203090455 -32.94877355933427 0.008224144203090455 1.0571747899216224 -11.304399069715576
426 1.051191232037976 -0.001199419363414004 -31.560807017245473 0.001199419363414004 1.051191232037976 -6.555020079153108
427 1.052723056949328 -0.005404758170496556 -30.79782762132999 0.005404758170496556 1.052723056949328 -10.382175536971628
428 1.0697809361142612 -0.006673422225534222 -37.96359779848856 0.006673422225534222 1.0697809361142612 -12.199623522784982
429 1.0330517631180351 -0.0030483521956721042 -19.93662418613601 0.0030483521956721042 1.0330517631180351 -3.6604692995072146
430 1.0340740093807097 -0.004982553178834513 -20.653815424340436 0.004982553178834513 1.0340740093807097 -8.708455639850863
431 1.0345001501164666 -0.005919722909129107 -20.831888763232122 0.005919722909129107 1.0345001501164666 -10.285253760637836
432 1.0342860049420166 -0.005093480678916984 -20.197847118110065 0.005093480678916984 1.0342860049420166 -10.568836834234787
433 1.0359579552819864 0.0007343579190674434 -22.070249535795277 -0.0007343579190674434 1.0359579552819864 -7.075806370295605
434 1.0350155700909984 -0.001546385986267124 -21.173995385278285 0.001546385986267124 1.0350155700909984 -5.926165850474442
435 1.0352334574967648 0.0009180415734737594 -22.369261072286097 -0.0009180415734737594 1.0352334574967648 -4.888647670544573
436 1.0351953596987324 -0.001979053352413918 -21.390345602164402 0.001979053352413918 1.0351953596987324 -6.884886078073659
437 1.0364259615014102 -0.0019307141772227825 -23.254753004870608 0.0019307141772227825 1.0364259615014102 -5.997824860377384
438 1.036695910484762 -0.003617099472354425 -23.6610695844193 0.003617099472354425 1.036695910484762 -6.621783621137071
439 1.0450917540373157 -0.003445490399366394 -29.51190951368666 0.003445490399366394 1.0450917540373157 -6.865099150259542
440 1.0341479895189019 0.0015129717862569616 -23.281472410453603 -0.0015129717862569616 1.0341479895189019 -2.3526197273615486
441 1.037132320380389 0.0004222659337762369 -24.082183413682312 -0.0004222659337762369 1.037132320380389 -4.098983109493426
442 1.0377763686701436 0.000944777872547234 -24.366665930354337 -0.000944777872547234 1.0377763686701436 -6.3105078636597005
443 1.0271421295935494 0.0012665552790327556 -17.207848522129527 -0.0012665552790327556 1.0271421295935494 -5.490465780308261
444 1.0277263617940346 0.0019335044939831074 -17.495838491243006 -0.0019335044939831074 1.0277263617940346 -5.54704781040268
445 1.0268830906474244 -0.00021620851147769477 -16.535115624843367 0.00021620851147769477 1.0268830906474244 -5.639567239285107
446 1.026774466305555 0.0007791245843251728 -16.746704187448227 -0.0007791245843251728 1.026774466305555 -4.055095947266208
447 1.0265315088999485 0.00032443852598631605 -16.372223475964837 -0.00032443852598631605 1.0265315088999485 -3.3829295480385455
448 1.0302138669255652 -0.001245743865676988 -18.487329675283636 0.001245743865676988 1.0302138669255652 -4.234822399283151
449 1.0356010056352225 -0.002074104560449595 -21.479224073836544 0.002074104560449595 1.0356010056352225 -7.144331806255742
450 1.0293286811434563 -0.002636757311417647 -17.539761868047364 0.002636757311417647 1.0293286811434563 -5.988151336558547
451 1.0304305187808729 -0.0014336826726798733 -18.359459121804214 0.0014336826726798733 1.0304305187808729 -4.421738746417408
452 1.033783213947318 -0.0034860456399878467 -19.56201974725909 0.0034860456399878467 1.033783213947318 -4.925841206109307
453 1.0324031919403167 -0.0017964003847053967 -19.01005113025748 0.0017964003847053967 1.0324031919403167 -5.2182421146684
454 1.0352938458321213 -0.001610783752132013 -20.584550395983918 0.001610783752132013 1.0352938458321213 -7.839933323269969
455 1.0348391408604374 -0.0023050606405886024 -20.390513111543424 0.0023050606405886024 1.0348391408604374 -8.80563670381741
456 1.0490634417213225 -0.0031849131374704887 -27.887203744338084 0.0031849131374704887 1.0490634417213225 -10.99849522662751
457 1.0427950689384078 -0.001772151515675812 -25.246066920274185 0.001772151515675812 1.0427950689384078 -7.221934909085034
458 1.0550798810740947 -0.0037200650206918595 -30.5327476754797 0.0037200650206918595 1.0550798810740947 -9.35653483788212
459 1.0379379654993066 -0.001991490245709057 -22.74107961444772 0.001991490245709057 1.0379379654993066 -5.5858227316752105
460 1.0411743090231107 -0.003346049931096839 -24.83772888591002 0.003346049931096839 1.0411743090231107 -7.552777087167982
461 1.0869242574102362 -0.020983303325437665 -43.80038497409417 0.020983303325437665 1.0869242574102362 -20.58226409921232
462 1.0418781373151245 -0.00425910028379176 -26.291138038708812 0.00425910028379176 1.0418781373151245 -9.911109555350276
463 1.0513673410650557 -0.005404610602625529 -30.45447412885531 0.005404610602625529 1.0513673410650557 -12.085378744145997
464 1.0594712942186775 -0.008180500772305312 -34.262399797094815 0.008180500772305312 1.0594712942186775 -14.095655076670566
465 1.0603220796391863 -0.013251995483097563 -35.01425942474247 0.013251995483097563 1.0603220796391863 -14.363135526889401
466 1.0557412320750768 -0.010442680880996029 -34.997759223883705 0.010442680880996029 1.0557412320750768 -12.16072370726968
467 1.179547498894845 -0.023441739480492614 -72.93345527108103 0.023441739480492614 1.179547498894845 -35.22406463103787
468 1.0661943384965418 -0.0008657990788814636 -40.64426621225144 0.0008657990788814636 1.0661943384965418 -11.998114636969602
469 1.0670079557390035 -0.015178188228434284 -39.85616863027373 0.015178188228434284 1.0670079557390035 -16.17255392995036
470 1.0796942792587971 -0.015263164883329865 -45.45772689239188 0.015263164883329865 1.0796942792587971 -17.371641197420253
471 1.0737279953986703 -0.01792242861867943 -43.1935053247416 0.01792242861867943 1.0737279953986703 -16.336114671613043
472 1.1083732303518985 0.002851370429929361 -57.07447885046947 -0.002851370429929361 1.1083732303518985 -15.52576408972688
473 1.1216772682474487 -0.0019809509403502018 -60.55107320044836 0.0019809509403502018 1.1216772682474487 -19.777740221048095
474 1.059960391025611 -0.01406128345567173 -35.344317577405725 0.01406128345567173 1.059960391025611 -12.711350023710423
475 1.022293370428566 -0.002589422040852808 -14.450248818874824 0.002589422040852808 1.022293370428566 -3.5691744260291554
476 1.0658994620449076 -0.01666702268659082 -41.179049956849774 0.01666702268659082 1.0658994620449076 -15.087593690316874
477 1.024523279407384 -0.0009359631628519809 -16.25998415299085 0.0009359631628519809 1.024523279407384 -3.8813005906033555
478 1.0265473795818452 0.0003383875068789311 -17.578036275476975 -0.0003383875068789311 1.0265473795818452 -4.272584088358913
479 1.0267827991297471 -0.0016408501877088102 -17.833520293981866 0.0016408501877088102 1.0267827991297471 -5.5617510510442205
480 1.0267165128839804 -4.574810487826143e-05 -17.740486932857873 4.574810487826143e-05 1.0267165128839804 -4.147205361320753
481 1.0245221050162305 0.0017649905653755469 -15.867556017784517 -0.0017649905653755469 1.0245221050162305 -3.073206140793943
482 1.0287500553075297 0.00043820130116247087 -18.24369694918515 -0.00043820130116247087 1.0287500553075297 -4.104395920013848
483 1.0369340363567638 -0.0018814535790851964 -22.536855142524754 0.0018814535790851964 1.0369340363567638 -5.136666294240883
484 1.0409634432364547 -0.002592351475592238 -25.319053227365863 0.002592351475592238 1.0409634432364547 -6.402238364979569
485 1.0415360835107796 -0.0018380549406707255 -24.58288028522338 0.0018380549406707255 1.0415360835107796 -7.076492471487698
486 1.0375097719131927 0.00020574020572852706 -22.93392315078372 -0.00020574020572852706 1.0375097719131927 -6.3357729673389365
487 1.0413531802898945 0.0008469804168077895 -25.386964697936858 -0.0008469804168077895 1.0413531802898945 -5.986125555387289
488 1.0419582142753896 -0.00028769593603052927 -25.42325143903134 0.00028769593603052927 1.0419582142753896 -5.650440687558807
489 1.0449333919704842 -0.0015854954087999524 -27.298536608707206 0.0015854954087999524 1.0449333919704842 -6.322825485991366
490 1.0411577660598306 -0.003834901950653702 -24.662651385686075 0.003834901950653702 1.0411577660598306 -6.674902511424495
491 1.0505363343655216 -0.0007831161163872822 -30.225271050702382 0.0007831161163872822 1.0505363343655216 -7.679154250785504
492 1.0419797014990426 0.003731175317762451 -24.4646450945836 -0.003731175317762451 1.0419797014990426 -3.498675193670119
493 1.0559712891542983 -0.0037683323163964816 -35.68485120464348 0.0037683323163964816 1.0559712891542983 -10.466316351251123
494 1.0554361825653022 -0.004575697606987371 -34.82284731534938 0.004575697606987371 1.0554361825653022 -9.834514774464697
495 1.0619929748950818 -0.0043671453080406835 -38.371119116662754 0.0043671453080406835 1.0619929748950818 -10.433949440685149
496 1.024803555319979 0.0012879455460705492 -15.752282250764924 -0.0012879455460705492 1.024803555319979 -3.406323461049949
497 1.024023067615855 0.0006129760570613615 -14.86290700414043 -0.0006129760570613615 1.024023067615855 -4.035632512471708
498 1.0229579205763735 0.00024262909593993683 -14.113842167721803 -0.00024262909593993683 1.0229579205763735 -4.286807052268149
499 1.024951593921818 0.001550919519327904 -15.090222677663002 -0.001550919519327904 1.024951593921818 -1.4902207761571413
500 1.0239937994987016 -0.006015114424363415 -12.992563126616007 0.006015114424363415 1.0239937994987016 -4.693576738379524
501 1.0306427956224051 0.0009480404568077377 -19.09534749487365 -0.0009480404568077377 1.0306427956224051 -3.644794531453096
502 1.028514310562177 0.004973089109418707 -17.279980296856092 -0.004973089109418707 1.028514310562177 -6.4568941576353245
503 1.0278342859225849 0.0006694014551853751 -17.352395710749686 -0.0006694014551853751 1.0278342859225849 -7.546591511405798
504 1.0297009551327212 0.0011073243869110837 -18.516925180552864 -0.0011073243869110837 1.0297009551327212 -3.0858255469258826
505 1.0264232259792843 0.0015243307414006487 -15.582300281567687 -0.0015243307414006487 1.0264232259792843 1.6069699011946987
506 1.027128496543801 0.00025884643651497794 -15.178949213295708 -0.00025884643651497794 1.027128496543801 -2.237112615176849
507 1.027882279611895 0.001859238979066616 -16.690016391073684 -0.001859238979066616 1.027882279611895 -5.785688004567138
508 1.025591937088538 0.0014029705475051926 -15.13329982716298 -0.0014029705475051926 1.025591937088538 -2.000316506818737
509 1.0267818296798867 -0.0015178672122554253 -15.967263503242096 0.0015178672122554253 1.0267818296798867 -0.48556031502778857
510 1.0239800171457918 0.0002536594739080839 -13.627446801703735 -0.0002536594739080839 1.0239800171457918 0.22191384230249828
511 1.0285978759602519 0.0022574568057932326 -16.97301697071447 -0.0022574568057932326 1.0285978759602519 -4.81029727476037
512 1.0264359450424405 0.005167155405120592 -16.13449563846899 -0.005167155405120592 1.0264359450424405 -6.306012511867185
513 1.0320001541250772 0.002608512222161827 -20.528193242813302 -0.002608512222161827 1.0320001541250772 -7.392398077924022
514 1.0325350234034096 0.0015205040737722904 -20.88343878434142 -0.0015205040737722904 1.0325350234034096 -5.83693379658435
515 1.0343867752607137 -0.00021056667155880577 -21.96669859480515 0.00021056667155880577 1.0343867752607137 -5.09883567938583
516 1.033552439687816 -0.00021347221769409098 -21.56706640568571 0.00021347221769409098 1.033552439687816 -3.0232575697837762
517 1.03445072656476 0.0010143639050105855 -22.66946592774425 -0.0010143639050105855 1.03445072656476 -2.152932047712767
518 1.0355868357482338 -0.00046347114767742587 -23.43019531555007 0.00046347114767742587 1.0355868357482338 -3.511965190568518
519 1.0357102676347332 -0.0008781040485817658 -22.523173980755423 0.0008781040485817658 1.0357102676347332 -4.911987585033098
520 1.0373191600301581 -0.0013665902298622844 -23.5323950643931 0.0013665902298622844 1.0373191600301581 -6.856494070653789
521 1.0362351381209753 0.000501566783957259 -22.77687255328098 -0.000501566783957259 1.0362351381209753 -6.75596072716718
522 1.036394837047215 -0.0018055799374340738 -22.426782412326823 0.0018055799374340738 1.036394837047215 -8.828571785821168
523 1.038924481375961 0.0001102439623761834 -24.241865286744943 -0.0001102439623761834 1.038924481375961 -7.710857091122185
524 1.0344130195980716 0.00044210782712566187 -21.6749427553947 -0.00044210782712566187 1.0344130195980716 -6.009688543359378
525 1.0383928749404872 0.001685279073859909 -23.392315939206185 -0.001685279073859909 1.0383928749404872 -5.020156033242047
526 1.0326713919912909 -0.00048713578138264834 -20.77371574493197 0.00048713578138264834 1.0326713919912909 -5.456367163503673
527 1.032323025541462 0.0004964851678856009 -20.668244143679633 -0.0004964851678856009 1.032323025541462 -5.6694372330071
528 1.0307222373926745 -0.0026149435594702043 -19.534630561370733 0.0026149435594702043 1.0307222373926745 -7.150162740440805
529 1.0324826779469898 -0.0010206391651728462 -21.262604003433967 0.0010206391651728462 1.0324826779469898 -7.14486361498705
530 1.0226799469363526 -0.0010883819584267687 -14.6857273120159 0.0010883819584267687 1.0226799469363526 -5.079241295731537
531 1.0256278185260792 -0.002529160809759386 -17.83106798453328 0.002529160809759386 1.0256278185260792 -4.868378773394248
532 1.0344635450522157 -0.003569870241314566 -22.683559770838272 0.003569870241314566 1.0344635450522157 -6.050359452604767
533 1.029437011649644 -0.0038739661630083112 -20.127006157553655 0.0038739661630083112 1.029437011649644 -5.23702181941768
534 1.0238142555778484 -0.0030159159273492405 -15.820086745671007 0.0030159159273492405 1.0238142555778484 -4.452159793405082
535 1.0390026729831294 -0.0017571569019586193 -26.863815493411174 0.0017571569019586193 1.0390026729831294 -5.749587725168339
536 1.0294062402490076 -0.002013545925756109 -20.482350566824678 0.002013545925756109 1.0294062402490076 -3.992634110106801
537 1.0215187256238114 -0.0017567345333207374 -15.603971431200339 0.0017567345333207374 1.0215187256238114 -2.3416174914940675
538 1.0179631689075546 -0.0020075942089169065 -11.695063363875533 0.0020075942089169065 1.0179631689075546 -2.0620857097724277
539 1.0458841627842526 -0.007290581902118769 -26.581745732465492 0.007290581902118769 1.0458841627842526 -8.924189136540935
540 1.0402217280380572 -0.0071087368868394465 -24.69678689112037 0.0071087368868394465 1.0402217280380572 -9.509848106699806
541 1.0173021455251556 -0.0014409728678111524 -10.32332146282704 0.0014409728678111524 1.0173021455251556 -4.948024067936739
542 1.0168659281979007 -0.002092585473374953 -10.015222966037971 0.002092585473374953 1.0168659281979007 -5.341433614357486
543 1.0177268234449175 -0.0028712415618337554 -10.218751785255401 0.0028712415618337554 1.0177268234449175 -5.026798864661811
544 1.0173762030639726 -0.0033818473746645306 -9.829073662284939 0.0033818473746645306 1.0173762030639726 -4.314819593030513
545 1.0174483516689796 -0.0019224235914857648 -11.169389597872108 0.0019224235914857648 1.0174483516689796 -4.067003022023143
546 1.0168296117061395 -0.0026974678940103556 -11.00498831520027 0.0026974678940103556 1.0168296117061395 -5.078249769480322
547 1.0160179614495934 -0.0026520444873515264 -11.555519587392011 0.0026520444873515264 1.0160179614495934 -4.214517054722342
548 1.0158458938399546 -0.0038153180738855685 -12.493433564780172 0.0038153180738855685 1.0158458938399546 -3.988346954887933
549 1.0162675330633284 -0.0027870409802933606 -14.511549963368703 0.0027870409802933606 1.0162675330633284 -3.9342531036893855
550 1.015559882971384 -0.0031021973202391387 -14.327344199300569 0.0031021973202391387 1.015559882971384 -5.19695923865285
551 1.0164821947874145 -0.0026991228992875615 -14.742827463879241 0.0026991228992875615 1.0164821947874145 -5.051809399081296
552 1.0159760236428397 -0.0025562592943297606 -14.44209155726586 0.0025562592943297606 1.0159760236428397 -3.3818519784927865
553 1.0159342380477503 -0.0013318144520403303 -15.902561192600396 0.0013318144520403303 1.0159342380477503 -3.088406876525679
554 1.0150400906842048 -0.0019171781571780248 -15.819881802563906 0.0019171781571780248 1.0150400906842048 -3.5273056167202927
555 1.0152410568316543 -0.001454651184037502 -15.618594341055568 0.001454651184037502 1.0152410568316543 -3.637270558209609
556 1.0134248094607905 -0.0007285252005426358 -13.776103616379523 0.0007285252005426358 1.0134248094607905 -2.281153010311739
557 1.0141710496992689 -0.0010365869062877126 -14.827671002984557 0.0010365869062877126 1.0141710496992689 -1.5373621222089617
558 1.0131282942568092 -0.0020837422570624212 -14.50631812056858 0.0020837422570624212 1.0131282942568092 -2.46365081396721
559 1.0136778429161246 -0.0031602240522200483 -15.880797334212263 0.0031602240522200483 1.0136778429161246 -4.5460457227632665
560 1.0140662384474624 -0.0032908626921540358 -18.443411213440235 0.0032908626921540358 1.0140662384474624 -5.371854834643117
561 1.0131748169925543 -0.0021997295982360155 -20.125262347061398 0.0021997295982360155 1.0131748169925543 -4.549571389902462
562 1.0077996017922042 0.0005117563318520754 -16.525531998276083 -0.0005117563318520754 1.0077996017922042 -2.1579127548412167
563 1.0077036339213885 0.0012442275420645648 -17.083811448405 -0.0012442275420645648 1.0077036339213885 -0.8817124575531587
564 1.0084555638752681 0.000727874742863068 -17.271165306882864 -0.000727874742863068 1.0084555638752681 -1.1631789513284392
565 1.009449811862106 0.00014641123710957944 -17.685027104604316 -0.00014641123710957944 1.009449811862106 -2.1870995050160724
566 1.015508383314315 -0.0011373416325277516 -22.53400662977753 0.0011373416325277516 1.015508383314315 -3.8728686048142746
567 1.0158647118469024 -0.0018265433310801537 -22.89791610815091 0.0018265433310801537 1.0158647118469024 -4.303823137782108
568 1.0164887214587632 -0.0015818223172594883 -23.063865897592496 0.0015818223172594883 1.0164887214587632 -4.532131836782331
569 1.0164511127871203 0.00020737679939199013 -22.80529251234642 -0.00020737679939199013 1.0164511127871203 -3.3461596025682354
570 1.0176033206497153 0.0012290638281987382 -23.477175637602368 -0.0012290638281987382 1.0176033206497153 -1.9820027060249297
571 1.0126612043478875 0.0015575773238464812 -18.44469643404709 -0.0015575773238464812 1.0126612043478875 -0.9208929949379174
572 1.0152220244652062 0.001280847298936778 -18.75513604018359 -0.001280847298936778 1.0152220244652062 -1.5334356389033963
573 1.0112910690379426 0.0009609671062059263 -14.395643730735888 -0.0009609671062059263 1.0112910690379426 -0.9111432395774093
574 1.0099274298682617 0.0004865711108037712 -11.039987928476458 -0.0004865711108037712 1.0099274298682617 -1.2538082526047618
575 1.0107245971006056 0.00025943108214505277 -9.9992476639862 -0.00025943108214505277 1.0107245971006056 -1.3754393554918887
576 1.0108742151408547 0.0006617444019459094 -8.680164031255059 -0.0006617444019459094 1.0108742151408547 -1.1226840706441656
577 1.0097683475254866 0.0011630483580728247 -6.438939494041689 -0.0011630483580728247 1.0097683475254866 -0.31514033847044537
578 1.0091119952361642 0.00022797843553517942 -4.233154553161147 -0.00022797843553517942 1.0091119952361642 0.3389196629904472
579 1.0098440029085176 6.634466154056574e-05 -2.9984014020771745 -6.634466154056574e-05 1.0098440029085176 0.9277864238242093
580 1.0105604727597377 0.0012260992280219267 -1.9899790451603123 -0.0012260992280219267 1.0105604727597377 0.9299500698330342
581 1.0106055505917626 0.0022452861982480794 -0.5204234412319311 -0.0022452861982480794 1.0106055505917626 0.2795401248572793
582 1.0106504193720172 0.001938796983239895 1.07594098698817 -0.001938796983239895 1.0106504193720172 -0.41265122434752416
583 1.0113803769161251 0.0019429924025858893 2.0810736026464154 -0.0019429924025858893 1.0113803769161251 -0.5227461048239019
584 1.016061832002927 0.002370286178952113 -0.1127090436618603 -0.002370286178952113 1.016061832002927 -1.2176374085542494
585 1.0178813943977032 0.0031195292353504408 0.5625030753437065 -0.0031195292353504408 1.0178813943977032 -0.876820231650214
586 1.019274895576548 0.0027022361098706874 1.090356317034512 -0.0027022361098706874 1.019274895576548 -0.6763980822670472
587 1.0157259936444911 0.0014820893387366746 5.618658602514096 -0.0014820893387366746 1.0157259936444911 -0.7648553157632408
588 1.0203317821684905 0.002261503092458087 4.127133525112459 -0.002261503092458087 1.0203317821684905 0.14450607165546453
589 1.022990527195931 0.0021830519049751453 4.583195226876234 -0.0021830519049751453 1.022990527195931 0.7442717523773875
590 1.0243647317171052 0.003505208612171671 5.449767113063614 -0.003505208612171671 1.0243647317171052 0.5773574233115013
591 1.027185774986294 0.004987348259432655 6.834112640658311 -0.004987348259432655 1.027185774986294 -0.3288551846634508
592 0.9978099128037604 0.00428317558759238 28.492045479618007 -0.00428317558759238 0.9978099128037604 1.0588154100624845
593 0.9965509735742182 0.003928675125755491 31.444749120837532 -0.003928675125755491 0.9965509735742182 0.5857403705642721
594 0.996649974288998 0.002585043549104881 33.778246663299626 -0.002585043549104881 0.996649974288998 -1.837082677275668
595 1.0004716918391372 0.0027076929350051838 33.88735143957462 -0.0027076929350051838 1.0004716918391372 -3.1169479840508787
596 1.0043694826847718 0.0047596892076290295 33.60244146058072 -0.0047596892076290295 1.0043694826847718 -0.9980769667608765
597 1.0095240090514306 0.0058792169369481185 31.837185292166755 -0.0058792169369481185 1.0095240090514306 0.596575405076915
598 1.019480356466315 0.006258738794295252 26.617481614633263 -0.006258738794295252 1.019480356466315 -1.019928918873752
599 1.017388383507034 0.004812980182852562 28.56232858661175 -0.004812980182852562 1.017388383507034 -3.0116082315673074
600 1.0301397473572012 0.002760033316906007 23.252944449323397 -0.002760033316906007 1.0301397473572012 -5.556347151682001
601 1.0390826041158545 -0.0038721692410495466 21.026767492113876 0.0038721692410495466 1.0390826041158545 -11.320048330159612
602 0.9907542838353534 0.004671306847288225 40.58390043316919 -0.004671306847288225 0.9907542838353534 -0.6781138833947836
603 1.0538804582013728 0.009396620392472296 9.86476684224845 -0.009396620392472296 1.0538804582013728 -2.8903371715369133
604 1.0017609295697987 0.00735774271044279 37.3444563714874 -0.00735774271044279 1.0017609295697987 2.6754630149483467
605 0.9804186350099839 0.009095439240195154 49.558445811320254 -0.009095439240195154 0.9804186350099839 6.080595771980508
606 0.9818624345665665 0.007261653587896653 52.01032357959011 -0.007261653587896653 0.9818624345665665 3.852186592932933
607 0.9858347065973716 0.006222086960843998 51.01365977869044 -0.006222086960843998 0.9858347065973716 2.226012833178427
608 1.0081517164209413 0.008661202268092787 37.03281106384774 -0.008661202268092787 1.0081517164209413 1.9562784943766847
609 1.0077023208433005 0.010579623747946762 38.16470423386188 -0.010579623747946762 1.0077023208433005 4.068546235446734
610 1.0122388139505576 0.012923022404401028 36.30302014400839 -0.012923022404401028 1.0122388139505576 5.216453465734663
611 1.0362068554618926 0.009996167000692738 19.862110567835813 -0.009996167000692738 1.0362068554618926 1.1437589206869836
612 1.052963593226501 -0.0018663007904373694 9.307973783631653 0.0018663007904373694 1.052963593226501 -10.867855600874691
613 1.0590879622455247 -0.00900570651185796 8.013323147504503 0.00900570651185796 1.0590879622455247 -19.297957241782356
614 1.0670076713443373 -0.001535335961696458 0.731827743783861 0.001535335961696458 1.0670076713443373 -14.67446110595471
615 1.0868854312821508 -0.005088511201157284 -15.680494388863368 0.005088511201157284 1.0868854312821508 -22.71043626103412
616 1.097568798447254 -0.002117175592107969 -22.65263995992661 0.002117175592107969 1.097568798447254 -22.695156076250907
617 1.0030043515022804 0.004353180682406708 29.491682108037136 -0.004353180682406708 1.0030043515022804 -0.5691477864500771
618 0.988241987799269 0.004673079211601624 36.854164994007576 -0.004673079211601624 0.988241987799269 0.9990790727674175
619 0.9936412000933744 0.0005634340594009432 32.858284764474945 -0.0005634340594009432 0.9936412000933744 -0.4395376240795861
620 0.9926862327104989 -0.0004043292615899578 30.654939559221074 0.0004043292615899578 0.9926862327104989 -0.2617639470237021
621 1.0016342678649237 -0.0007738825352826162 22.372853087960465 0.0007738825352826162 1.0016342678649237 -1.469156450102885
622 1.0042678541085164 -0.0008543969458694663 16.593847696226213 0.0008543969458694663 1.0042678541085164 -2.362441431039437
623 1.005435010237217 -0.0007428956933030175 11.928275403482298 0.0007428956933030175 1.005435010237217 -2.634113092470769
624 1.0075290053384878 -0.0007060477925184953 7.623708301778147 0.0007060477925184953 1.0075290053384878 -2.493697114484809
625 1.0092112460037146 -0.0005556410726911897 3.9933673184590552 0.0005556410726911897 1.0092112460037146 -2.5257952698426505
626 1.010724179146626 0.00014850848476917553 0.46208510292457594 -0.00014850848476917553 1.010724179146626 -2.4009409789426224
627 1.0106882046479992 -0.00026347230550703303 -1.5889996503840886 0.00026347230550703303 1.0106882046479992 -2.6832374300885053
628 1.0134724973905191 -0.0008037507589293751 -4.8665152360277455 0.0008037507589293751 1.0134724973905191 -3.1053766339366677
629 1.0129391856088763 -0.00020722608712648975 -5.792754176827814 0.00020722608712648975 1.0129391856088763 -2.176522553984322
630 1.0123231511069972 0.0005387195733427751 -5.792071174755337 -0.0005387195733427751 1.0123231511069972 -1.6377124377943666
631 1.0131054213550008 0.003706795496384737 -6.6245927154106505 -0.003706795496384737 1.0131054213550008 -0.2065477925817491
632 1.0126132738775349 0.0034239097092291 -6.141465939741811 -0.0034239097092291 1.0126132738775349 0.3451434203080125
633 1.0124193658666627 0.0019869991907779548 -6.00179367561984 -0.0019869991907779548 1.0124193658666627 -0.7852684270332573
634 1.0126797106383518 0.004775925280060867 -6.954446847550297 -0.004775925280060867 1.0126797106383518 -0.5723417575492545
635 1.0133355716951589 0.0030163340076401744 -7.196547938791441 -0.0030163340076401744 1.0133355716951589 -1.1655285613850712
636 1.0134758936588613 -0.0019838655134430984 -5.780061190591699 0.0019838655134430984 1.0134758936588613 -2.0818515374950533
637 1.0145762152395337 -0.0027044736938629447 -7.265644654107718 0.0027044736938629447 1.0145762152395337 -2.4399132623160957
638 1.0158283965027444 -0.0005319623009244649 -8.873123104000676 0.0005319623009244649 1.0158283965027444 -2.736440791050668
639 1.0151427739155843 0.004709097147732476 -8.746906447390188 -0.004709097147732476 1.0151427739155843 0.49884633877705753
640 1.0155685142065252 0.005587518603224804 -9.662306199814935 -0.005587518603224804 1.0155685142065252 0.8221644867552349
641 1.016763894672955 -0.0016897869905060764 -10.573051953028376 0.0016897869905060764 1.016763894672955 -5.28237974523111
642 1.016663873710008 -0.0045472733133501055 -8.778013949458078 0.0045472733133501055 1.016663873710008 -7.0869028378806185
643 1.0164909004132485 -0.0014550920228937336 -9.169885503337719 0.0014550920228937336 1.0164909004132485 -5.081352469507449
644 1.0160555417976784 0.0017100933270884724 -9.549040347949783 -0.0017100933270884724 1.0160555417976784 -2.139225556867248
645 1.015772990497362 0.0013522189724473194 -9.53189521464886 -0.0013522189724473194 1.015772990497362 -2.7344282316424233
646 1.016180916767281 0.0007077323981109106 -9.55275381970191 -0.0007077323981109106 1.016180916767281 -2.373744396620774
647 1.0161807416059345 -0.00020085479697722433 -9.404908964566593 0.00020085479697722433 1.0161807416059345 -2.918609788305489
648 1.0168294965428317 0.00019146269376243573 -10.645690742332853 -0.00019146269376243573 1.0168294965428317 -2.803067366312408
649 1.016822656002543 0.0015304143991275955 -11.214799230585722 -0.0015304143991275955 1.016822656002543 -2.2252183487036468
650 1.0166680948889544 0.0022322778765869722 -11.287092662381614 -0.0022322778765869722 1.0166680948889544 -1.2759473339683447
651 1.0175266451545082 0.0016592004742530917 -11.829629795115874 -0.0016592004742530917 1.0175266451545082 -2.055837085931809
652 1.017246560407057 0.00019971346899122283 -11.4182178408582 -0.00019971346899122283 1.017246560407057 -3.3396472452889703
653 1.0173948116901874 0.0004541631756092929 -11.360968690125565 -0.0004541631756092929 1.0173948116901874 -3.4502223038474313
654 1.0176100353744826 0.0022257824631184086 -11.47609413322139 -0.0022257824631184086 1.0176100353744826 -1.9446115878760244
655 1.0153037820314015 0.002957312372002699 -10.655788281356848 -0.002957312372002699 1.0153037820314015 -1.0919645484338312
656 1.017764498670736 0.0024835296773037443 -11.611733422420523 -0.0024835296773037443 1.017764498670736 -1.5974700136709539
657 1.0177006000904758 0.002103882696285495 -10.966287517731034 -0.002103882696285495 1.0177006000904758 -1.2304063955281277
658 1.0211360106437426 0.0008243722125467214 -12.905832019533655 -0.0008243722125467214 1.0211360106437426 -1.0994299337366278
659 1.018423021111412 0.002794331093806379 -11.158619017713221 -0.002794331093806379 1.018423021111412 -0.3300819896370704
660 1.0155809240056293 0.0022938453203574217 -8.850477623291892 -0.0022938453203574217 1.0155809240056293 -1.5808336779163905
661 1.0172158021289577 0.003334465837792109 -9.748245039425813 -0.003334465837792109 1.0172158021289577 -1.885391413329113
662 1.0180727679653248 0.0032659904185835084 -10.251778211389258 -0.0032659904185835084 1.0180727679653248 -2.60647924082274
663 1.0200188132674586 0.0033426914047804063 -11.09167413015845 -0.0033426914047804063 1.0200188132674586 -2.281236345261109
664 1.0193052673172112 0.003856317216390067 -9.30979645075476 -0.003856317216390067 1.0193052673172112 -1.8339831227932248
665 1.0195357177229454 0.0024354419648498346 -7.8295709037206205 -0.0024354419648498346 1.0195357177229454 -3.038386732662935
666 1.0190294259422383 0.0018452785604845872 -7.83229100846567 -0.0018452785604845872 1.0190294259422383 -3.838151715362695
667 1.0167280090707105 0.0015625141499212643 -5.72338639903431 -0.0015625141499212643 1.0167280090707105 -3.4658905826860775
668 1.0220175057661094 0.003322404933237676 -7.300229651874464 -0.003322404933237676 1.0220175057661094 -3.3839286789158924
669 1.0166601819029866 0.000737294312354008 -5.06023560226785 -0.000737294312354008 1.0166601819029866 -3.772438986286515
670 1.0145679769544311 0.00013195866986230142 -4.330574962298018 -0.00013195866986230142 1.0145679769544311 -2.6673118438738848
671 1.0286132014629394 0.0022543393425553246 -10.28502867564275 -0.0022543393425553246 1.0286132014629394 -2.665912400119593
672 1.015836272678134 -0.0007142573636337003 -4.804617428909825 0.0007142573636337003 1.015836272678134 -1.7502481555765284
673 1.028510705248224 -0.00026067878570570826 -10.323070561718808 0.00026067878570570826 1.028510705248224 -4.337384190407391
674 1.0150842817432415 -0.0016973670154718519 -4.592324834048727 0.0016973670154718519 1.0150842817432415 -2.768165710471388
675 1.0159579967844021 -0.0014938383037059176 -4.926224759362684 0.0014938383037059176 1.0159579967844021 -3.7709854684858115
676 1.014654783874972 -6.999999215942374e-06 -5.927577405457999 6.999999215942374e-06 1.014654783874972 -2.9808852451657892
677 1.014888513050982 0.00012411363942932605 -6.854187229993284 -0.00012411363942932605 1.014888513050982 -3.3084726155235433
678 1.0158555417890593 -0.0007540932052986822 -7.721413089596856 0.0007540932052986822 1.0158555417890593 -4.702662539573736
679 1.016466384818101 -0.003051006790691502 -8.278905757983823 0.003051006790691502 1.016466384818101 -5.397287136697411
680 1.016167962202859 -0.002326371169520265 -8.771981844366813 0.002326371169520265 1.016167962202859 -4.158317987838529
681 1.0145432172294084 -0.0017419300081752908 -9.283703756956015 0.0017419300081752908 1.0145432172294084 -3.8589057117780885
682 1.015635049397533 -0.0013194934173862147 -10.749280005198242 0.0013194934173862147 1.015635049397533 -3.3636212400610472
683 1.0150211133862606 -0.0008398121636656404 -11.263661110725277 0.0008398121636656404 1.0150211133862606 -2.9944803394512562
684 1.014838611780513 -0.0006160828293409369 -11.23148560197978 0.0006160828293409369 1.014838611780513 -3.4935360463463248
685 1.0141528427814908 -0.00202309858293578 -11.081567091867347 0.00202309858293578 1.0141528427814908 -4.595319201497307
686 1.0145703879077472 -0.002472682626452708 -11.670520345722297 0.002472682626452708 1.0145703879077472 -4.66631180669217
687 1.0140974156675355 -0.0016471402599476956 -12.110476933352444 0.0016471402599476956 1.0140974156675355 -3.8767800436657804
688 1.0134208794185473 -0.0015763613571409666 -12.342576323853342 0.0015763613571409666 1.0134208794185473 -3.2618465607842437
689 1.0141981011151124 -0.001793222592397707 -13.332696316213251 0.001793222592397707 1.0141981011151124 -3.0893070684795365
690 1.013669000265772 7.533309663110745e-05 -13.895595123108414 -7.533309663110745e-05 1.013669000265772 -2.3213290874503967
691 1.014165506287466 0.0020650407768463648 -14.727145714053727 -0.0020650407768463648 1.014165506287466 -1.3973495331190904
692 1.0148123408978795 0.0013076373130116877 -15.380926247843345 -0.0013076373130116877 1.0148123408978795 -2.0153653045541766
693 1.0137085476338066 -0.0010953220312807123 -14.30169447640938 0.0010953220312807123 1.0137085476338066 0.04055206397035582
694 1.0136217679797634 0.0017426892691284792 -15.060261799055713 -0.0017426892691284792 1.0136217679797634 3.5300008966513943
695 1.0136890819990207 -0.000891680897732061 -14.559231842577246 0.000891680897732061 1.0136890819990207 0.8890861826850404
696 1.013769212433769 0.0003411172749051949 -14.408425642523458 -0.0003411172749051949 1.013769212433769 4.0321596690358295
697 1.013658154933344 -3.367065213946436e-05 -14.610560173284675 3.367065213946436e-05 1.013658154933344 5.534259495843321
698 1.011891727015772 4.708145727003013e-05 -12.449060402014428 -4.708145727003013e-05 1.011891727015772 5.529659989816626
699 1.01224992851879 0.00026366068036894297 -12.234587427959855 -0.00026366068036894297 1.01224992851879 0.9873851377576985
700 1.0132450835469264 0.0037606980351188313 -12.82596859761984 -0.0037606980351188313 1.0132450835469264 -0.6735660918283344
701 1.0134790752503746 0.0019407983556876962 -12.371108964736838 -0.0019407983556876962 1.0134790752503746 -1.881449040910643
702 1.0134244990245314 -0.0004009389567423443 -12.313231442766401 0.0004009389567423443 1.0134244990245314 -6.795614773516198
703 1.014127331776688 -0.0034677177876141136 -11.701596982062508 0.0034677177876141136 1.014127331776688 -10.813922629743619
704 1.0137371887942446 -0.0013335004371571298 -11.895390372935447 0.0013335004371571298 1.0137371887942446 -8.861809920023418
705 1.0133558724302454 -0.0019782102613538854 -11.28507534713739 0.0019782102613538854 1.0133558724302454 -7.224755137639796
706 1.0131044718044333 0.0008187438684040063 -12.084750744977683 -0.0008187438684040063 1.0131044718044333 -3.869096298852316
707 1.0126823220477101 0.0015708759292605325 -12.370117470481613 -0.0015708759292605325 1.0126823220477101 -1.2826095560701423
708 1.0109592268637166 0.0009282914986483413 -12.533317753043507 -0.0009282914986483413 1.0109592268637166 -0.006349919679553395
709 1.0118378921401683 -0.0021926029129946973 -12.357126860623113 0.0021926029129946973 1.0118378921401683 -2.6710252974002273
710 1.0111705940265137 0.00018391507069777914 -12.459286969630115 -0.00018391507069777914 1.0111705940265137 -2.3919162372552334
711 1.0126953537078576 -0.00022391756431395927 -12.997445341685895 0.00022391756431395927 1.0126953537078576 -3.194221131738062
712 1.012461641326349 -0.002381292205489567 -12.660683328830377 0.002381292205489567 1.012461641326349 -5.245820998912181
713 1.0116289637525953 -0.003795072323833004 -11.356927327252679 0.003795072323833004 1.0116289637525953 -7.238479567878029
714 1.0118310696255222 0.0021960448085135177 -11.947811805509613 -0.0021960448085135177 1.0118310696255222 -5.150343962041717
715 1.0129570833865977 0.003934773435628903 -12.243382150779249 -0.003934773435628903 1.0129570833865977 -5.9473338545561445
716 1.0125667639958809 0.002295333609893195 -11.715795968918696 -0.002295333609893195 1.0125667639958809 -6.110443607328694
717 1.012032684424705 0.0009823876939187215 -10.043464253673044 -0.0009823876939187215 1.012032684424705 -6.8882416230265875
718 1.01198935987995 0.0010286002821937568 -9.992036445891692 -0.0010286002821937568 1.01198935987995 -5.882310011025695
719 1.011932714692617 -0.002632435173760043 -9.605792850892115 0.002632435173760043 1.011932714692617 -3.8769071388415473
720 1.0100219005150801 -0.005090220578818838 -7.564806197513671 0.005090220578818838 1.0100219005150801 -0.6592369875563122
721 1.0088312598930085 -0.0025381189108729333 -7.196295381939997 0.0025381189108729333 1.0088312598930085 0.8076153219397595
722 1.0088514921423501 0.0023165275286706312 -8.027739896641549 -0.0023165275286706312 1.0088514921423501 4.047928405389283
723 1.0077418258806246 0.005448571921892886 -7.042191093628864 -0.005448571921892886 1.0077418258806246 6.707714372105984
724 1.006758551964151 0.004343516656086321 -2.9510279135016098 -0.004343516656086321 1.006758551964151 6.605946574952287
725 1.0058913426864953 0.005186957532800419 1.142126307906985 -0.005186957532800419 1.0058913426864953 8.033628706702677
726 1.0050092927768335 0.004073942102194303 5.1156921248887635 -0.004073942102194303 1.0050092927768335 6.997407530291173
727 1.0029409785252732 0.0030316195577053647 8.820336256899445 -0.0030316195577053647 1.0029409785252732 4.017323339261865
728 1.0008904655628168 -0.0007038815861267996 14.971882102468411 0.0007038815861267996 1.0008904655628168 -2.753039374208493
729 0.9933599999576067 -0.0003019546321056144 22.288959360410544 0.0003019546321056144 0.9933599999576067 -1.5759326521632093
730 1.003376548241788 0.0005263292982247433 22.104104954498638 -0.0005263292982247433 1.003376548241788 0.8963302474178835
731 0.9967315821956724 0.0013697444875846346 27.228416314900485 -0.0013697444875846346 0.9967315821956724 2.808236724839794
732 0.9901570387175722 5.162516144653433e-05 31.705810046187665 -5.162516144653433e-05 0.9901570387175722 2.127616918948833
733 0.9997426579220764 0.001338881040991896 29.2246163865424 -0.001338881040991896 0.9997426579220764 0.42386393889354557
734 0.9854215289716831 0.0009453405854869411 37.2716833690367 -0.0009453405854869411 0.9854215289716831 2.218065081347174
735 0.9884143731114322 0.0015987831283407032 37.8428608147523 -0.0015987831283407032 0.9884143731114322 1.7390614233963038
736 0.9894289701193749 0.0019710716147914578 39.49749085103884 -0.0019710716147914578 0.9894289701193749 1.518281994944045
737 0.9927473770611458 0.002202464439728081 40.16199508246145 -0.002202464439728081 0.9927473770611458 0.5085287845127671
738 0.9861689808834287 0.002667283833277254 41.42770477963307 -0.002667283833277254 0.9861689808834287 0.9843907223364945
739 0.9972410502645881 0.0013173384884196716 37.888563218399334 -0.0013173384884196716 0.9972410502645881 -1.979286273197579
740 1.0124666989682938 0.00012914711822326104 29.88587216301953 -0.00012914711822326104 1.0124666989682938 -3.450375427365756
741 0.9916656739775043 -0.0008408183196795036 41.55687852469019 0.0008408183196795036 0.9916656739775043 -0.6612161954144642
742 1.0170248382730904 0.0005062010600912037 28.287347462832756 -0.0005062010600912037 1.0170248382730904 -2.5189804546038506
743 0.9979907940838154 0.0014087370407823252 37.793944842182746 -0.0014087370407823252 0.9979907940838154 0.3655089602382272
744 1.0021846088744062 0.005135010574841946 35.781485160432624 -0.005135010574841946 1.0021846088744062 1.5327329732475663
745 1.0036601904772755 0.005315823641078077 33.845871673529935 -0.005315823641078077 1.0036601904772755 0.4253247034912002
746 1.004013914350732 0.004592117151171209 33.746624329259696 -0.004592117151171209 1.004013914350732 0.5069466753008521
747 1.0064605409331737 6.179844920669577e-05 35.24929554493091 -6.179844920669577e-05 1.0064605409331737 -3.0766648024133425
748 1.016040929919543 -0.0023170726959072176 30.59594958428761 0.0023170726959072176 1.016040929919543 -5.546669588035801
749 1.0197193117759906 0.004186407879857306 27.80076697158041 -0.004186407879857306 1.0197193117759906 -2.5553921517786997
750 1.029638583422014 0.0061857681046793124 19.94402428960342 -0.0061857681046793124 1.029638583422014 -2.5176733463079026
751 1.0346758908537448 0.002409752848311831 17.867936144750658 -0.002409752848311831 1.0346758908537448 -4.060210669931045
752 1.0475589642811316 0.00012847794093164987 8.84929154679495 -0.00012847794093164987 1.0475589642811316 -6.441383670838927
753 1.049208311079203 0.004232345074547245 8.012131850286254 -0.004232345074547245 1.049208311079203 -3.9591382694283057
754 1.0238371059802511 0.00228308239724765 25.081953522915246 -0.00228308239724765 1.0238371059802511 -2.1126289092338433
755 1.0248143307374593 0.0017816638006105127 25.805467492888553 -0.0017816638006105127 1.0248143307374593 -1.141795065582512
756 1.0249065048765107 0.0019290388658098122 26.400416041063725 -0.0019290388658098122 1.0249065048765107 -0.5781081630850147
757 1.0351543367089706 0.0038799073052084576 18.873799741966554 -0.0038799073052084576 1.0351543367089706 -2.2794451745233895
758 1.0327740822583535 0.0072627949130962466 20.672199384758216 -0.0072627949130962466 1.0327740822583535 -1.6836926617346655
759 1.0532152151873462 0.0005244353413528711 2.2139072794829047 -0.0005244353413528711 1.0532152151873462 -10.588170061777825
760 1.038042985976998 -0.0005946586286691621 11.56103668735777 0.0005946586286691621 1.038042985976998 -8.381005951519828
761 1.048013257341363 0.0024450934828736644 3.153607879642991 -0.0024450934828736644 1.048013257341363 -6.627712486398947
762 1.0637125151484854 0.005053270353965155 -11.301279492087147 -0.005053270353965155 1.0637125151484854 -5.700794038380644
763 1.0618913376190364 0.005573244477348112 -13.677698068496355 -0.005573244477348112 1.0618913376190364 -6.0661473800882115
764 1.0245085850140445 0.005134227407194732 6.393896450355198 -0.005134227407194732 1.0245085850140445 -3.215079824627187
765 1.028292664706563 0.0043019495622813 2.1538600260155896 -0.0043019495622813 1.028292664706563 -4.1630517181556135
766 1.0285679872441693 0.0016046046371519613 -0.27180367338749334 -0.0016046046371519613 1.0285679872441693 -6.6967280196187
767 1.0419004467864854 0.0011334190206600202 -8.566663173274673 -0.0011334190206600202 1.0419004467864854 -8.303150577838007
768 1.0319214962294467 0.0008482990826857266 -6.278447202284363 -0.0008482990826857266 1.0319214962294467 -6.385321582616649
769 1.036971844792724 0.000876693039775954 -11.109762602362565 -0.000876693039775954 1.036971844792724 -6.926135416754826
770 1.0427282030812541 0.0006691163580369797 -15.573429532980393 -0.0006691163580369797 1.0427282030812541 -7.564117772460761
771 1.0360501954799572 -0.0006388373786289476 -15.437801481512622 0.0006388373786289476 1.0360501954799572 -7.453601076118632
772 1.055423635567761 0.00038015879869442897 -26.441126124057593 -0.00038015879869442897 1.055423635567761 -9.42396840530775
773 1.0609316860411468 0.0012668744252897013 -31.33756859570379 -0.0012668744252897013 1.0609316860411468 -9.891083905176114
774 1.0457409026793567 -0.0008487235848376566 -26.782609713557807 0.0008487235848376566 1.0457409026793567 -9.998154183696471
775 1.0361111180017626 -0.0015815357023127492 -23.227914181697077 0.0015815357023127492 1.0361111180017626 -8.342550852891524
776 1.0417947349584067 -0.00014126031024326645 -27.849451930104394 0.00014126031024326645 1.0417947349584067 -7.5435108677710865
777 1.0458658888605603 0.001317122452353733 -31.072798264054 -0.001317122452353733 1.0458658888605603 -7.178784877703671
778 1.0454327303076438 0.004085831429339071 -31.164467304583553 -0.004085831429339071 1.0454327303076438 -5.56152412623125
779 1.0470950561759547 0.0008987029923302044 -31.14014394965671 -0.0008987029923302044 1.0470950561759547 -6.221982764045681
780 1.045567097608537 -0.0006662493635189093 -29.84760364396057 0.0006662493635189093 1.045567097608537 -4.711391996354834
781 1.0471952872252666 -0.002197620314494935 -30.500569879329742 0.002197620314494935 1.0471952872252666 -6.0926907346349095
782 1.0437854287607027 0.0029094052141078546 -28.758013045257954 -0.0029094052141078546 1.0437854287607027 -2.1326345814801226
783 1.0433502853489474 0.002271251978393737 -28.790406570864555 -0.002271251978393737 1.0433502853489474 -5.60380532593299
784 1.0570775136331638 0.00027117585801573856 -39.548911414380704 -0.00027117585801573856 1.0570775136331638 -8.640951852069259
785 1.0398599028831697 0.0009330793060512688 -25.565264693699433 -0.0009330793060512688 1.0398599028831697 -6.316110092175077
786 1.0405404973938681 -0.0007120548588879306 -25.596588579044422 0.0007120548588879306 1.0405404973938681 -7.6133214972853995
787 1.042138920734151 0.0007559449809331995 -26.599045478529955 -0.0007559449809331995 1.042138920734151 -6.989375916318014
788 1.0466168960705393 0.00302469650850635 -29.658152494221586 -0.00302469650850635 1.0466168960705393 -6.234900884925782
789 1.0482034270545426 0.0018329476179735397 -29.53249646885256 -0.0018329476179735397 1.0482034270545426 -6.600334006236083
790 1.040750438567117 -0.00047474838344862354 -25.22249162223596 0.00047474838344862354 1.040750438567117 -5.948623619130929
791 1.0438770034811111 -0.00080573051089641 -28.02086705980514 0.00080573051089641 1.0438770034811111 -6.541195190221387
792 1.0492317483091025 0.00027661841890945515 -31.91069775275886 -0.00027661841890945515 1.0492317483091025 -7.322630582359433
793 1.047007533994395 0.002854523617159467 -29.742971915854422 -0.002854523617159467 1.047007533994395 -5.355989445616912
794 1.029342049498716 0.0016906883761971887 -18.013006078012182 -0.0016906883761971887 1.029342049498716 -3.9495080461270886
795 1.0322891868361885 0.00019035776879729467 -19.345677832958433 -0.00019035776879729467 1.0322891868361885 -5.386481409436915
796 1.0339793231471361 0.0009070932665209486 -20.622440305200488 -0.0009070932665209486 1.0339793231471361 -4.67848921804703
797 1.0308156619223008 0.0010406743167401412 -18.503892832267507 -0.0010406743167401412 1.0308156619223008 -4.583610630474119
798 1.04179049320304 0.0005908267992611356 -25.577311651764468 -0.0005908267992611356 1.04179049320304 -6.008040856155529
799 1.026978187846298 0.0025968003163416 -15.705721472349978 -0.0025968003163416 1.026978187846298 -3.9905664241704355
