0 1.0 0.0 0.0 0.0 1.0 0.0
1 1.0015830889077233 0.014069342686827652 -11.424624842444441 -0.014069342686827652 1.0015830889077233 0.9589282164271098
2 1.000947050208051 0.010415464671501305 -8.914918415842251 -0.010415464671501305 1.000947050208051 1.6978963274388192
3 1.0000010210465868 0.012052698652481554 -9.87648754556114 -0.012052698652481554 1.0000010210465868 2.2949312426461383
4 0.9994590019397219 -0.002524572477640138 -0.06811098945326496 0.002524572477640138 0.9994590019397219 -12.513912690405464
5 0.9995845925163678 0.005229481265923013 -4.454899171917958 -0.005229481265923013 0.9995845925163678 0.9164143901786208
6 0.9989752208637366 0.005080996926759756 -4.245267383006826 -0.005080996926759756 0.9989752208637366 1.4452905038452
7 0.9987722924164487 0.001949714709442118 -3.533249200435129 -0.001949714709442118 0.9987722924164487 1.7685518530881412
8 0.9998167826904956 -0.002126697922118735 -0.41808428323518143 0.002126697922118735 0.9998167826904956 -0.5979147920658434
9 1.0001282532843023 -0.013964857487037284 6.006674278211049 0.013964857487037284 1.0001282532843023 -1.9430163436919994
10 0.9988855084513756 -0.014762501817479432 9.026075712842225 0.014762501817479432 0.9988855084513756 -1.1314384377591478
11 0.9987483660470418 0.00026712584664781533 -3.1668932707804167 -0.00026712584664781533 0.9987483660470418 1.771902076145329
12 0.999934315053946 -0.0003789427708995749 -1.2358468357021553 0.0003789427708995749 0.999934315053946 0.7645188927536325
13 0.999569607653725 -0.0005005281418648301 -1.9237819987506095 0.0005005281418648301 0.999569607653725 1.2648095911767112
14 1.0011738567996544 0.0006396446346555449 -2.0461809700294133 -0.0006396446346555449 1.0011738567996544 -0.10991186017642507
15 0.9997200960803507 0.0007365590815984874 -0.92926795492303 -0.0007365590815984874 0.9997200960803507 -0.07809659099540062
16 1.002147020059607 0.0040852404641011555 -4.257981554072053 -0.0040852404641011555 1.002147020059607 -1.233865920881473
17 0.9996211686238424 -9.829303485284346e-05 -0.5270177287119827 9.829303485284346e-05 0.9996211686238424 -1.0449334744405696
18 1.0021363669408214 2.8561742323489e-05 -1.1443460719166636 -2.8561742323489e-05 1.0021363669408214 -3.199030394948684
19 0.9997468269600216 -0.0008568891944925291 -0.033822663860876956 0.0008568891944925291 0.9997468269600216 -0.5947069972566315
20 1.0029838437262824 -0.0038765222062447525 1.584374253217173 0.0038765222062447525 1.0029838437262824 -5.481064498848687
21 1.0013702963441737 -0.003989647091517528 2.384151717156719 0.003989647091517528 1.0013702963441737 -2.7287114142616815
22 1.0054166017843682 -0.004069073995111157 1.5246482942878061 0.004069073995111157 1.0054166017843682 -4.956970639082892
23 0.9985443589034937 -0.0028491375963369796 3.290628256394602 0.0028491375963369796 0.9985443589034937 -0.11898278569347992
24 1.0023816579780231 -0.00653735310300005 5.055540980794588 0.00653735310300005 1.0023816579780231 -5.121250266425147
25 0.9955306003170225 0.0017686118019257448 1.5126551239974138 -0.0017686118019257448 0.9955306003170225 3.3446930774924213
26 0.998964210217125 0.0012012829552843995 -1.017604411478685 -0.0012012829552843995 0.998964210217125 0.022278104563532568
27 0.9942262332209052 0.0036013060049224018 0.04176205905599032 -0.0036013060049224018 0.9942262332209052 5.659671559647538
28 0.9998599280788198 0.0006155605875174234 -0.3812963705265471 -0.0006155605875174234 0.9998599280788198 0.509392679238727
29 0.9941727302592424 -0.0029700016101845356 4.525791702225583 0.0029700016101845356 0.9941727302592424 2.8745189711733605
30 0.9977167893775157 -0.0002366770379386016 -0.44946262633946055 0.0002366770379386016 0.9977167893775157 2.264467763515765
31 0.9949837044113234 0.001032981334007193 0.9107391476480946 -0.001032981334007193 0.9949837044113234 3.6761931552940776
32 0.9978889683350328 0.0004715309886181376 -0.2765806758209978 -0.0004715309886181376 0.9978889683350328 1.5749885400612902
33 0.9957225173800832 0.0016254340348136938 0.937651122815923 -0.0016254340348136938 0.9957225173800832 2.7856302345006423
34 0.999004616995638 0.0007961755729937234 -0.12134115437725879 -0.0007961755729937234 0.999004616995638 0.9947871896548572
35 0.9955158979535942 0.0016704889674330106 1.7722502832696718 -0.0016704889674330106 0.9955158979535942 3.3589748224624407
36 0.9967159581565291 -0.00041186278240905056 2.568471779159132 0.00041186278240905056 0.9967159581565291 2.204657454559439
37 0.9962575301598309 -0.00028782037737428904 2.780327508672929 0.00028782037737428904 0.9962575301598309 2.7119959988081335
38 1.000274620107513 -0.004710230894184425 3.9510355712948475 0.004710230894184425 1.000274620107513 -5.505839301870729
39 0.9933175744046324 -0.0006510170162542872 4.480301022772139 0.0006510170162542872 0.9933175744046324 4.148877933980442
40 0.9992904007662254 -0.0013882871905368799 2.0171943067269003 0.0013882871905368799 0.9992904007662254 -0.7481883281785708
41 0.9982267473076991 -2.491607343988464e-05 1.000187758115272 2.491607343988464e-05 0.9982267473076991 1.3519255159818717
42 0.9974729829612198 -0.00025234813018617727 2.459799937086242 0.00025234813018617727 0.9974729829612198 1.2299115112000591
43 0.9921957558628673 0.00281406335701083 3.585056588169013 -0.00281406335701083 0.9921957558628673 8.1162657985845
44 0.9963453183129987 0.0003625631800344787 1.9344788933701755 -0.0003625631800344787 0.9963453183129987 2.1584902751673907
45 0.992736744969119 0.0005300040838392291 4.0565223674872986 -0.0005300040838392291 0.992736744969119 5.02023940699185
46 0.9977074561587007 3.5055522142369965e-05 0.8788391867691645 -3.5055522142369965e-05 0.9977074561587007 0.890569190929189
47 0.9942146298134084 -0.00044826698779202174 4.939526878517304 0.00044826698779202174 0.9942146298134084 3.492121097260922
48 0.9978858156368872 0.0015498655290307826 -1.0978701124939505 -0.0015498655290307826 0.9978858156368872 2.3746891225243973
49 0.994492970287931 -0.0004657891586491241 3.773072668640698 0.0004657891586491241 0.994492970287931 3.1422082230850554
50 0.9971232048480346 6.290902530639587e-05 1.3881961078158884 -6.290902530639587e-05 0.9971232048480346 1.4400051898737651
51 0.9942640465160244 0.0004963430946251679 2.9379026576304237 -0.0004963430946251679 0.9942640465160244 4.248180303397993
52 0.9977471964672441 0.00014255860578445812 1.004203652058209 -0.00014255860578445812 0.9977471964672441 1.7558836298934812
53 0.9969046489266116 0.0005406611990559775 0.9917581088439256 -0.0005406611990559775 0.9969046489266116 2.793791049814442
54 0.9983159725196447 0.0005755837319590591 0.14283598216870486 -0.0005755837319590591 0.9983159725196447 1.8376208782277719
55 0.9976292672054818 0.002935807923188106 -2.011314443527933 -0.002935807923188106 0.9976292672054818 4.848102828143077
56 0.9979118348161896 0.001050399573013103 0.3112696979041504 -0.001050399573013103 0.9979118348161896 3.1098211102285465
57 0.9963557066403871 0.0007204470010824976 2.125333198082002 -0.0007204470010824976 0.9963557066403871 3.598687869622353
58 0.9985330285341893 -0.00029248440526135315 0.7867989239814193 0.00029248440526135315 0.9985330285341893 1.5764028845792588
59 0.9974974390500103 -0.0017286954820028859 3.0978934052036937 0.0017286954820028859 0.9974974390500103 2.0559143015956707
60 0.9981555844346293 -0.0011347973215820512 2.4516996005596603 0.0011347973215820512 0.9981555844346293 1.6545202517346158
61 0.9961165308400716 -1.7707608268267388e-05 3.664970818179136 1.7707608268267388e-05 0.9961165308400716 2.897520701384497
62 0.9981405320236605 -0.0008087460549013011 2.677605205018621 0.0008087460549013011 0.9981405320236605 0.9869589291823874
63 0.995846833355649 -0.0005761368252934439 4.766676908388597 0.0005761368252934439 0.995846833355649 2.267838723203921
64 0.9987466234896416 -0.0010659667825557633 2.2984058302927157 0.0010659667825557633 0.9987466234896416 0.48986217832984186
65 0.9993215505898521 -0.0002232606153882159 1.4028532587504816 0.0002232606153882159 0.9993215505898521 0.8128872340682769
66 1.000140137344422 -0.004580083073006266 4.768019657301564 0.004580083073006266 1.000140137344422 -2.600441307693313
67 1.0002106831409734 -0.0010875100692119256 2.024795776328446 0.0010875100692119256 1.0002106831409734 -0.43129957038905403
68 1.0003115122045427 -0.0004118235015055248 0.9975266930767561 0.0004118235015055248 1.0003115122045427 -0.3038574572236903
69 0.9999849096728552 -0.0009075607248884249 2.1932483161314225 0.0009075607248884249 0.9999849096728552 -0.11141931683938022
70 0.9997262551753624 0.00048169890966416156 0.6245462552654065 -0.00048169890966416156 0.9997262551753624 0.5305873156238786
71 1.0002137972747052 0.001660047222042907 0.3708932297188012 -0.001660047222042907 1.0002137972747052 1.0075751126822614
72 0.9997882906736097 0.00068590203174098 0.29150159665424236 -0.00068590203174098 0.9997882906736097 0.3045809084790675
73 0.9995730656748921 0.0008226032072361898 0.14334147794698776 -0.0008226032072361898 0.9995730656748921 0.010232875520982641
74 0.999306594544133 0.0004622493315906746 0.0971278197274304 -0.0004622493315906746 0.999306594544133 -0.10335306589073824
75 0.9990222518759798 0.0004996844464410707 0.5644793389853195 -0.0004996844464410707 0.9990222518759798 0.4038938377777124
76 0.9992519169596203 -0.00023325724368444746 0.868868743141937 0.00023325724368444746 0.9992519169596203 -0.12877301209035186
77 0.9984136473837275 -0.0002198969482631025 1.7864620965857387 0.0002198969482631025 0.9984136473837275 0.8300334399008067
78 1.0000606168839554 0.00017123132550628923 -0.10531872598480274 -0.00017123132550628923 1.0000606168839554 -0.5207658760696697
79 0.9998810174178201 -3.511601604501874e-05 1.2561970253089891 3.511601604501874e-05 0.9998810174178201 -0.37785262574579176
80 0.9999320615717753 0.0003353023756544158 0.26149109045972274 -0.0003353023756544158 0.9999320615717753 -0.21327571078739282
81 0.9996569930751193 -0.001140954904307892 3.08737283407096 0.001140954904307892 0.9996569930751193 -1.813915673934389
82 0.9998454995142269 -0.0015992860628025846 2.7073282980089033 0.0015992860628025846 0.9998454995142269 -1.6451734319911826
83 1.0001855179625805 -0.002078645706706789 4.895365414083079 0.002078645706706789 1.0001855179625805 -2.661364672902703
84 1.0002804416640472 -0.0021583239625051756 3.675447097436403 0.0021583239625051756 1.0002804416640472 -2.556775715881817
85 1.0026545397831998 -0.0026150622590451053 4.408760965356901 0.0026150622590451053 1.0026545397831998 -4.510262358353684
86 0.9958512517842459 -0.006355784959191562 13.629694820149695 0.006355784959191562 0.9958512517842459 -4.392886665035805
87 1.0006526228882995 -0.0004316625939443251 3.0982880766086787 0.0004316625939443251 1.0006526228882995 -1.407527094020236
88 1.0057975226651286 -0.0016660472164963806 1.556821328912863 0.0016660472164963806 1.0057975226651286 -5.5293109853967914
89 1.0085625803623735 -0.0023848395953872913 1.0486148989518136 0.0023848395953872913 1.0085625803623735 -7.961475036442071
90 1.0036816921133418 -0.0012949179415792664 1.1279296703619544 0.0012949179415792664 1.0036816921133418 -3.6087323516407865
91 1.0095054385734006 -0.006308679077167258 3.61207828198633 0.006308679077167258 1.0095054385734006 -9.723639788942641
92 1.0030007801136607 -0.0019258324005438096 2.490844588282131 0.0019258324005438096 1.0030007801136607 -3.326472454042148
93 1.0100495457597944 -0.0049242489419224055 5.393628105898912 0.0049242489419224055 1.0100495457597944 -7.178146324229105
94 1.0040477938372512 -0.00232876979533351 1.6273043393796405 0.00232876979533351 1.0040477938372512 -3.7644166360449063
95 1.0067585331473052 -0.003060024714199381 0.16014836295251433 0.003060024714199381 1.0067585331473052 -6.932123960558516
96 1.003727100400403 -0.0028493003235944415 1.8002170780321185 0.0028493003235944415 1.003727100400403 -4.152130278706718
97 1.0016366464450595 0.0007689433182523006 -0.867759051804775 -0.0007689433182523006 1.0016366464450595 -1.0628231719258776
98 1.001256995293228 -0.0002389954046235022 0.8737418701072753 0.0002389954046235022 1.001256995293228 -1.066328188584843
99 1.0012943046657699 0.0008616412356408388 -2.0138154048345265 -0.0008616412356408388 1.0012943046657699 -0.30819365827634054
100 1.0016348761090106 0.0002689546322619631 -0.6443973568894322 -0.0002689546322619631 1.0016348761090106 -1.3820811015498606
101 0.9979697445631052 -0.0012235652828982782 3.37775796891047 0.0012235652828982782 0.9979697445631052 -0.7345113096221484
102 1.0004405391473894 2.673572389584619e-05 -0.27509241022838254 -2.673572389584619e-05 1.0004405391473894 -0.8274943479029717
103 1.0003656775681276 -5.6796642352456616e-06 -1.5799074108591362 5.6796642352456616e-06 1.0003656775681276 -0.49622819546371205
104 0.9994370816651126 -0.00021998389978174142 -0.03681206487345445 0.00021998389978174142 0.9994370816651126 0.19051067905732963
105 0.9979409066626929 -0.0016882116308792184 0.875833461137058 0.0016882116308792184 0.9979409066626929 0.610007087469616
106 0.998504840848001 -0.00026680288630627036 0.07603560255873099 0.00026680288630627036 0.998504840848001 1.4428396413718758
107 0.9988774549597277 -0.000394195642964037 -0.592782547416853 0.000394195642964037 0.9988774549597277 0.9686760148464252
108 0.9975559986113874 -0.0013942462203673553 0.8900400785365425 0.0013942462203673553 0.9975559986113874 1.9447751532699593
109 0.994005535737002 -0.0020220131831563673 3.2565465899992057 0.0020220131831563673 0.994005535737002 3.759202887690201
110 0.9967904401820987 -0.00011953894215698321 0.5964335317579299 0.00011953894215698321 0.9967904401820987 2.4376702078511303
111 0.9929266431857608 0.0006923366389351639 2.7794149104882786 -0.0006923366389351639 0.9929266431857608 5.038665172303468
112 0.9987954860927643 0.0007114624295559396 -0.9866585774017798 -0.0007114624295559396 0.9987954860927643 0.983410583053351
113 0.9939419008303403 0.0010614718606760541 2.4436877825920096 -0.0010614718606760541 0.9939419008303403 3.8916625502353352
114 0.9981017200517411 0.00031784802731641754 -0.5631839414447427 -0.00031784802731641754 0.9981017200517411 1.4972864966166322
115 0.9911791498992887 0.0005080861089319233 3.6982451657470987 -0.0005080861089319233 0.9911791498992887 6.1487532113925525
116 0.9974414322797535 0.0007329636757562135 -0.4689012316508081 -0.0007329636757562135 0.9974414322797535 2.6260956162043327
117 0.98962958915506 -0.0012255254973986235 4.982247912783302 0.0012255254973986235 0.98962958915506 6.711186455412746
118 0.9955001825795904 6.339600954866813e-05 0.5348846999017538 -6.339600954866813e-05 0.9955001825795904 3.7433157271904585
119 0.9910136593739316 -0.0012017937364951663 4.269665987956258 0.0012017937364951663 0.9910136593739316 5.549534364142298
120 0.9969567252289047 0.00037461030221574125 -0.1669241430970394 -0.00037461030221574125 0.9969567252289047 2.714589753735782
121 0.9899696757222979 -0.0003702333075878981 3.7314519389959484 0.0003702333075878981 0.9899696757222979 6.946305852124613
122 0.9931047621513859 0.0009668830779392668 0.8064425928291961 -0.0009668830779392668 0.9931047621513859 5.420744970574379
123 0.9948654104019992 -0.0006454769446592372 3.4262737837920985 0.0006454769446592372 0.9948654104019992 2.822838079371155
124 0.9949492834178153 0.0009926118273607283 1.1700995398163774 -0.0009926118273607283 0.9949492834178153 3.6891369633432882
125 0.9862712215108487 0.0057036903899820145 1.3823360865449101 -0.0057036903899820145 0.9862712215108487 9.984661861773546
126 0.9966153403102628 0.0007823198133293205 0.1765642209856194 -0.0007823198133293205 0.9966153403102628 1.9517718199327825
127 0.9892958186157584 0.0011558356463700675 2.7227953241185245 -0.0011558356463700675 0.9892958186157584 6.694302375066812
128 0.996093912035878 -0.00018189191595252333 0.811920887341136 0.00018189191595252333 0.996093912035878 2.928179639362566
129 1.0093020495620848 0.0005366421347036891 -23.578838042041333 -0.0005366421347036891 1.0093020495620848 -0.1869297743343477
130 0.9962981599998806 -0.0005530387289948259 0.7713021388022374 0.0005530387289948259 0.9962981599998806 2.854350404545359
131 1.0105167902632537 -0.0004554138884950873 -21.208558712467582 0.0004554138884950873 1.0105167902632537 -5.4061278498031875
132 1.0070299000410072 0.0008841014133214525 -14.382033933722813 -0.0008841014133214525 1.0070299000410072 -2.668167349146096
133 1.0133251500490277 -0.0015000130629823157 -27.16294658289889 0.0015000130629823157 1.0133251500490277 -11.608293822491598
134 1.003885221202189 0.0015854708175895187 -9.024941654970457 -0.0015854708175895187 1.003885221202189 -1.4518814709848926
135 1.0134708870425706 -0.0010804111320396742 -25.09001284920034 0.0010804111320396742 1.0134708870425706 -13.237523029134762
136 0.9965504586811509 0.0033059079183144937 -0.22776052053682583 -0.0033059079183144937 0.9965504586811509 3.9534541991836845
137 0.995248738304535 0.008384700448111132 -1.9891420810588634 -0.008384700448111132 0.995248738304535 7.873338069920822
138 1.0088258297287946 0.0018176602055829188 -10.582705518624008 -0.0018176602055829188 1.0088258297287946 -5.026303870023394
139 1.0080353290801187 0.00025361087556011446 -13.111728704330138 -0.00025361087556011446 1.0080353290801187 -4.925741282411283
140 1.0043741358997669 0.0021314254172207013 -5.966656237141807 -0.0021314254172207013 1.0043741358997669 -0.26092706431746027
141 1.0076076897165298 0.0036002159341283705 -8.107464038856456 -0.0036002159341283705 1.0076076897165298 1.6287796720068681
142 1.0008820932384748 0.005406941619524776 -5.36271340669855 -0.005406941619524776 1.0008820932384748 4.896015268027266
143 1.00722929524782 0.007149912960646794 -7.5576688219235 -0.007149912960646794 1.00722929524782 5.247628496469693
144 1.0027452124544518 0.0022084609575413914 -2.613847825477223 -0.0022084609575413914 1.0027452124544518 1.0700701621426154
145 1.0035440747516806 2.972167934221846e-05 -4.991991204100286 -2.972167934221846e-05 1.0035440747516806 -0.8858393298897966
146 1.0037459246136529 -0.0004897341772527393 -4.095738644046554 0.0004897341772527393 1.0037459246136529 -3.059702689348539
147 1.0030629921389618 -0.0012257556800537286 -1.2849705710039578 0.0012257556800537286 1.0030629921389618 -4.552160722386487
148 1.0031083658906794 0.0012689780478309979 -1.274426053919639 -0.0012689780478309979 1.0031083658906794 -1.8486842158670456
149 1.0018695639113209 0.0010309965603853847 -1.2781050870739556 -0.0010309965603853847 1.0018695639113209 -1.3080993821190154
150 1.0014588463104988 0.0014740761014850445 -0.4510746659719529 -0.0014740761014850445 1.0014588463104988 0.9709281741086091
151 1.0037300489519663 0.0032577756466556987 -4.3713008609132 -0.0032577756466556987 1.0037300489519663 4.110077344806004
152 1.0031519253856542 0.0022635932364381225 -3.6935672980868715 -0.0022635932364381225 1.0031519253856542 2.906676901178178
153 1.0066961634179434 0.004292517899162146 -2.912847568145114 -0.004292517899162146 1.0066961634179434 5.110573804957025
154 1.004840718127702 0.0027492837059201747 -4.720562526474131 -0.0027492837059201747 1.004840718127702 2.6788485898526755
155 1.011866458451346 0.004978015642535118 -9.53864838634557 -0.004978015642535118 1.011866458451346 1.9608645027875942
156 1.0056197073498943 0.0012924156200738621 -7.822816146597063 -0.0012924156200738621 1.0056197073498943 -0.8742182824982097
157 1.0157637907452846 0.0033266819782041377 -13.053943687261393 -0.0033266819782041377 1.0157637907452846 -4.732642617367891
158 1.0076955336836249 0.0015952392274364271 -9.102368492733213 -0.0015952392274364271 1.0076955336836249 -3.121104898778567
159 1.0140977492736571 0.002006819961940947 -17.549437065897664 -0.002006819961940947 1.0140977492736571 -7.500644455756592
160 1.0049257215825405 0.000348030429156713 -8.741439385038328 -0.000348030429156713 1.0049257215825405 -1.4698395730068192
161 1.0129384686823268 0.0018456061151910263 -18.498419682506515 -0.0018456061151910263 1.0129384686823268 -4.590946002195077
162 1.0048525948196751 0.001941519975276467 -8.341877703248162 -0.001941519975276467 1.0048525948196751 0.5480704030686054
163 1.0092661182040445 0.0037145922581705653 -15.06788148260268 -0.0037145922581705653 1.0092661182040445 3.3106014926835137
164 1.0045674431538236 0.0021685053969045555 -8.202024436174058 -0.0021685053969045555 1.0045674431538236 1.909039595603178
165 1.0119565470809777 0.0037086250036421986 -18.213041443475802 -0.0037086250036421986 1.0119565470809777 0.50936877578891
166 1.006932621169538 0.002421343131919126 -11.60270872987783 -0.002421343131919126 1.006932621169538 -0.373768256285258
167 1.0085267846577282 0.001836267874622997 -12.560903804673858 -0.001836267874622997 1.0085267846577282 -2.788192665987109
168 1.0042185498038074 0.0005464241142167444 -6.76454869171431 -0.0005464241142167444 1.0042185498038074 -2.3692468829039726
169 1.009328024036766 -0.00598834332016541 -11.68169814501147 0.00598834332016541 1.009328024036766 -11.651202208657041
170 1.0032411910579342 -0.0007601605543339752 -5.048773134907126 0.0007601605543339752 1.0032411910579342 -3.0617375184473254
171 1.006280787391 -0.0032443956584298815 -6.892978332160382 0.0032443956584298815 1.006280787391 -7.292049691673686
172 0.999069069254153 0.0010783971294633045 0.37601915021825355 -0.0010783971294633045 0.999069069254153 1.5744832626198453
173 0.9974055660318991 0.0028067778066996735 -3.2329996259816753 -0.0028067778066996735 0.9974055660318991 2.424309795760565
174 0.9971783479311465 0.004127700873415482 -1.2009197979389974 -0.004127700873415482 0.9971783479311465 7.210401433340626
175 1.0057039851712974 0.0031242202265477598 -9.038827809496713 -0.0031242202265477598 1.0057039851712974 1.2891932193972628
176 1.0019239001960953 0.001460707116964027 -4.0505900728671875 -0.001460707116964027 1.0019239001960953 1.839448538857776
177 1.0064263309585395 0.0031609016077238394 -10.92322273251899 -0.0031609016077238394 1.0064263309585395 2.9085042122118248
178 1.0018347216113046 0.0007303714021267754 -4.435320710291386 -0.0007303714021267754 1.0018347216113046 1.3323267832179173
179 0.9999238884114531 0.001739545929384037 -6.015202167754245 -0.001739545929384037 0.9999238884114531 3.9374402342503796
180 1.0013248870594529 -0.0006880783236358251 -3.0160576003764707 0.0006880783236358251 1.0013248870594529 -0.0639522181842418
181 1.000764430219226 -0.0007730445659107605 -6.1240422269476955 0.0007730445659107605 1.000764430219226 -1.0445378598313222
182 1.0025603693953564 0.0010633277094868035 -5.19918600075994 -0.0010633277094868035 1.0025603693953564 -1.6379450645781797
183 1.003982676864256 0.0013368330257495266 -7.572057774932899 -0.0013368330257495266 1.003982676864256 -2.3548325231013982
184 1.00027775549203 0.001910420131125171 -1.9791483526961864 -0.001910420131125171 1.00027775549203 1.2588267394623796
185 1.0038277849483905 0.0037895032171896574 -8.47522455833337 -0.0037895032171896574 1.0038277849483905 2.7806169454365017
186 0.998806879655668 0.000965675864944062 0.02184261703207283 -0.000965675864944062 0.998806879655668 2.2375007592546643
187 0.9945603186477158 -0.001050983501467887 2.2832612570926005 0.001050983501467887 0.9945603186477158 3.727409990624099
188 0.9979588734564386 0.0006240808317101209 1.8008808779203687 -0.0006240808317101209 0.9979588734564386 1.828546176845367
189 0.9988270766515511 0.0004983317337489928 2.1848467837279255 -0.0004983317337489928 0.9988270766515511 -0.694171118893292
190 0.998278468759345 0.0006254822063941799 2.402280595162025 -0.0006254822063941799 0.998278468759345 1.4533457266445595
191 0.9937160041235152 0.001288070832478174 8.195327705747262 -0.001288070832478174 0.9937160041235152 4.741107069534961
192 0.9982325524875686 0.0010009719270038786 1.1681491729133333 -0.0010009719270038786 0.9982325524875686 2.8519166884012415
193 0.9953147957729614 0.0007037065582049385 3.562234550535073 -0.0007037065582049385 0.9953147957729614 3.5185584831801124
194 0.9965639388864101 0.000744653044833953 1.9528008301757662 -0.000744653044833953 0.9965639388864101 3.2589805718666267
195 0.9908309016963414 0.0013312672191684947 6.246765827435484 -0.0013312672191684947 0.9908309016963414 5.788875759194305
196 0.9949611843535492 0.0005329707108023343 3.682384048360339 -0.0005329707108023343 0.9949611843535492 2.938662458750252
197 0.9918021012175814 0.0005465080312500705 5.659693592850284 -0.0005465080312500705 0.9918021012175814 4.862881929123993
198 0.9973172507499669 0.00015496172929034416 1.7128247681656381 -0.00015496172929034416 0.9973172507499669 1.1209228208538145
199 0.9955021248100651 0.0007222450526349535 2.4967550784613075 -0.0007222450526349535 0.9955021248100651 3.2498759110391133
200 0.9978691722163422 0.0004117298826974593 1.0328062450956623 -0.0004117298826974593 0.9978691722163422 1.3674259809990152
201 0.9970720009564259 0.0008622150453478128 1.326604988115017 -0.0008622150453478128 0.9970720009564259 2.767563378207442
202 0.9993530703862354 0.00015567239228249981 0.4016087770461163 -0.00015567239228249981 0.9993530703862354 0.5376174921016837
203 0.9997310856538393 0.0001381325562754572 0.7119840384196707 -0.0001381325562754572 0.9997310856538393 0.337656860444155
204 0.9999499362606842 -0.00013447523397095858 0.7431683622308064 0.00013447523397095858 0.9999499362606842 -0.16737263906586008
205 0.9997441256038032 -0.00012732859583212174 1.774690913305501 0.00012732859583212174 0.9997441256038032 0.10725460091022061
206 1.0000246159152257 -0.0002026997139086731 1.1780576888270142 0.0002026997139086731 1.0000246159152257 -0.14574480999505157
207 0.9997916755338476 -0.00034662342013623267 2.5536257276924124 0.00034662342013623267 0.9997916755338476 -0.2659518640016011
208 0.9998686431416066 9.403771920978276e-05 1.0193096331829352 -9.403771920978276e-05 0.9998686431416066 0.04836995601472127
209 0.999869685372711 -3.110115154607591e-05 1.6012139371805407 3.110115154607591e-05 0.999869685372711 -0.493505305426142
210 0.999443043577047 -0.0005802688269442428 1.720394777916748 0.0005802688269442428 0.999443043577047 -0.9730811913412247
211 1.0000817376986881 0.0003186554686433735 0.7201778876369704 -0.0003186554686433735 1.0000817376986881 0.40950527708345286
212 0.9994070321625682 9.63837332059119e-05 1.2474819929661785 -9.63837332059119e-05 0.9994070321625682 0.25162417342330085
213 1.000140009029598 0.00024132498622665393 0.34571786385762304 -0.00024132498622665393 1.000140009029598 0.13955942036040425
214 1.0001153462825298 8.859582751571731e-05 -0.21186942269635298 -8.859582751571731e-05 1.0001153462825298 -0.1346677142802571
215 1.0003868627787575 0.0002191197040025694 -0.40184749723826974 -0.0002191197040025694 1.0003868627787575 0.10675494309606978
216 1.000266871234972 -0.0004176605012657263 0.24892699650408068 0.0004176605012657263 1.000266871234972 -0.9495346198321204
217 0.9999668353241424 -0.0002410298640147981 0.08826835840555489 0.0002410298640147981 0.9999668353241424 0.09648817861948286
218 0.99981355818988 -0.00013531421252719385 0.09230529242279215 0.00013531421252719385 0.99981355818988 0.1837035515881059
219 0.9998761134522687 -6.934489448082138e-05 -0.29572305625688633 6.934489448082138e-05 0.9998761134522687 0.9113775337624681
220 0.9997388909299738 0.0001436162157188704 -0.213593618122269 -0.0001436162157188704 0.9997388909299738 0.6338107208549683
221 0.9994750960686851 -0.00020601284417222105 0.22052377138655044 0.00020601284417222105 0.9994750960686851 1.2598306866588276
222 0.9996382317534304 -0.00013718951207054435 0.300628966983612 0.00013718951207054435 0.9996382317534304 0.960546065667182
223 0.9996719049276459 0.00026487129855428066 -0.1810936582626291 -0.00026487129855428066 0.9996719049276459 1.6894511364514297
224 0.9998202943853481 -0.00023097691546158458 0.14431209615981622 0.00023097691546158458 0.9998202943853481 0.34594178777619355
225 0.9997186816706626 5.19208779110929e-05 -0.01328608594273406 -5.19208779110929e-05 0.9997186816706626 0.5187222095310563
226 0.9998065208805724 -1.567796182925102e-05 -0.10867657142221308 1.567796182925102e-05 0.9998065208805724 0.09686971474325093
227 0.999853296027358 0.00045544745452391004 -0.3960255979001262 -0.00045544745452391004 0.999853296027358 0.6155219057618059
228 1.0003329605358489 4.556997213602627e-05 -0.47679249874927576 -4.556997213602627e-05 1.0003329605358489 0.05614893453233549
229 1.0001443033078885 -2.4144706448310418e-05 -0.6436559447163295 2.4144706448310418e-05 1.0001443033078885 -0.0921671688468757
230 0.9998036730597076 -0.00018230887829663847 0.13654317218288084 0.00018230887829663847 0.9998036730597076 0.02913667154852785
231 1.0010602735677125 0.00022453393754430604 -1.361719377639519 -0.00022453393754430604 1.0010602735677125 -0.3332582900218635
232 0.9999343296840518 -3.70941104955772e-05 -0.11741096417625119 3.70941104955772e-05 0.9999343296840518 -0.1047853452274019
233 0.9986275869561562 0.0006966670546975527 0.3401632428989348 -0.0006966670546975527 0.9986275869561562 2.2584333054128383
234 0.999034587173603 0.001522482189794674 -0.479277080598006 -0.001522482189794674 0.999034587173603 2.436024488200765
235 0.9961399160960069 0.00031284844693951503 2.506614833565605 -0.00031284844693951503 0.9961399160960069 3.3609310158226524
236 0.9975476169027008 -0.0015473204028324476 3.6259955833719903 0.0015473204028324476 0.9975476169027008 0.6596201831209939
237 0.9970639590812559 -0.0022540423124169664 4.576060847008775 0.0022540423124169664 0.9970639590812559 0.24636383253943087
238 0.9972072511030964 -0.0007491391466244316 2.8006757123928208 0.0007491391466244316 0.9972072511030964 1.5458549307790788
239 0.9993182402545365 0.0007184935797562488 0.27126594289162 -0.0007184935797562488 0.9993182402545365 0.8902180219420499
240 0.9974629317828946 -0.0003353437393857487 3.479546025838495 0.0003353437393857487 0.9974629317828946 1.9294453181283118
241 0.9995326648784756 0.0008448988814288307 -0.27044525979646683 -0.0008448988814288307 0.9995326648784756 1.6795538119518534
242 1.002129153711617 -5.583491585360646e-05 -3.095882041642375 5.583491585360646e-05 1.002129153711617 -0.9915150549857872
243 0.9984558966994881 0.00048283499184663577 0.06406461799465912 -0.00048283499184663577 0.9984558966994881 1.7706968625393558
244 0.9987205634043881 0.0015508734109773942 -1.897021262229633 -0.0015508734109773942 0.9987205634043881 3.5640689533429946
245 0.9984617997473739 0.0012768260877990402 -0.8200062723542252 -0.0012768260877990402 0.9984617997473739 3.2492686598813916
246 1.00135552803029 0.0016951267977331373 -4.810804480727036 -0.0016951267977331373 1.00135552803029 1.7101258912616744
247 1.0001007814021672 0.0007909861024651211 -2.13963855705967 -0.0007909861024651211 1.0001007814021672 2.07689675502452
248 1.0010565110491396 0.0003962748671764792 -2.404565188763965 -0.0003962748671764792 1.0010565110491396 0.5912015938011763
249 0.9977971726256418 0.0019294542603804667 -0.03744219356960107 -0.0019294542603804667 0.9977971726256418 4.01583387793479
250 1.00326832438277 -0.0021244182888259 -1.3850359345307597 0.0021244182888259 1.00326832438277 -4.580162236472775
251 0.9970304673255717 0.0009295235369191987 2.039723737479767 -0.0009295235369191987 0.9970304673255717 3.2833368932422475
252 1.0006047047990518 -2.6544053604474126e-05 -0.39307274260645264 2.6544053604474126e-05 1.0006047047990518 0.6209901003744958
253 0.999766415606022 0.001432543237721991 -0.4761602375105478 -0.001432543237721991 0.999766415606022 2.465087364155849
254 1.004184933666062 0.0016934670553134226 -4.747690085442196 -0.0016934670553134226 1.004184933666062 -0.9485467223334462
255 1.0001874844126006 -0.0006778355980631505 0.6314662150797274 0.0006778355980631505 1.0001874844126006 -0.6162370002251731
256 0.999075638589158 -0.0008795320620970928 1.0163682366802491 0.0008795320620970928 0.999075638589158 0.6881155026351653
257 1.001113175234657 -0.002426233983558834 0.9607861305400823 0.002426233983558834 1.001113175234657 -1.8787522898499573
258 0.9999467059524384 0.00028213037298406633 0.5845958822315132 -0.00028213037298406633 0.9999467059524384 1.1977331363507984
259 1.0005802876476761 0.0004274435585078394 0.07881875749466905 -0.0004274435585078394 1.0005802876476761 0.6861140678501656
260 0.9992239077149555 -0.00039030536553273475 2.1133428961384446 0.00039030536553273475 0.9992239077149555 1.6983710224221205
261 0.9998387617034932 -0.0006249114793746399 0.6925559465878778 0.0006249114793746399 0.9998387617034932 0.5538338870190339
262 0.9992456663780329 -0.0017863255096713334 1.704972224888167 0.0017863255096713334 0.9992456663780329 0.4518752754411442
263 1.000464281060966 -0.0015668218026208328 0.40906038056487953 0.0015668218026208328 1.000464281060966 -0.7711853020948332
264 1.0004765320683662 0.0008583038923249792 -1.3028439059326509 -0.0008583038923249792 1.0004765320683662 1.266349003443866
265 0.99985465649187 0.0011071145809536448 -1.166757580994326 -0.0011071145809536448 0.99985465649187 0.8973973942080757
266 1.0005627921890285 -0.00018603499680227512 -1.8557642131206158 0.00018603499680227512 1.0005627921890285 0.01834544914761249
267 0.999302357044586 -0.003776860854336408 1.636345837227205 0.003776860854336408 0.999302357044586 -3.5509190435992513
268 0.9989857182090666 0.0003936925784604221 -0.5236847306521923 -0.0003936925784604221 0.9989857182090666 2.3704242526363273
269 0.9999920038006133 -0.0009000647341236864 0.2279075558849879 0.0009000647341236864 0.9999920038006133 -0.1178626275273138
270 0.9976603787078634 -0.004577158503112415 5.739817937913796 0.004577158503112415 0.9976603787078634 -1.1227622405024733
271 1.000014394870273 -0.0007900177293609548 0.30966560500925355 0.0007900177293609548 1.000014394870273 1.0138976917208595
272 1.0010298417300263 -0.001378932162237726 -0.15364785866434424 0.001378932162237726 1.0010298417300263 -0.11248393456262225
273 1.000068158830889 0.00036417890436848027 -0.8160376361041518 -0.00036417890436848027 1.000068158830889 0.6854626364421975
274 0.9994589675295222 0.000433400716169473 -1.0513626440237596 -0.000433400716169473 0.9994589675295222 0.4899285899936747
275 0.9993613249357817 0.000402309045515918 -0.034645273203032234 -0.000402309045515918 0.9993613249357817 0.5543863658577033
276 0.999192230449109 -0.0004723277277043222 0.34850997623463753 0.0004723277277043222 0.999192230449109 -0.4082419872176094
277 0.9993807748453 -0.0001525656685044863 0.25338392395488585 0.0001525656685044863 0.9993807748453 -0.5407563637685578
278 0.9988213871738508 -0.0009748347108790214 1.135308388066969 0.0009748347108790214 0.9988213871738508 -0.5178075441408942
279 0.9987247202049443 1.4512586594253939e-05 0.3968839903309 -1.4512586594253939e-05 0.9987247202049443 0.012286816460037578
280 0.9974541087818984 0.0008112266610071267 -0.21977123973695997 -0.0008112266610071267 0.9974541087818984 2.3891581184979143
281 0.9978808402590126 0.00036396752335965366 0.2832835080241223 -0.00036396752335965366 0.9978808402590126 1.727417760103982
282 0.9979668780974364 -0.0006148805582619758 0.09370896132097828 0.0006148805582619758 0.9979668780974364 1.0081401623040205
283 0.9979384935898007 -0.0008252945345063081 0.9747381821102316 0.0008252945345063081 0.9979384935898007 1.1383711339608185
284 1.0000028332055708 -0.0011930356829333005 -1.3155267761174219 0.0011930356829333005 1.0000028332055708 -0.11645340103421153
285 0.9990294416211447 -0.002017545030932934 0.4843682803880878 0.002017545030932934 0.9990294416211447 -0.7793661592918171
286 0.9927744943140084 0.00115965635742579 8.713168357537082 -0.00115965635742579 0.9927744943140084 10.637434753056942
287 0.9991938713574469 0.002754666107150143 -2.7828397242296967 -0.002754666107150143 0.9991938713574469 6.617853857266682
288 0.9992959030518744 -0.0045073189007419105 2.55173648831419 0.0045073189007419105 0.9992959030518744 1.7559362718910794
289 1.0017339143140975 -0.0024858348205270297 -0.5723965857074094 0.0024858348205270297 1.0017339143140975 -1.1402489446791364
290 0.9997371011928545 -0.0009156021536140058 -0.6424734823607197 0.0009156021536140058 0.9997371011928545 3.2467821722983814
291 1.0003729058363346 -0.0009116490796382972 0.022937087126838254 0.0009116490796382972 1.0003729058363346 0.6720248464218226
292 0.9967945666683732 -0.00403874517759182 5.722942376225259 0.00403874517759182 0.9967945666683732 1.6738009783594716
293 1.0003489427512633 -0.0009924675247532924 0.13917626684111228 0.0009924675247532924 1.0003489427512633 0.35643969163041467
294 1.0022272305291917 -0.0020444238259585412 -1.25164448541012 0.0020444238259585412 1.0022272305291917 -0.30200341127708163
295 1.0013601232239848 -0.0007333411138331128 -1.3287200912572752 0.0007333411138331128 1.0013601232239848 0.038958807946566386
296 1.0002661475399126 -0.0007142430989236744 0.44984819464441594 0.0007142430989236744 1.0002661475399126 2.25032578179151
297 1.0006895765123982 -0.00017424124512070157 0.1675065544303763 0.00017424124512070157 1.0006895765123982 0.5938167854358035
298 1.0021149270282743 0.0008670125298554757 -2.1265695927013626 -0.0008670125298554757 1.0021149270282743 2.065693962290027
299 1.0000211505278758 0.0004320926940013693 0.18502454300193308 -0.0004320926940013693 1.0000211505278758 2.329566197619372
300 1.000202857501554 -0.0003715171350570799 1.813728503341974 0.0003715171350570799 1.000202857501554 2.301357077271746
301 0.9999852704030912 0.00036257706041714074 -0.07912709582975574 -0.00036257706041714074 0.9999852704030912 1.4151648478234249
302 1.0009281734465356 0.0006284329675003267 -0.7374036326632302 -0.0006284329675003267 1.0009281734465356 2.017049267453004
303 0.9982586655289886 0.0002669268993488608 1.5149891161509843 -0.0002669268993488608 0.9982586655289886 1.9489096625691085
304 0.996231018531277 -0.0014049606962307144 5.9060424342405655 0.0014049606962307144 0.996231018531277 1.695663931110491
305 0.998764979034107 -0.0005715271857697779 2.704029199087064 0.0005715271857697779 0.998764979034107 0.18577489623015628
306 0.998639899133353 -0.0001389388607105411 3.783941286439025 0.0001389388607105411 0.998639899133353 -0.01700513004273352
307 0.9981843580779065 -0.00037560502983619384 2.8533812964949177 0.00037560502983619384 0.9981843580779065 0.717346559177741
308 0.9997502833435902 -0.00023768059497518385 0.9505952076177548 0.00023768059497518385 0.9997502833435902 0.047034345332903627
309 0.9994728540990094 -0.0004181816025176552 0.9888443160013092 0.0004181816025176552 0.9994728540990094 0.0704667591556989
310 0.9982001840120954 -0.0014770354236384828 3.463987224989118 0.0014770354236384828 0.9982001840120954 0.04627814742627472
311 1.0001287203191616 -0.0011235222457057347 0.9483455311977438 0.0011235222457057347 1.0001287203191616 -1.2167929463315046
312 1.0057300780400085 -0.0018876896752036167 -3.949278931995844 0.0018876896752036167 1.0057300780400085 -7.909907569741323
313 1.0021981892534075 -0.0020192337546970345 -0.37898591193134745 0.0020192337546970345 1.0021981892534075 -4.645931501869101
314 1.0067488572331091 -0.00047587786380359103 -6.089587093959938 0.00047587786380359103 1.0067488572331091 -7.701347414193826
315 1.0030374854322932 -0.0007485733805489463 -1.9461452155339316 0.0007485733805489463 1.0030374854322932 -3.86859653642901
316 1.0083692707173815 -0.000756383098534502 -7.17331250210733 0.000756383098534502 1.0083692707173815 -8.694373530621148
317 1.0031870935219354 -0.00039647303525496187 -2.7088728511647293 0.00039647303525496187 1.0031870935219354 -2.600230553623597
318 1.0039340355116366 -0.0009679366404888579 -2.664588113690976 0.0009679366404888579 1.0039340355116366 -3.0885014932250794
319 1.0029047483535627 -0.0008384372756395745 -1.68364653034663 0.0008384372756395745 1.0029047483535627 -1.7971071900455708
320 0.9996708326411731 -0.0009763267651118073 1.7620354898484951 0.0009763267651118073 0.9996708326411731 1.661746248239688
321 1.0008830377474118 -0.00016116629993094477 -0.9340690913755394 0.00016116629993094477 1.0008830377474118 0.9224260289558506
322 1.000575707068611 -0.0008088875765768265 0.19686198644849529 0.0008088875765768265 1.000575707068611 2.031479804784281
323 1.0011129924910058 0.0009390910136856472 -1.9105726321563314 -0.0009390910136856472 1.0011129924910058 1.9965200832497332
324 1.0003266204275507 0.00013108715282515504 -0.6912861915864111 -0.00013108715282515504 1.0003266204275507 1.0419583801278363
325 1.0007223502155755 0.0009501191938656511 -1.4445074597242462 -0.0009501191938656511 1.0007223502155755 3.0073359205189605
326 0.9992508883341981 -0.0007391294535865319 0.7767511400981798 0.0007391294535865319 0.9992508883341981 0.9830469291914684
327 0.998771865196607 0.00032440636559731085 0.5942662484208816 -0.00032440636559731085 0.998771865196607 3.24725111282493
328 0.9971516472322658 -0.0009786365701637872 2.815183604135185 0.0009786365701637872 0.9971516472322658 3.258891444937706
329 0.9974163148284257 -0.0006075658678568871 3.119176844866383 0.0006075658678568871 0.9974163148284257 2.568875035763908
330 0.9987664593262404 0.0003737404721010552 0.6092589135701101 -0.0003737404721010552 0.9987664593262404 2.2913095913246186
331 0.9986146319806974 -0.0003180302896253876 1.5959309532111103 0.0003180302896253876 0.9986146319806974 1.1277784032529334
332 0.9998854500940157 -1.4927366484066203e-05 0.3014268140463825 1.4927366484066203e-05 0.9998854500940157 0.6584299288630031
333 1.0000743863794326 0.0003719326001845512 -0.5805972088081437 -0.0003719326001845512 1.0000743863794326 0.7685290708086768
334 0.9988118762825552 0.00039626673456856905 0.8163114841736814 -0.00039626673456856905 0.9988118762825552 2.34443962487757
335 0.9989107011820568 5.0207985618922316e-05 1.2736971566998954 -5.0207985618922316e-05 0.9989107011820568 1.325449223591753
336 0.9982803973166453 -7.117045039566804e-05 1.880188304534177 7.117045039566804e-05 0.9982803973166453 1.4186339831801347
337 0.998559856638662 -0.00025015328206106014 1.7204994377970728 0.00025015328206106014 0.998559856638662 0.513218240085078
338 0.9983754791314298 -0.0009298017631496351 3.0188973206845238 0.0009298017631496351 0.9983754791314298 0.47625957046621575
339 0.9978748563612758 -0.00030462279654623343 2.75732476755587 0.00030462279654623343 0.9978748563612758 1.4675567327281687
340 0.9975437136277742 0.001350288682913014 1.062991135200019 -0.001350288682913014 0.9975437136277742 3.701543928527208
341 0.9982922401863309 0.0009048962523736379 0.8102760561117641 -0.0009048962523736379 0.9982922401863309 2.2078417362791622
342 0.9987214717373142 0.0014075851553199186 1.2058379475863277 -0.0014075851553199186 0.9987214717373142 1.487142276447436
343 0.9998039909475344 0.0003544937921292414 0.17880228238038537 -0.0003544937921292414 0.9998039909475344 0.09061482466661426
344 0.9995008163913557 0.00032335877992138403 1.1928039548918943 -0.00032335877992138403 0.9995008163913557 0.35028101265250927
345 0.9987005514184577 0.0007102399493769808 1.4104136720806064 -0.0007102399493769808 0.9987005514184577 0.8749459690271637
346 0.9990125032379289 0.001458290281526943 0.6844811996527626 -0.001458290281526943 0.9990125032379289 2.130621804218064
347 0.9968711151699606 0.0009675000406249947 2.5271825946709736 -0.0009675000406249947 0.9968711151699606 2.1092858185277352
348 0.9993553706851593 0.001488813789208489 1.533383039419212 -0.001488813789208489 0.9993553706851593 1.363262794809237
349 0.9974131527815012 0.00131272418914734 2.3522777945464086 -0.00131272418914734 0.9974131527815012 0.5031396367986045
350 0.9974101856409171 0.005276334913063332 1.5755968677325534 -0.005276334913063332 0.9974101856409171 3.4044531246498666
351 0.9993661215480318 0.0002252019586448121 1.554808701731594 -0.0002252019586448121 0.9993661215480318 -0.710952059186034
352 1.0014224332120407 -0.0014400218857218228 1.4096181180596234 0.0014400218857218228 1.0014224332120407 -2.7896580069043133
353 0.9997657090673451 0.0008217620343901022 0.4813574300619013 -0.0008217620343901022 0.9997657090673451 0.6505465238296814
354 1.0001799521416603 0.001708022205613364 0.43580119311326676 -0.001708022205613364 1.0001799521416603 1.0401648027214956
355 0.9999839587758711 0.0011319926602304927 -0.121023340854022 -0.0011319926602304927 0.9999839587758711 1.4548434810541875
356 1.0007398748809717 0.0020154737696414303 -1.4306708607279888 -0.0020154737696414303 1.0007398748809717 1.2512643331061044
357 0.999434384131866 0.0012070797007141577 0.10811515836871206 -0.0012070797007141577 0.999434384131866 0.9825137725801162
358 0.998153466064652 0.002995676406556437 1.0727245092571087 -0.002995676406556437 0.998153466064652 3.418255349854962
359 1.0017797060958327 0.002185934448150379 -2.9374898869031 -0.002185934448150379 1.0017797060958327 0.4247195640261018
360 1.0008440363073976 0.0008272329771090501 -0.27035111393599554 -0.0008272329771090501 1.0008440363073976 0.9881068032176457
361 1.0012509414957862 -0.0021686533246223615 1.0925336552450453 0.0021686533246223615 1.0012509414957862 -1.3763836052241665
362 0.9993145111169112 0.0012646370072793226 1.7438654835576584 -0.0012646370072793226 0.9993145111169112 3.1919694446489277
363 1.000471507025703 -0.0003556836406701606 0.6172130716051553 0.0003556836406701606 1.000471507025703 1.3489962561383253
364 1.000895961819062 0.0003965435461275515 0.016624299976673314 -0.0003965435461275515 1.000895961819062 0.9091866117690128
365 0.9999795088674979 -0.0014277550616223398 1.733420305187149 0.0014277550616223398 0.9999795088674979 0.003279597928844691
366 1.0000981395284125 -3.353593830884146e-05 0.8780373318976697 3.353593830884146e-05 1.0000981395284125 0.5013247767124563
367 0.9991261318513781 0.0010831618310744911 0.8362967291958479 -0.0010831618310744911 0.9991261318513781 1.3091131895106425
368 0.9996342789140181 0.0007187653350096733 1.2474968770330395 -0.0007187653350096733 0.9996342789140181 0.5661811338127503
369 0.9981233330039506 0.00048795206492990145 2.46313602131609 -0.00048795206492990145 0.9981233330039506 0.3572117506422914
370 0.9970079454299395 0.0001501462663518641 4.000957580748961 -0.0001501462663518641 0.9970079454299395 0.662255079310462
371 0.9981802718676553 0.001956165053237654 0.6489292171096825 -0.001956165053237654 0.9981802718676553 0.8862247431385494
372 1.0026417519728066 -0.0022320263934677816 -0.16333782435640784 0.0022320263934677816 1.0026417519728066 -5.656348153964553
373 1.000701872258322 0.0003201098134753861 -0.7326189228220075 -0.0003201098134753861 1.000701872258322 -1.5660317624091515
374 1.0054532525071962 -0.0002139646661703114 -3.8015122417716656 0.0002139646661703114 1.0054532525071962 -6.917781083301209
375 1.0014873935522155 0.0004915501731994528 -1.7756665556100077 -0.0004915501731994528 1.0014873935522155 -1.2615318547913568
376 1.0018358810650587 0.0005598003767267511 -1.5462525300402343 -0.0005598003767267511 1.0018358810650587 -0.3045961711236468
377 1.0006311220718953 0.001339571427996966 -1.868480616313764 -0.001339571427996966 1.0006311220718953 1.2248990515133686
378 1.001064577636689 0.002832983892843762 -3.4110833957757336 -0.002832983892843762 1.001064577636689 1.271532287883857
379 1.0012208153465252 -0.00013056727397101064 -0.9743159022191403 0.00013056727397101064 1.0012208153465252 -1.7073304410760104
380 1.0007183135876896 0.0007240524371324924 -0.8838474031099414 -0.0007240524371324924 1.0007183135876896 -0.5949841734461424
381 1.0001164505033797 -0.0017786922500974993 1.8647966311489295 0.0017786922500974993 1.0001164505033797 -1.670647516779463
382 0.9961446791914023 -0.006349972142571375 7.192292405627989 0.006349972142571375 0.9961446791914023 -0.017431901299808983
383 0.9988841871063229 -0.005534687567299432 5.063708674587048 0.005534687567299432 0.9988841871063229 1.278773332502412
384 0.998170658328402 -0.012738748645090146 11.87010760609701 0.012738748645090146 0.998170658328402 -5.433940600574761
385 1.000420713129542 0.0005045947438116837 -1.0879537918868167 -0.0005045947438116837 1.000420713129542 1.5760308007066448
386 1.0003799742427708 -0.0005362705593616674 -0.050024680719085834 0.0005362705593616674 1.0003799742427708 -1.1495885217136408
387 0.9996083608601656 -0.0014392281347289607 1.6751462027582074 0.0014392281347289607 0.9996083608601656 -3.2621372114618215
388 1.0014398759431242 -0.000834651278946602 -1.7875840924290811 0.000834651278946602 1.0014398759431242 -3.8410821541148312
389 1.0005745628113678 0.00043762197726160326 -1.6073369239593656 -0.00043762197726160326 1.0005745628113678 -1.7270672317224376
390 1.0009539877443394 -0.0008658487099789608 -1.9199362608659933 0.0008658487099789608 1.0009539877443394 -4.053034914430162
391 1.0007711206457373 -0.0014445899729283404 -0.4410855178486126 0.0014445899729283404 1.0007711206457373 -3.9987919875154647
392 1.0076482763816943 0.0006472088494364368 -9.000753083304303 -0.0006472088494364368 1.0076482763816943 -8.466425174243819
393 1.0029071660993725 0.00028722583410725527 -3.041050471533068 -0.00028722583410725527 1.0029071660993725 -1.8221289269864693
394 1.0031165681216965 -0.01786526136920257 10.839218902034279 0.01786526136920257 1.0031165681216965 -16.007397719109978
395 1.0007007759682518 -0.0037144466396193945 1.5773548333499976 0.0037144466396193945 1.0007007759682518 -0.4640608175206259
396 0.9968785756927698 -0.0074155631002245734 7.065264000649617 0.0074155631002245734 0.9968785756927698 0.4975280700246413
397 1.0015192406519224 -0.005853105453297284 3.1352886153074397 0.005853105453297284 1.0015192406519224 -6.420643692254111
398 1.002627032120235 -0.0005046287475641225 -2.576269879027254 0.0005046287475641225 1.002627032120235 -4.242521983482502
399 1.006832730671178 0.0013698465897718844 -8.61345736117807 -0.0013698465897718844 1.006832730671178 -6.61333592483796
400 1.0006642801320902 -0.000268386499815042 -0.866057665928114 0.000268386499815042 1.0006642801320902 -1.728860252718818
401 1.0045739741644366 0.0023671581950913366 -6.892792246164708 -0.0023671581950913366 1.0045739741644366 -3.130655216504306
402 1.0023837142180434 -0.0002828729945621866 -2.7857816704356497 0.0002828729945621866 1.0023837142180434 -4.045806278549762
403 1.0023018328522333 -0.0015308590561867287 -1.2567777508452411 0.0015308590561867287 1.0023018328522333 -3.6022019887174817
404 1.003473785907366 -0.008528404468806036 3.2097849515647017 0.008528404468806036 1.003473785907366 -10.897820784676401
405 1.00173634593884 -0.003119425955713075 1.3184690649776731 0.003119425955713075 1.00173634593884 -3.6161068334721063
406 0.9991527150746516 0.0011489414769552514 -0.3440490755958948 -0.0011489414769552514 0.9991527150746516 2.0889623115215765
407 1.004801717069884 -0.006530110218436701 1.4350118097563156 0.006530110218436701 1.004801717069884 -6.6251754267675596
408 1.0033373677109492 -7.207886031524373e-07 -0.8737511943978998 7.207886031524373e-07 1.0033373677109492 -3.0098267521592446
409 1.0106159212806403 0.0009976292028744918 -8.604310166585739 -0.0009976292028744918 1.0106159212806403 -10.093088192544911
410 1.0205427421428543 0.007082980998148676 -16.52621556642598 -0.007082980998148676 1.0205427421428543 -17.161068306427907
411 1.0082240321478613 0.0022471864512322295 -5.993457814428924 -0.0022471864512322295 1.0082240321478613 -9.0674308255131
412 1.0030324680988103 -0.007555128309253586 3.901685740894912 0.007555128309253586 1.0030324680988103 -15.189783806775237
413 1.0013343542378244 0.0019976151981030052 -2.2294735818411366 -0.0019976151981030052 1.0013343542378244 -0.6820379175775075
414 1.005342917634581 0.0021582757677551107 -6.047165935800058 -0.0021582757677551107 1.005342917634581 -4.142270513235743
415 1.0039952203116433 0.0011851110722221627 -4.597583124917396 -0.0011851110722221627 1.0039952203116433 -3.382255174986077
416 1.0038975698870647 -0.001330127560025301 -3.2066716120953247 0.001330127560025301 1.0038975698870647 -5.341402396492477
417 1.003151793087182 -0.0018599800374250813 -1.9326634378544136 0.0018599800374250813 1.003151793087182 -3.9276149407183056
418 1.0011960127734079 -0.002262523648602736 -1.819676909888173 0.002262523648602736 1.0011960127734079 -2.9642061552205563
419 1.001945304852234 -0.000858876471577761 -1.861769213811654 0.000858876471577761 1.001945304852234 -1.5992900010981925
420 1.0025885223291362 -0.002603305008625518 -3.7650277026111243 0.002603305008625518 1.0025885223291362 -3.764019276227586
421 1.0000594394723241 -0.00041710203072936434 -1.4417504393975913 0.00041710203072936434 1.0000594394723241 -0.9247121561540534
422 1.0223141884878357 -0.014403476559994337 -15.233418074017727 0.014403476559994337 1.0223141884878357 -38.8702169211688
423 1.002831435690748 0.005090841575828191 -8.314334986382665 -0.005090841575828191 1.002831435690748 -0.0031594876882570207
424 1.0221900090971856 0.02177693126832295 -41.83285563913656 -0.02177693126832295 1.0221900090971856 -1.1969619993008471
425 1.0006725757994621 0.00141978507028584 -2.9818352047905 -0.00141978507028584 1.0006725757994621 0.1627853524225347
426 0.999410944011607 0.003292466562115952 -2.5850726636491537 -0.003292466562115952 0.999410944011607 3.01452296382058
427 1.0027716949684984 -0.001683081012118022 -1.0093205814295096 0.001683081012118022 1.0027716949684984 -4.843148287662914
428 0.999794102739222 -0.012758074438467456 11.800589492345038 0.012758074438467456 0.999794102739222 -11.871129691467454
429 1.009055700007899 -0.0026110481231730338 -4.4898780715159905 0.0026110481231730338 1.009055700007899 -9.207168374660236
430 1.0162382400139667 -0.004367303802178247 -3.925295063988362 0.004367303802178247 1.0162382400139667 -17.08547525712175
431 1.0006234757620587 -0.0007969895594478553 1.155066068003687 0.0007969895594478553 1.0006234757620587 -0.9082058276698438
432 1.0023643698435947 0.0016614332283658093 -0.20624117634067896 -0.0016614332283658093 1.0023643698435947 -1.026371101561438
433 0.9997430296835351 -0.0003208652095481069 2.2360001947138044 0.0003208652095481069 0.9997430296835351 0.1893403340572002
434 0.9848280758083181 -0.0028574748960265395 26.342994684358214 0.0028574748960265395 0.9848280758083181 9.34510758538538
435 0.9975768557820653 0.0006102687613759455 5.323213875579874 -0.0006102687613759455 0.9975768557820653 2.3360106943747616
436 1.0152055098200157 0.002812709305089306 -10.220718886497497 -0.002812709305089306 1.0152055098200157 -11.751320082948599
437 0.9997452625836333 -0.0016130546289558432 4.431421020034857 0.0016130546289558432 0.9997452625836333 -3.2129061808660824
438 0.9988822062338387 -0.0002669322299227654 5.550235581844238 0.0002669322299227654 0.9988822062338387 0.2431703124898871
439 1.010730775063494 -0.0018615136282614873 -5.794845112568501 0.0018615136282614873 1.010730775063494 -13.478059952375808
440 1.0272327610430847 -0.02482458938943328 -2.5666503035317754 0.02482458938943328 1.0272327610430847 -56.09390778489539
441 1.0104729107860952 -0.0034106658502131588 -4.181331981231288 0.0034106658502131588 1.0104729107860952 -15.76182168824363
442 1.0070263679056797 0.004460924808849506 2.6325695034593477 -0.004460924808849506 1.0070263679056797 -9.96513078999409
443 0.9983972855231323 -0.0008943574602912111 4.677873298211131 0.0008943574602912111 0.9983972855231323 -0.4037661231444476
444 1.0023087301269191 -0.0023671215899354375 0.38820412374506325 0.0023671215899354375 1.0023087301269191 -3.623286734569956
445 0.9932044138147114 1.5022385836877157e-05 8.092687754542283 -1.5022385836877157e-05 0.9932044138147114 7.215787425988701
446 0.9993050031917149 0.0015159599275059584 0.5124129472214481 -0.0015159599275059584 0.9993050031917149 3.1884222649514267
447 1.0000206586002238 0.0004759159327466047 -0.24225979239480255 -0.0004759159327466047 1.0000206586002238 1.684748944149812
448 1.00177379095991 -0.0011127685250683444 -1.4845860290178996 0.0011127685250683444 1.00177379095991 -1.4666115255824583
449 0.9935301992923253 -0.0011356065378828484 9.808409861817271 0.0011356065378828484 0.9935301992923253 7.335390215825036
450 1.0009352380338061 0.0005823544366367893 -2.49933624819286 -0.0005823544366367893 1.0009352380338061 0.08211880364025476
451 1.001090676157311 0.000356710252213721 -1.0470318744047713 -0.000356710252213721 1.001090676157311 -0.2369982452590001
452 1.0019022595346112 0.000806606053499131 -4.280184569176434 -0.000806606053499131 1.0019022595346112 -0.22762491199092771
453 1.0001309372196063 4.3846277441940895e-05 -1.1984697251013374 -4.3846277441940895e-05 1.0001309372196063 -0.8692038040039705
454 1.0011914106625237 0.0008270828774882165 -4.674187532007671 -0.0008270828774882165 1.0011914106625237 -0.2841313679717925
455 1.0003448114485385 0.0002320982262869061 -1.7821167507106213 -0.0002320982262869061 1.0003448114485385 0.13044113503378105
456 1.00085246635947 0.0014111278170338508 -5.3573152091848595 -0.0014111278170338508 1.00085246635947 1.5567927751173103
457 1.0000282956045103 0.0003252636682091461 -1.7681740845243392 -0.0003252636682091461 1.0000282956045103 0.4315952397322335
458 1.0003765699018072 0.0008035266675988486 -4.619957378035653 -0.0008035266675988486 1.0003765699018072 0.6307670917020165
459 0.9998822030756248 0.0006392790427250493 -1.9014275999129384 -0.0006392790427250493 0.9998822030756248 0.8969382585514815
460 0.9998124962122372 0.0014384404792128548 -5.6628334740600055 -0.0014384404792128548 0.9998124962122372 1.8931202141730388
461 0.9993780666536846 0.0008871496979516842 -2.3231039448157618 -0.0008871496979516842 0.9993780666536846 1.5490282184987376
462 0.999551965748368 0.0014597073572663157 -5.939837400684177 -0.0014597073572663157 0.999551965748368 1.7269488512912163
463 0.9997809580309482 0.0006363911756685942 -3.1109496015032128 -0.0006363911756685942 0.9997809580309482 0.6521101507750201
464 0.9997187912636546 0.0011869753336583313 -7.001883005903126 -0.0011869753336583313 0.9997187912636546 1.0638685947250663
465 1.0000020360340591 0.0006148224322008103 -3.666530833608813 -0.0006148224322008103 1.0000020360340591 0.4266090076146314
466 0.9995810720291874 0.001086129635648201 -6.357017651222024 -0.001086129635648201 0.9995810720291874 1.2607635419729641
467 0.9999933814935551 0.0003478089322364643 -3.6732196028543003 -0.0003478089322364643 0.9999933814935551 0.3784882527923057
468 0.9996785130120841 -7.104677097551364e-05 -6.218484453327044 7.104677097551364e-05 0.9996785130120841 0.014581839447754374
469 0.9996813678379056 0.0004662185763307412 -3.330711043064966 -0.0004662185763307412 0.9996813678379056 1.137818035043508
470 0.9999122566234679 0.001237641688241142 -7.6781281516726 -0.001237641688241142 0.9999122566234679 0.15175056965554864
471 0.9999191909741301 0.0014111519273875513 -5.023969197657609 -0.0014111519273875513 0.9999191909741301 1.430330576203295
472 0.9996850383972113 0.00046149354366293845 -6.89385803895484 -0.00046149354366293845 0.9996850383972113 0.48678631386569193
473 1.0001414476118706 0.0008169031713212338 -4.494274154464964 -0.0008169031713212338 1.0001414476118706 0.6419341413863977
474 1.0006822212067736 0.0016420527706187183 -9.355238802389216 -0.0016420527706187183 1.0006822212067736 0.3043901612945102
475 0.9993302569683161 0.0003680556888037746 -2.9660540851338375 -0.0003680556888037746 0.9993302569683161 -0.522262038818408
476 0.9997969606119276 -0.00020768280548268407 -6.32460039287616 0.00020768280548268407 0.9997969606119276 -2.0139946937638373
477 0.9995295569905491 0.0004930094530493283 -3.3016688489972283 -0.0004930094530493283 0.9995295569905491 -1.0179642670962832
478 0.9981562872077323 -0.0010140408653387216 -4.182636052755155 0.0010140408653387216 0.9981562872077323 -1.4097697772840418
479 1.0010530810485072 -0.0036644508913138032 0.07848597713211947 0.0036644508913138032 1.0010530810485072 -8.235141100444434
480 1.0007274172833516 -0.0018996787048379832 -1.3754510540228855 0.0018996787048379832 1.0007274172833516 -4.806605261646921
481 1.0014298364833374 0.0007348798747508624 -3.6884754312575287 -0.0007348798747508624 1.0014298364833374 -1.6862109357824044
482 0.9987358347634745 -0.002063867309211114 3.796567394906827 0.002063867309211114 0.9987358347634745 -1.106084589458291
483 0.999785844965088 -0.001831836367686935 2.585319277036049 0.001831836367686935 0.999785844965088 -0.9964211595081836
484 1.0003130464069319 -0.0010242939400613427 4.267219999981623 0.0010242939400613427 1.0003130464069319 -0.3956841506261164
485 1.0001483681071441 -0.0018568314696190665 3.924141048443813 0.0018568314696190665 1.0001483681071441 -1.553726154670037
486 1.0003825339023666 -0.003206086826472975 7.634128674409938 0.003206086826472975 1.0003825339023666 -4.006613966291869
487 1.001724912593169 -0.0037652748608491167 3.1695818592414544 0.0037652748608491167 1.001724912593169 -5.414466233193197
488 1.001417261155811 -0.0018086094406640587 2.6841805548947284 0.0018086094406640587 1.001417261155811 -4.487812905926777
489 1.001702712937048 -0.0015803509957761246 -0.2403004131873816 0.0015803509957761246 1.001702712937048 -5.348580636226405
490 1.002436388642908 0.0026249879617185725 -2.4187606355024385 -0.0026249879617185725 1.002436388642908 -1.5492195880519322
491 1.002064025458957 -0.0010746248020521009 -0.7283059092756997 0.0010746248020521009 1.002064025458957 -3.5577225141018425
492 1.0010833133004913 -0.0010618533972283602 3.2622250372099297 0.0010618533972283602 1.0010833133004913 -1.7548492591676363
493 1.002639562908334 -0.0019000636723936026 -0.3368205375053748 0.0019000636723936026 1.002639562908334 -4.189247745602488
494 1.0130992495981792 2.6914887799403173e-05 -12.766715090948841 -2.6914887799403173e-05 1.0130992495981792 -8.53180332349196
495 1.0033745006139565 -9.130146905525017e-05 -3.922288210490957 9.130146905525017e-05 1.0033745006139565 -2.481460703754241
496 1.004454596117147 0.0032494627650528924 -5.860173613417684 -0.0032494627650528924 1.004454596117147 0.012943293583934312
497 1.0033491915649293 0.003065454474332212 -6.01052948683478 -0.003065454474332212 1.0033491915649293 1.7037618078619157
498 1.0007007631495688 -7.740590279556456e-05 0.9164552591468719 7.740590279556456e-05 1.0007007631495688 0.19429042974833383
499 1.0005388197019198 0.0031732769914501924 -3.043197802399519 -0.0031732769914501924 1.0005388197019198 3.1446586425289196
500 1.0011187443736718 0.0005230877237649037 -0.29940264409745043 -0.0005230877237649037 1.0011187443736718 -1.1951854497155243
501 1.0011532851161709 -0.0009899586316889876 -1.6461249041549009 0.0009899586316889876 1.0011532851161709 -3.758475427134888
502 1.0016878622534466 0.0006550843484312804 -3.2125101331154777 -0.0006550843484312804 1.0016878622534466 -3.172043643542555
503 0.9996052225135735 -0.0012643321370590485 0.7331818123813444 0.0012643321370590485 0.9996052225135735 -3.860855173547391
504 1.0049926636041246 0.0015470776092368777 -8.700444017374885 -0.0015470776092368777 1.0049926636041246 -3.315024078679765
505 1.0012983887699798 -0.0002534897335241773 -1.0621207562512622 0.0002534897335241773 1.0012983887699798 -2.1352240818993993
506 1.0019984338278713 0.0015152436762299888 -2.6100790855213103 -0.0015152436762299888 1.0019984338278713 -0.10389754732983802
507 1.0027053871520504 0.00046252078000352104 -2.88599543794722 -0.00046252078000352104 1.0027053871520504 -1.151584990598634
508 1.0016552053889298 -0.00015225926720838603 1.3355533459034863 0.00015225926720838603 1.0016552053889298 -0.9354455148049927
509 1.0015318720633672 0.002353676380185642 -2.7701805528057304 -0.002353676380185642 1.0015318720633672 2.295254258642464
510 0.9964024516465021 0.001957437384505039 2.0349621234827313 -0.001957437384505039 0.9964024516465021 4.15883702338676
511 0.9989524616985176 -0.0005653242574402968 0.789095953576687 0.0005653242574402968 0.9989524616985176 -1.217221148769633
512 0.9984815732043353 0.001655753338026189 -1.0496898866971018 -0.001655753338026189 0.9984815732043353 0.2186551812290704
513 0.9993335871524462 -0.0065946850842159635 4.02663872378192 0.0065946850842159635 0.9993335871524462 -6.279120060210147
514 1.000218444488042 0.0015997023621232979 -0.8293559915498995 -0.0015997023621232979 1.000218444488042 1.6436144778771191
515 1.0010480727276425 0.0017063455990961513 -3.0360460212151206 -0.0017063455990961513 1.0010480727276425 3.0537655524429854
516 0.9971560602935131 0.0004501507943305421 4.149607607040714 -0.0004501507943305421 0.9971560602935131 2.1254222067384974
517 1.002435930059387 0.001508280346662016 -2.40823775064106 -0.001508280346662016 1.002435930059387 -0.5234211907529576
518 1.0061670274336876 0.0014340125023746546 -8.176507140097831 -0.0014340125023746546 1.0061670274336876 -3.0991730815780185
519 1.000121257212926 0.005298461925838871 -3.5753886563867106 -0.005298461925838871 1.000121257212926 5.675451364981226
520 0.9986838639539437 0.0018554915796061638 0.013368430651008088 -0.0018554915796061638 0.9986838639539437 2.654466905586909
521 0.9987638448203365 0.002545274453673846 -0.5732857932435285 -0.002545274453673846 0.9987638448203365 3.213255636134217
522 0.9987898691842579 0.00015739599899652922 1.6000690638843025 -0.00015739599899652922 0.9987898691842579 0.946635416364544
523 1.0004120769713685 -3.239864777633184e-05 0.16568652011008672 3.239864777633184e-05 1.0004120769713685 -1.0815759544911228
524 0.9954002469548558 -0.0019348177634546688 5.771653809227886 0.0019348177634546688 0.9954002469548558 1.7790951094532883
525 0.9958421135608001 -0.00176570046682101 5.610245635169527 0.00176570046682101 0.9958421135608001 1.4139530564632081
526 1.0013771300101177 -0.0038079578509236456 3.2480747141999844 0.0038079578509236456 1.0013771300101177 -5.309076944712229
527 0.9994703998632817 -0.002799546245899575 3.506440920826126 0.002799546245899575 0.9994703998632817 -1.6268509076656443
528 1.0013120320699944 -0.0031073009710448716 2.9239592373089054 0.0031073009710448716 1.0013120320699944 -3.8056010750864866
529 1.0014434123973357 -0.0015575793057444735 0.16934924879347846 0.0015575793057444735 1.0014434123973357 -2.8340098053525358
530 1.0015649527875177 -0.000646994701008955 0.654826292242034 0.000646994701008955 1.0015649527875177 -2.3588415254395603
531 1.0038833424587268 -0.001478262067305734 -3.1778876752500382 0.001478262067305734 1.0038833424587268 -6.196052628086568
532 1.0057354577138076 -0.0004855823576419534 -4.623823405797323 0.0004855823576419534 1.0057354577138076 -5.003024777100768
533 1.001893003905906 6.324468967296967e-05 -1.812140791567645 -6.324468967296967e-05 1.001893003905906 -1.2052888965621111
534 1.007740524804051 0.000865379593441841 -8.062770679374937 -0.000865379593441841 1.007740524804051 -6.4897237757819335
535 1.0027613871024559 0.0003672223898206026 -2.868139559662384 -0.0003672223898206026 1.0027613871024559 -2.960778888815584
536 1.0040060812569478 0.00148616715197977 -4.740778131833471 -0.00148616715197977 1.0040060812569478 -2.021390589884396
537 1.0011587669556412 -0.000797942813782239 0.21684003012491085 0.000797942813782239 1.0011587669556412 -2.2280707237261077
538 1.0025249031837362 -0.002075791649780169 0.07694461149211353 0.002075791649780169 1.0025249031837362 -4.905053723061723
539 0.9987890601699018 -0.0010950598301158745 2.5790035761775045 0.0010950598301158745 0.9987890601699018 -1.285683392663385
540 0.9983123567100547 0.00402326511823775 -0.16814552856095233 -0.00402326511823775 0.9983123567100547 5.044777978060813
541 1.001088766445108 -0.0008730196930739561 0.26310349626267066 0.0008730196930739561 1.001088766445108 -1.2166635942259723
542 1.0028066974237668 -0.0019436342337368873 0.3959352497452133 0.0019436342337368873 1.0028066974237668 -1.705936428181976
543 0.9996378812740686 -0.0004158950558987488 1.4289410965761178 0.0004158950558987488 0.9996378812740686 2.414950427289198
544 1.0028340117461902 0.0010402031269607919 -2.482383223024029 -0.0010402031269607919 1.0028340117461902 1.9339669907270318
545 1.0007197030352943 -4.8067851853655485e-05 -0.03572538025821337 4.8067851853655485e-05 1.0007197030352943 2.192210358248868
546 1.0036400328702288 -0.0017388926154859223 -0.8545854614020867 0.0017388926154859223 1.0036400328702288 -0.40707674106484426
547 1.000480366828484 -0.000895161396467074 -0.22776490242993522 0.000895161396467074 1.000480366828484 1.0034587583157886
548 1.0022416102071814 0.0009549795505808265 -2.7363979021045566 -0.0009549795505808265 1.0022416102071814 2.9402823755092986
549 0.9977160673469948 0.003821737738359445 -0.8627220429543008 -0.003821737738359445 0.9977160673469948 7.234479431420204
550 0.9857474728355115 8.018957087707548e-05 10.622330078154128 -8.018957087707548e-05 0.9857474728355115 16.80019470613186
551 0.9947577626626066 -7.921895364505341e-05 3.188178626839448 7.921895364505341e-05 0.9947577626626066 6.198826873703985
552 0.9883938672424498 -0.00035713722717004286 9.006880334891195 0.00035713722717004286 0.9883938672424498 12.841511764754864
553 0.9987967037492054 0.0029929185715122644 -0.9938120187728776 -0.0029929185715122644 0.9987967037492054 5.031310814472849
554 1.0187887144437453 0.006386077599321049 -23.680299784244298 -0.006386077599321049 1.0187887144437453 -6.503276046259485
555 0.9984908860380283 0.0028467051454266093 -0.1426652709867084 -0.0028467051454266093 0.9984908860380283 5.10982177762914
556 0.9828241167410829 0.0017034115197212306 12.649628716530126 -0.0017034115197212306 0.9828241167410829 19.585101096849733
557 1.0014842390315062 0.0017156196653915932 -2.379920517791713 -0.0017156196653915932 1.0014842390315062 1.2614857895572706
558 0.9799552528306927 0.0014664814279259112 16.41149311805468 -0.0014664814279259112 0.9799552528306927 20.988299036090044
559 1.011967922391044 -0.0005988107457742972 -11.93327910150868 0.0005988107457742972 1.011967922391044 -9.500119420050218
560 1.021383274869552 -0.0007905247783321716 -18.20721217401337 0.0007905247783321716 1.021383274869552 -17.067616572658327
561 1.002199754084408 0.00045837182477935094 -3.096846620109432 -0.00045837182477935094 1.002199754084408 -0.7186613495983513
562 0.9992270095246395 -0.0005552244400135965 0.2566291250139032 0.0005552244400135965 0.9992270095246395 1.493939058175328
563 1.007650762590039 -0.0002666964475488005 -6.289293825882127 0.0002666964475488005 1.007650762590039 -6.367025572591495
564 0.99531089727447 0.00010879798050291978 5.865089787828578 -0.00010879798050291978 0.99531089727447 3.238759073739801
565 1.011732872686725 -0.0028786780305107154 -9.453559692812213 0.0028786780305107154 1.011732872686725 -12.838593266916146
566 1.0002396915823764 0.0009830486217940661 0.199047568457894 -0.0009830486217940661 1.0002396915823764 1.21687504088338
567 1.004221278049197 0.0001924356245583584 -2.9098489146360715 -0.0001924356245583584 1.004221278049197 -3.756853782778509
568 1.0002807857438365 0.00013798370598755113 0.3442340464362602 -0.00013798370598755113 1.0002807857438365 0.4745342733002478
569 1.0023811410545564 5.84727414390254e-05 -1.9675090110270494 -5.84727414390254e-05 1.0023811410545564 -1.1570727892818733
570 1.005140847009081 0.0008086300341251575 -4.242068542435648 -0.0008086300341251575 1.005140847009081 -1.5542403177951987
571 1.0011150944323568 0.0007413971512377415 1.2214815430778556 -0.0007413971512377415 1.0011150944323568 0.5146077626124015
572 1.0027026182056726 -0.000621836216887716 0.14180496443786242 0.000621836216887716 1.0027026182056726 -1.124209821483834
573 1.0001460309766312 0.0010642988599079617 0.3794814464063263 -0.0010642988599079617 1.0001460309766312 1.1663847220361974
574 1.0002577360257883 -5.087327899161876e-05 -0.48753875025032956 5.087327899161876e-05 1.0002577360257883 -0.25828072717004336
575 1.0013014620070562 -5.3413060491799475e-05 0.20115342567954825 5.3413060491799475e-05 1.0013014620070562 -0.9136337664811645
576 1.0003347398702105 -8.991040207667307e-05 1.799108097969839 8.991040207667307e-05 1.0003347398702105 -0.06272639183202113
577 0.9996273758784823 0.0003140229047224818 1.9743174861974064 -0.0003140229047224818 0.9996273758784823 1.3298543192199912
578 0.9999620949533908 0.00044473977011418985 0.13705668934965987 -0.00044473977011418985 0.9999620949533908 0.32721441723203415
579 0.9998810169449847 0.0007237390147668207 1.7384535849671374 -0.0007237390147668207 0.9998810169449847 0.7653304066224154
580 1.0005763579205595 0.00039194011483189607 -1.0490824991651015 -0.00039194011483189607 1.0005763579205595 -0.5862877765378716
581 1.0014542808522517 -0.0011263070392472621 -0.590606911565768 0.0011263070392472621 1.0014542808522517 -3.1318752892471937
582 0.9980783780240431 -1.5747527357267982e-05 0.9645981775406517 1.5747527357267982e-05 0.9980783780240431 0.6410473022409808
583 0.9987188525879682 -0.0002461515820576753 2.7896821888817454 0.0002461515820576753 0.9987188525879682 0.13038840002702418
584 1.0011281885415149 -0.0003931698627176869 -1.4482615077536685 0.0003931698627176869 1.0011281885415149 -2.124114791359387
585 1.002872435315695 0.0035605948776678683 -5.320640222076925 -0.0035605948776678683 1.002872435315695 -1.7764982955322883
586 0.99797193618842 -0.001635418064114758 0.741031411316245 0.001635418064114758 0.99797193618842 -2.5244567938019697
587 1.0003673473216308 -1.416960203417454e-05 -0.22700003508929867 1.416960203417454e-05 1.0003673473216308 -1.2247572017514734
588 1.0010580389858312 0.0017722064040941348 -3.7466706347648153 -0.0017722064040941348 1.0010580389858312 1.8038923837346634
589 1.0050436052959786 -0.0009896322968402582 -9.409264404682673 0.0009896322968402582 1.0050436052959786 -3.8408369139936664
590 1.0009377823892145 -0.0016118832741355321 -2.989462466115336 0.0016118832741355321 1.0009377823892145 -2.708461623630903
591 0.9991943555156221 -0.002783053017835118 -7.2417301863426715 0.002783053017835118 0.9991943555156221 -4.213020818558666
592 1.0020522836961148 0.0006171511460993672 -9.787224208567363 -0.0006171511460993672 1.0020522836961148 -3.279844661031497
593 1.001333889759903 0.0013291597171108387 -1.3205520490931182 -0.0013291597171108387 1.001333889759903 -0.7798638016631236
594 0.998514474637206 -0.0018862414623044737 -3.257514729518001 0.0018862414623044737 0.998514474637206 2.283076266874142
595 0.9948590806397858 -0.006444633754153209 -1.4706152779929027 0.006444633754153209 0.9948590806397858 0.7303633900568648
596 0.9965977186598158 -0.0016070407000166422 1.430023774134547 0.0016070407000166422 0.9965977186598158 0.42768222557861346
597 0.9902340805508306 0.0001328786316637338 4.9908552439613345 -0.0001328786316637338 0.9902340805508306 2.608254985964449
598 0.9968610011462082 -0.0011024232307062115 3.2589822868723264 0.0011024232307062115 0.9968610011462082 -0.08796598231341798
599 0.9881655181939556 0.0002919751230885475 7.916076250421492 -0.0002919751230885475 0.9881655181939556 9.238065530846283
600 0.9924054982358841 -0.0019081988452271884 5.088726120285604 0.0019081988452271884 0.9924054982358841 5.665798846196908
601 0.9978226789777646 -0.000587149538156696 3.707730278597663 0.000587149538156696 0.9978226789777646 -0.22676504192890823
602 0.9932394237199601 -0.0020582402721867573 5.924600287417392 0.0020582402721867573 0.9932394237199601 1.832900607309811
