0 1.0 0.0 0.0 0.0 1.0 0.0
1 1.0031637630828736 0.004850829949276401 -9.448254359645274 -0.004850829949276401 1.0031637630828736 -1.9182374843479468
2 1.0036937763040152 -0.0007649944560760079 -7.581808349741509 0.0007649944560760079 1.0036937763040152 -7.009153615024092
3 1.002978463017795 -0.00029161914357794 -5.098740459281154 0.00029161914357794 1.002978463017795 -4.595585205623525
4 0.9998847157342388 0.00017967112938315903 -1.4775748100155783 -0.00017967112938315903 0.9998847157342388 -2.190127852903408
5 1.002679103750061 -0.000539395468956599 -4.736260610119629 0.000539395468956599 1.002679103750061 -2.849271076062303
6 1.0038543014265433 -0.0006043214215810205 -5.682959843224875 0.0006043214215810205 1.0038543014265433 -3.006698265059091
7 1.0020943261762763 0.001284920605069445 -9.112575169496495 -0.001284920605069445 1.0020943261762763 1.6672852220870467
8 0.9974232480718868 -0.0011285237192697538 -1.2229864563314745 0.0011285237192697538 0.9974232480718868 1.9514889192930904
9 0.9752872580181242 0.00027595164483245515 7.898203825065096 -0.00027595164483245515 0.9752872580181242 16.324159159426124
10 0.9978432460823916 0.004334406316221071 -5.463337567166223 -0.004334406316221071 0.9978432460823916 7.18779436325984
11 0.9980284172199125 -0.001329394805523253 -4.406639374004027 0.001329394805523253 0.9980284172199125 0.5896013009967129
12 0.9901848644764979 0.003553757307277449 -3.427262116579768 -0.003553757307277449 0.9901848644764979 6.11070747652863
13 0.9985898750087939 0.0022038038339089686 -5.237589708299104 -0.0022038038339089686 0.9985898750087939 1.7808300464958895
14 0.9986472924223289 0.003520030676670621 -2.4889894441775473 -0.003520030676670621 0.9986472924223289 3.3628602642498726
15 0.9991092794393884 0.0004260164593675144 -2.6589710358982153 -0.0004260164593675144 0.9991092794393884 0.7290119311321552
16 1.0008028937921023 0.00670992124639897 -6.06993415522475 -0.00670992124639897 1.0008028937921023 1.7736145752961703
17 1.004123714249819 -0.006901774550977469 -6.538316116969524 0.006901774550977469 1.004123714249819 -14.642003157179136
18 1.0022801272089763 -0.001757985927728108 -4.547513530276067 0.001757985927728108 1.0022801272089763 -4.295879395220985
19 0.9912529294604571 0.0003439891332025597 -3.047186007001213 -0.0003439891332025597 0.9912529294604571 0.5940276324790549
20 1.0014397933465535 -0.0018544053324931894 -4.228108973872804 0.0018544053324931894 1.0014397933465535 -1.729498838699655
21 0.9889400637652181 0.0007401449543754327 -2.9489447705545944 -0.0007401449543754327 0.9889400637652181 11.070307300902401
22 1.001538714135573 0.00311596314066311 -3.780579082336912 -0.00311596314066311 1.001538714135573 4.597050924190124
23 0.9997532777796556 0.0015307975042463734 2.4677151233116943 -0.0015307975042463734 0.9997532777796556 6.477217444236466
24 0.9979003051267553 0.0006755770828897824 -1.3321620648969068 -0.0006755770828897824 0.9979003051267553 3.8523231924223507
25 0.9941291845434346 0.001454588859885194 1.735885160530244 -0.001454588859885194 0.9941291845434346 4.911089502987333
26 0.9955350168789275 0.0018619771904615549 1.4556806291246727 -0.0018619771904615549 0.9955350168789275 3.3628406474719896
27 0.9926185928707224 -0.0008821017616347606 0.02097776951954739 0.0008821017616347606 0.9926185928707224 2.432819732151485
28 0.9992706380222419 0.003398664551742858 -2.4538974530233393 -0.003398664551742858 0.9992706380222419 2.224235188040062
29 0.9915354880560535 0.0035985609932148058 3.4768207183089874 -0.0035985609932148058 0.9915354880560535 7.839125923366125
30 1.0024297631343406 0.008622519325575537 -9.132695746573479 -0.008622519325575537 1.0024297631343406 3.328128344406299
31 1.0029439693851818 0.0010560485709609454 -3.8077021410277374 -0.0010560485709609454 1.0029439693851818 -1.2769875467168061
32 0.9953895671615333 0.00777801738066808 -2.02147127750447 -0.00777801738066808 0.9953895671615333 4.940386271686851
33 1.0007840781628312 -0.008102003692483895 -7.444205702512421 0.008102003692483895 1.0007840781628312 -13.829399219145452
34 0.9983126472825551 -0.0013754988056393354 -0.9542885960347439 0.0013754988056393354 0.9983126472825551 -1.039578051983557
35 1.0081531365557128 0.005533103980450486 -14.097865454532519 -0.005533103980450486 1.0081531365557128 -1.7022973010418407
36 1.0021143370015697 0.0014260809530016877 -4.561443720537738 -0.0014260809530016877 1.0021143370015697 2.3865955148339024
37 1.0074665517289176 0.021314603813986394 -22.324331300819644 -0.021314603813986394 1.0074665517289176 18.950353546336135
38 1.002514180432349 0.010323443903690985 -10.306753312152905 -0.010323443903690985 1.002514180432349 10.38094895115289
39 1.0028749731727822 0.0029820589798711366 -5.641016635300524 -0.0029820589798711366 1.0028749731727822 3.799573085229307
40 1.0000142398202139 0.0013416034228982817 -0.5188912490857581 -0.0013416034228982817 1.0000142398202139 2.9298094385012945
41 0.9784866958682837 0.010186045929427309 4.385748151787027 -0.010186045929427309 0.9784866958682837 19.348832581931735
42 1.0018352119323453 0.002316620335734154 -4.163343427711019 -0.002316620335734154 1.0018352119323453 0.9112633775785873
43 1.0303530319059067 0.0020707122514222165 -34.854937664174834 -0.0020707122514222165 1.0303530319059067 -13.418955487198263
44 1.0028213660890808 0.002139727069397876 -3.8626335942428236 -0.002139727069397876 1.0028213660890808 0.7080161272223948
45 1.005515298117871 -0.0008731284398957169 -7.879794091845275 0.0008731284398957169 1.005515298117871 -2.950799278564772
46 1.0011274464627984 -0.0008114412159412425 0.19207096137977947 0.0008114412159412425 1.0011274464627984 0.09682399586668851
47 0.997950411231605 -0.0005493077563946812 1.1538048659499816 0.0005493077563946812 0.997950411231605 2.296863322675936
48 1.0009061111989899 0.00010540252845298854 -2.043207080755325 -0.00010540252845298854 1.0009061111989899 0.7589940740559626
49 1.005462977067956 0.0041404980394916255 -8.669729813044386 -0.0041404980394916255 1.005462977067956 1.422826416799372
50 1.0046928769823575 0.00406510724110798 -8.231753603516143 -0.00406510724110798 1.0046928769823575 1.6545170811047465
51 0.998499778654737 0.0017914156016341624 -0.16649243622839105 -0.0017914156016341624 0.998499778654737 3.971629287283145
52 1.00273540223652 0.0007742397746498401 -1.5348880345532823 -0.0007742397746498401 1.00273540223652 -0.3309095280581808
53 0.9972888242401514 -0.0037294808486717764 2.927162627950434 0.0037294808486717764 0.9972888242401514 -2.5418534686831857
54 0.9976649183241173 -0.0010964334332130095 1.3830057111159064 0.0010964334332130095 0.9976649183241173 -0.0022691013773883384
55 1.0059886962333726 -0.0005490349198291951 -0.18918620364594352 0.0005490349198291951 1.0059886962333726 -3.5219653797006423
56 1.0008324151891863 0.0031932507086866973 0.0769269443837508 -0.0031932507086866973 1.0008324151891863 1.6119191149212055
57 1.0006269766455425 0.003082136401330798 0.5193733290851128 -0.003082136401330798 1.0006269766455425 2.7125435374657796
58 0.9976963548324813 0.0033781846182790215 -2.5842709846874756 -0.0033781846182790215 0.9976963548324813 3.100130144218303
59 1.0135749010677388 0.009877086548039869 -29.155886930050805 -0.009877086548039869 1.0135749010677388 2.366878946769295
60 0.9978070320113995 0.002479041062394979 -0.5048775378378376 -0.002479041062394979 0.9978070320113995 2.1737735387854222
61 0.9884673411702322 0.0050058564191605166 2.263760033524094 -0.0050058564191605166 0.9884673411702322 7.017936487719771
62 0.9939731965309359 0.0032295189778531446 -1.9968521087858002 -0.0032295189778531446 0.9939731965309359 3.973852431602741
63 0.9934205870800022 0.0039015325992294994 -7.416379979585777 -0.0039015325992294994 0.9934205870800022 4.664561177714954
64 0.9988439927354597 0.001137193172814359 -4.345271378884956 -0.001137193172814359 0.9988439927354597 1.6857019556666493
65 0.9892277725537412 0.005713858398257075 -2.6874628985146463 -0.005713858398257075 0.9892277725537412 6.998091234446824
66 0.9943693540790559 0.003398161503860244 -1.117211410442762 -0.003398161503860244 0.9943693540790559 4.404420431608826
67 1.0069278249681692 -0.0004949021945682814 -19.03401404640081 0.0004949021945682814 1.0069278249681692 -3.7005894800630132
68 0.9991212376762093 0.0024199043173435083 -2.2939898500428946 -0.0024199043173435083 0.9991212376762093 1.8852386550186737
69 1.0039704028179626 0.0009996304334376383 -4.452263736809872 -0.0009996304334376383 1.0039704028179626 -1.3432001664122395
70 0.9959936554428557 0.002689253625415066 -2.1760082696949525 -0.002689253625415066 0.9959936554428557 2.907772466176262
71 1.001105435212112 0.0015712344333116068 -3.5307353688692045 -0.0015712344333116068 1.001105435212112 0.7917754738525639
72 0.9985701508811569 0.001601322758359829 -1.8285281920606868 -0.001601322758359829 0.9985701508811569 1.3602537328566437
73 1.000035391358002 0.0018510447187123377 -2.4380136638243037 -0.0018510447187123377 1.000035391358002 1.3163433960907869
74 1.0001679324513058 0.00157811623964896 -1.7939579249575799 -0.00157811623964896 1.0001679324513058 1.3167823164042525
75 1.0018006303280924 0.0025421751523374905 -3.8743681921999285 -0.0025421751523374905 1.0018006303280924 1.3252901153579852
76 1.0027793378451941 0.0017338204587393278 -5.9500152750752235 -0.0017338204587393278 1.0027793378451941 0.36358152257024035
77 0.994580683796591 0.0014059417144134322 4.624553571740645 -0.0014059417144134322 0.994580683796591 3.617204090721896
78 1.0007791252745646 0.002542861480238508 -2.857550315946074 -0.002542861480238508 1.0007791252745646 1.527554848948209
79 1.0025819195984782 0.0016717408326506675 -3.494684941269734 -0.0016717408326506675 1.0025819195984782 0.011011597583482136
80 1.0019840336804973 0.002286508574221737 -4.809190374844345 -0.002286508574221737 1.0019840336804973 0.5054280229748305
81 1.004257310646908 0.0013177564171732966 -5.3390981228185455 -0.0013177564171732966 1.004257310646908 -1.4114169917652561
82 1.0015409192451474 0.0009355558437311611 -3.9132210846787308 -0.0009355558437311611 1.0015409192451474 -0.3246522713803007
83 1.0012329769609842 -0.0004347170711509053 -2.0882316910863414 0.0004347170711509053 1.0012329769609842 -1.6124080092484152
84 1.001205294551712 0.0008317806068828756 -2.7977080478012946 -0.0008317806068828756 1.001205294551712 -0.16656783540894837
85 0.9999160386623039 0.0026940747779286922 -3.7666610011127943 -0.0026940747779286922 0.9999160386623039 1.116232714423073
86 1.0009832334689803 0.00261891467156332 -4.013367968844542 -0.00261891467156332 1.0009832334689803 1.267571017306558
87 1.0007277462426607 0.0015611962150183694 -1.4094430689692266 -0.0015611962150183694 1.0007277462426607 -0.38066196525584206
88 1.0011577927853017 0.0005149917865001477 -2.58619199540551 -0.0005149917865001477 1.0011577927853017 -0.4522414983350461
89 1.0005056352952406 0.0026006030429763715 -1.5815688995603796 -0.0026006030429763715 1.0005056352952406 1.5102594210060942
90 1.0007572621797491 0.001076002523802289 -2.2668406811919475 -0.001076002523802289 1.0007572621797491 -0.21799641892247643
91 1.003774713880345 0.0027513244555735336 -6.81801675704556 -0.0027513244555735336 1.003774713880345 0.5543813665242299
92 1.0012218561303545 0.0011783012406064088 -2.7322176703294185 -0.0011783012406064088 1.0012218561303545 0.5452424684319226
93 1.0044304110976932 0.0016519401230562813 -5.825085175021578 -0.0016519401230562813 1.0044304110976932 -1.3829414583431805
94 1.0006306207894167 0.0011850987147190395 -1.5215889832978282 -0.0011850987147190395 1.0006306207894167 0.5234341105478041
95 1.001071423363528 0.0012290796767764167 -2.710374865422268 -0.0012290796767764167 1.001071423363528 -0.016151777351096075
96 1.0013427291826984 0.0012477929219108078 -1.9855902450423588 -0.0012477929219108078 1.0013427291826984 0.4606214822004041
97 1.0029295962797196 0.002970228973523983 -6.124860017897905 -0.002970228973523983 1.0029295962797196 0.7161439476852176
98 1.000871140095056 0.0011817315122675726 -2.0218674888723087 -0.0011817315122675726 1.000871140095056 -0.15570068259934255
99 1.0049035418511227 0.0009344580798479004 -5.004712986808411 -0.0009344580798479004 1.0049035418511227 -2.1379265742115523
100 1.001006291027954 0.0005993139772574529 -1.64433566988987 -0.0005993139772574529 1.001006291027954 -0.6420148529014708
101 1.004951410632324 0.0018770908558434067 -5.722785333858022 -0.0018770908558434067 1.004951410632324 -1.886637662984065
102 1.0015508350683748 2.1191361505114087e-06 -1.4072337734267544 -2.1191361505114087e-06 1.0015508350683748 -1.857919540012336
103 1.0046496528641085 -0.00010952865795454785 -3.5987660741768432 0.00010952865795454785 1.0046496528641085 -3.23877125960243
104 1.0009233112385436 0.000800350012955524 -0.8630937128877194 -0.000800350012955524 1.0009233112385436 -0.4340358200737537
105 1.001163891543494 0.0018415242768345095 -1.6010955625704877 -0.0018415242768345095 1.001163891543494 -0.8293667289924558
106 1.0009861204386319 0.001202426395241183 -2.2103956727892218 -0.001202426395241183 1.0009861204386319 0.1938214934783515
107 1.0016694393773136 0.0014110281825952932 -2.504087818975777 -0.0014110281825952932 1.0016694393773136 -0.17077889487759323
108 1.0005694661400146 0.0011370160048657092 -1.3715123632837276 -0.0011370160048657092 1.0005694661400146 -0.2113565407455859
109 0.9978961145599761 0.0007574645843492982 2.9125425375300917 -0.0007574645843492982 0.9978961145599761 1.2984577192843045
110 1.0009085574857133 0.0017954103647790298 -2.299623646237693 -0.0017954103647790298 1.0009085574857133 1.0134888948533556
111 1.0010484800110815 0.002198429481762524 -2.2361844881980386 -0.002198429481762524 1.0010484800110815 0.8831810802533742
112 1.0008069916595719 0.00047148735593864497 -1.323237642303653 -0.00047148735593864497 1.0008069916595719 0.2685331253875641
113 0.9999345927768251 -0.0018927746053082701 1.7143796125917263 0.0018927746053082701 0.9999345927768251 -0.5917902476071116
114 1.0002754936784966 -0.00045033967230993967 -0.7418598040826875 0.00045033967230993967 1.0002754936784966 0.5610170682473337
115 1.0011146691480648 -0.003950171757489459 1.430928134663611 0.003950171757489459 1.0011146691480648 -1.226111430305989
116 1.0011851663795064 -0.0028794005852506017 -0.07016995410641326 0.0028794005852506017 1.0011851663795064 -2.2150829535637553
117 1.0029506435643591 -0.007643356246369584 1.5690742742004913 0.007643356246369584 1.0029506435643591 -7.449057841994641
118 1.0022253158906986 -0.0003786834351299521 -2.0423964904998524 0.0003786834351299521 1.0022253158906986 -2.287593822255452
119 1.002778630504704 -0.0013348620766274327 -3.171252008519682 0.0013348620766274327 1.002778630504704 -2.3210811979318944
120 0.9987528229756943 0.006974449000280839 -4.009054734654986 -0.006974449000280839 0.9987528229756943 3.5496469793631054
121 0.9924703316889029 0.012091991237752864 0.6226044923186336 -0.012091991237752864 0.9924703316889029 10.91198740523309
122 0.9993636153412733 0.006414832180666822 -5.0248388196273375 -0.006414832180666822 0.9993636153412733 6.935588776343364
123 0.9992951231742423 0.01088724478070361 -1.7918628888950823 -0.01088724478070361 0.9992951231742423 9.695178847972848
124 0.999681844707805 0.0043344457711134475 -1.7958302778596404 -0.0043344457711134475 0.999681844707805 4.815186088374104
125 1.0009690003269007 0.0024678507322173906 -1.123353815446967 -0.0024678507322173906 1.0009690003269007 3.76608891535373
126 1.0021261525225666 -0.004369102635679352 1.3363902880714138 0.004369102635679352 1.0021261525225666 -3.426187839040563
127 0.9964260063244417 -0.008825677076039252 3.322559936526045 0.008825677076039252 0.9964260063244417 0.16223591706690454
128 0.9999089858902072 -0.0008221300586640696 1.11176159547959 0.0008221300586640696 0.9999089858902072 0.10092665100307019
129 1.0086403405738513 -0.003927864644158914 -3.1237522678231144 0.003927864644158914 1.0086403405738513 -8.665619436081927
130 0.9974114308767927 -0.0011538254524311373 3.5437166321865314 0.0011538254524311373 0.9974114308767927 -0.35073967252930366
131 0.9861554605457123 0.006705595366037487 -3.613033839342484 -0.006705595366037487 0.9861554605457123 -5.150607266764417
132 1.0009722903962095 0.004042114866910477 -4.214079426879202 -0.004042114866910477 1.0009722903962095 -1.6505796408974123
133 0.9978884037145536 -0.0015022543429052252 1.4148428207830637 0.0015022543429052252 0.9978884037145536 -1.2991952978072723
134 0.9963986292813439 0.007036487544049076 -2.8456733996777865 -0.007036487544049076 0.9963986292813439 5.093883813037318
135 1.0061798661448869 0.027262791021160183 -19.731128958126163 -0.027262791021160183 1.0061798661448869 16.95224220970584
136 1.0031962923278237 0.0061721960822654865 -6.018677906845245 -0.0061721960822654865 1.0031962923278237 3.622562685252363
137 1.0075959619902908 0.018627912232920506 -17.783063389525775 -0.018627912232920506 1.0075959619902908 15.561078353924222
138 1.00130578758601 0.002516484433408744 -4.25713501268004 -0.002516484433408744 1.00130578758601 3.888562276038653
139 1.0076371312437644 0.004370866241839193 -10.123388837029118 -0.004370866241839193 1.0076371312437644 3.5447747079176373
140 0.9995649960832643 -0.00035826300985477584 -0.5879394903024161 0.00035826300985477584 0.9995649960832643 1.347469664110838
141 1.0037795550226567 0.0008374587483576418 -4.60925134339437 -0.0008374587483576418 1.0037795550226567 -0.8878111412387829
142 0.9960432772231321 0.002105623481037417 0.6517897226422984 -0.002105623481037417 0.9960432772231321 3.4146327457555845
143 0.9957828770100409 0.0026010674180529285 3.425681862354673 -0.0026010674180529285 0.9957828770100409 4.082110633723079
144 0.9995966299260943 -0.002217551790683442 0.9329454322588202 0.002217551790683442 0.9995966299260943 -3.0085875674624605
145 0.9953577028957987 -0.0011780302136731053 5.546733923812161 0.0011780302136731053 0.9953577028957987 1.499016631143355
146 1.005823983971958 -0.0021841838485875766 -4.71296892227483 0.0021841838485875766 1.005823983971958 -6.421199734073986
147 1.0046376976186149 -0.002685329569660414 -1.3401877455411237 0.002685329569660414 1.0046376976186149 -7.590961749401775
148 0.9987459522369359 -0.0008446265237568151 0.3603894619329102 0.0008446265237568151 0.9987459522369359 -1.1807325931075892
149 1.0032050789388536 0.009012363006576086 -8.449883646228546 -0.009012363006576086 1.0032050789388536 6.029021983126546
150 1.0001605449107325 0.0010268368880664422 -1.7146739703763063 -0.0010268368880664422 1.0001605449107325 2.4223345834580523
151 1.0065325294895142 0.012142328864517327 -11.309344580579863 -0.012142328864517327 1.0065325294895142 9.951135533792387
152 1.009562514438057 0.008400068224512013 -15.43648640459288 -0.008400068224512013 1.009562514438057 6.432179623089763
153 1.002767836238536 0.005397997218337869 -6.160165836705188 -0.005397997218337869 1.002767836238536 5.415700222951737
154 0.9998221648077698 -0.000838844706009886 -0.8260668683303383 0.000838844706009886 0.9998221648077698 1.9682812547552484
155 0.993675732710295 -0.004520645258512814 5.4356388607231345 0.004520645258512814 0.993675732710295 3.571724761100367
156 1.0009834494173693 -0.002339412600605395 -1.9506304307087654 0.002339412600605395 1.0009834494173693 -1.4012546096643512
157 1.0008683591212153 -0.0016186229761440604 -0.023600636245672418 0.0016186229761440604 1.0008683591212153 -0.6660475374996009
158 0.9983580664293751 -0.0004973186202641826 1.1695291604320306 0.0004973186202641826 0.9983580664293751 -0.44044858155512623
159 0.9983481964623038 -0.0007624629190728887 1.728600555974596 0.0007624629190728887 0.9983481964623038 -0.10037037966053963
160 0.9987532559181619 0.0011496127695081243 -0.016023176796080636 -0.0011496127695081243 0.9987532559181619 -2.4042010516170986
161 0.9998878448448901 0.012676667043039162 -7.8731253551547775 -0.012676667043039162 0.9998878448448901 -2.146590979457955
162 0.9953015078858591 0.003975580009283429 -0.23861245733765166 -0.003975580009283429 0.9953015078858591 1.6496482986931886
163 0.9874676088268117 0.0033181136743469035 -4.06910715436949 -0.0033181136743469035 0.9874676088268117 8.29815136895254
164 0.9947165491335752 0.002836013420797706 3.695212988680379 -0.002836013420797706 0.9947165491335752 4.458659931989392
165 1.0102228988795088 0.018177823923387307 -16.580489957335722 -0.018177823923387307 1.0102228988795088 14.412566696737738
166 0.9965918723385803 0.0011867913494974117 -0.8583394072011862 -0.0011867913494974117 0.9965918723385803 6.2389707083585195
167 0.9996638718584104 0.002014255108342684 0.5297830279180709 -0.002014255108342684 0.9996638718584104 3.5363513674646008
168 0.9924970706124587 -0.001470702717617639 3.357223503496541 0.001470702717617639 0.9924970706124587 3.9634411670629985
169 0.9987374187101851 0.007765007717933835 -6.767601573199907 -0.007765007717933835 0.9987374187101851 6.562760396601152
170 0.9929297265115148 0.003137167443577077 -2.882598420673227 -0.003137167443577077 0.9929297265115148 5.056401524638686
171 0.9978406657123924 -0.0033130272302403356 0.8734392134637652 0.0033130272302403356 0.9978406657123924 -0.6540447746857366
172 0.9963874953113353 -0.0004999403962115421 1.315491618922328 0.0004999403962115421 0.9963874953113353 1.1716372061656064
173 0.996259160083914 0.0002979257300289575 2.1386983228791596 -0.0002979257300289575 0.996259160083914 1.6853793157560992
174 0.9981477801262875 0.00043050097869836617 0.8968254717528824 -0.00043050097869836617 0.9981477801262875 -0.8615570517512354
175 0.9991628262572835 -0.004471317746804632 1.5733269444274625 0.004471317746804632 0.9991628262572835 -5.2899986436941795
176 0.9991172302123461 -0.00014232071805774828 -0.1645651432350905 0.00014232071805774828 0.9991172302123461 -1.4496961439200826
177 1.0007795477899248 0.0013324789870523969 0.482612801490129 -0.0013324789870523969 1.0007795477899248 -1.2667120142027697
178 0.997955172186602 0.0018377695832199974 0.18822267397853865 -0.0018377695832199974 0.997955172186602 2.2641713869022873
179 1.0000201661626476 0.005484783407061432 -0.23911576612703508 -0.005484783407061432 1.0000201661626476 5.823525154971647
180 0.9969298665648648 0.0015991836451298962 0.5173148751968348 -0.0015991836451298962 0.9969298665648648 4.6476884845955935
181 0.9968733507580929 0.000895348678159029 0.3790718296244042 -0.000895348678159029 0.9968733507580929 3.3905656624531044
182 0.9955128794837147 7.788506168425932e-05 2.76173587421727 -7.788506168425932e-05 0.9955128794837147 3.926616144441583
183 1.0017397329544806 0.00035707059430461704 -3.1610390129367305 -0.00035707059430461704 1.0017397329544806 -0.639179700657134
184 0.9992487345309705 0.0010268754626139782 -0.5081511653266559 -0.0010268754626139782 0.9992487345309705 2.0208206700548383
185 0.9832124677367142 0.006143678644923327 -0.026240775374700025 -0.006143678644923327 0.9832124677367142 11.571144947186648
186 0.9991215316579729 -0.00048442099009613464 1.081327534817549 0.00048442099009613464 0.9991215316579729 0.07936257044794932
187 0.9982524881826467 0.0029785259934788587 0.5446716834422368 -0.0029785259934788587 0.9982524881826467 0.9978734507691511
188 1.0073849706341482 -0.0013966410707054926 -8.716972138846357 0.0013966410707054926 1.0073849706341482 -7.444489145730993
189 0.9883812107742351 0.018131103682928473 -17.1762760540127 -0.018131103682928473 0.9883812107742351 5.818301711304104
190 1.0026063127854168 0.007833149912193122 -8.264747647475659 -0.007833149912193122 1.0026063127854168 3.057635175236335
191 0.9995617897033675 0.02420520134903435 -20.910872887292147 -0.02420520134903435 0.9995617897033675 14.956268054634165
192 0.9979122303915944 0.004085181037885746 -3.153391134509699 -0.004085181037885746 0.9979122303915944 4.177729305411802
193 0.9969781246954993 0.0013769122581746716 0.667340692385739 -0.0013769122581746716 0.9969781246954993 5.260707118679774
194 1.0023291087904194 0.0016257728087268324 -1.347062899857447 -0.0016257728087268324 1.0023291087904194 1.5955411577673955
195 1.0170460976340192 -0.011858196476044 -18.48072258387363 0.011858196476044 1.0170460976340192 -7.954518565144591
196 0.9954342020556229 -0.0018345045711127008 3.2189756414468147 0.0018345045711127008 0.9954342020556229 3.1271609087213506
197 0.9992840781533011 -0.0006772139641515282 -0.15620369107417081 0.0006772139641515282 0.9992840781533011 0.7472528404950324
198 1.0060863360171337 0.004345827785495741 -11.738314155509423 -0.004345827785495741 1.0060863360171337 -1.0325311612389054
199 0.9876165467048265 0.006071243765233192 -4.908383840255879 -0.006071243765233192 0.9876165467048265 6.921664873940685
200 0.9971101125187981 0.0010804007076701482 -1.1246047418356542 -0.0010804007076701482 0.9971101125187981 1.9929333593687828
201 0.999610688906848 -0.0003316377897467854 0.018754078174952893 0.0003316377897467854 0.999610688906848 -0.6877553211368579
202 1.0075969547140948 0.00045683607894581984 -9.743580338177203 -0.00045683607894581984 1.0075969547140948 -5.34809947707764
203 1.0108762430242462 0.021517945163968627 -25.338458678208887 -0.021517945163968627 1.0108762430242462 3.7527744615812404
204 1.0036289908092897 0.009406263440042367 -9.369233333812893 -0.009406263440042367 1.0036289908092897 3.2036242532898807
205 1.0119630862527493 0.023383843464055643 -26.88660966347424 -0.023383843464055643 1.0119630862527493 10.502383217819595
206 1.0053570784888328 0.005425431949068668 -7.522344146049221 -0.005425431949068668 1.0053570784888328 1.7480391964869448
207 1.010811366205214 0.014222174312379982 -26.43452701916323 -0.014222174312379982 1.010811366205214 8.538047108138922
208 0.997862443533258 -0.002545918304065781 -6.171089700761734 0.002545918304065781 0.997862443533258 2.772589191813381
209 0.9828391759764867 -0.0009762884852922634 6.524282263045757 0.0009762884852922634 0.9828391759764867 12.290818663816152
210 1.0021999029731512 -0.0025038067498227594 -0.1429951778672517 0.0025038067498227594 1.0021999029731512 0.01772295130995094
211 0.9847596938337602 -0.0017600644495009649 11.584834921242798 0.0017600644495009649 0.9847596938337602 9.418590942405924
212 1.0073215925224968 0.006882789210045355 -17.185571997957478 -0.006882789210045355 1.0073215925224968 1.5637219484552176
213 1.0048940661230454 0.015503956603106422 -28.15880037818732 -0.015503956603106422 1.0048940661230454 5.4181158609063385
214 1.0030111765885605 0.0063679471956272354 -13.773773148577076 -0.0063679471956272354 1.0030111765885605 2.5509354636283037
215 1.0033013656343561 0.007603835028828379 -24.479600783256696 -0.007603835028828379 1.0033013656343561 3.6931978983186387
216 1.0028274505566395 0.0010093706925184385 -12.863923855943884 -0.0010093706925184385 1.0028274505566395 1.0440122925457638
217 1.0086135358001764 -0.0032377606915512365 -25.431437023215977 0.0032377606915512365 1.0086135358001764 -2.683761691729604
218 1.0045479731807354 -0.0028342716485224625 -13.731129124756006 0.0028342716485224625 1.0045479731807354 -2.803540304242323
219 1.0151882430443606 0.0061159458134050475 -37.050261709837315 -0.0061159458134050475 1.0151882430443606 -5.080291322799631
220 1.006620084924456 0.0068553623513196256 -19.044336212482982 -0.0068553623513196256 1.006620084924456 1.4732942658752035
221 1.0035312679215633 0.007911830692642258 -29.48699108525807 -0.007911830692642258 1.0035312679215633 2.986710783030944
222 1.0012927021738542 0.0010547805307142238 -13.267035378375201 -0.0010547805307142238 1.0012927021738542 0.04761271675356091
223 1.0186671827104992 -0.010853248727390508 -36.644109984097575 0.010853248727390508 1.0186671827104992 -15.137200680584849
224 0.9972187948394343 0.002292250182942386 -11.208283043353331 -0.002292250182942386 0.9972187948394343 1.5289702099339249
225 0.995279043094292 0.013188174028990068 -30.61127580368245 -0.013188174028990068 0.995279043094292 4.949240889517116
226 0.9961259613816703 0.009864374008163155 -14.755169851284464 -0.009864374008163155 0.9961259613816703 6.462255114839642
227 0.9823608654819714 0.011587667920950591 -22.82432042519252 -0.011587667920950591 0.9823608654819714 12.143835627373981
228 0.9929908403772755 0.0025768988999987827 -12.742426148104654 -0.0025768988999987827 0.9929908403772755 3.8166040973017323
229 0.9820052587041113 -0.01186787126253245 -18.794191200798373 0.01186787126253245 0.9820052587041113 1.0470691123479843
230 0.9897143507673971 -0.0009347155474932698 -10.150512002982275 0.0009347155474932698 0.9897143507673971 3.280420047440213
231 0.9833305106363822 0.008280901190281945 -29.38278877682218 -0.008280901190281945 0.9833305106363822 7.577216746275294
232 1.0300057152151854 0.005413874256379366 -30.886987356487595 -0.005413874256379366 1.0300057152151854 -8.89973673658097
233 0.9744859062769304 0.017843056592706054 -32.407613580436546 -0.017843056592706054 0.9744859062769304 14.975236602443028
234 1.033041810071287 0.007400419208116882 -31.775967652655865 -0.007400419208116882 1.033041810071287 -9.733483057291275
235 1.0304568046401656 -0.0006198506826480155 -21.873327927272907 0.0006198506826480155 1.0304568046401656 -18.38325589204919
236 1.0017060623972276 0.0014547741755543192 3.946514339497096 -0.0014547741755543192 1.0017060623972276 0.314187810103494
237 1.0060709592809303 0.001187019961513572 -0.3522153549777478 -0.001187019961513572 1.0060709592809303 -2.2057467846999663
238 1.0441420702201427 -0.01083881505249655 -32.220964104020126 0.01083881505249655 1.0441420702201427 -31.497534407338055
239 1.025308535419687 0.002547596084345845 -17.23825733686435 -0.002547596084345845 1.025308535419687 -11.202079519865537
240 1.0010733711046529 -0.0007504447498265428 14.491819696309776 0.0007504447498265428 1.0010733711046529 -2.1186113533590443
241 1.0202663676100632 0.006161690212135327 -17.47780487728274 -0.006161690212135327 1.0202663676100632 -4.335903330826406
242 1.0303555017776798 0.010910033530460328 -30.452237256448896 -0.010910033530460328 1.0303555017776798 -5.389975719959306
243 1.0045573226359326 0.001291585664625437 1.11350580672125 -0.001291585664625437 1.0045573226359326 -1.1054162886841268
244 1.0527907187835788 0.0040272987305260246 -50.2965445974707 -0.0040272987305260246 1.0527907187835788 -20.865963444072534
245 1.0281618676996573 -7.463061492935285e-05 -26.65661334947299 7.463061492935285e-05 1.0281618676996573 -12.677589840404561
246 1.000479625586932 0.00043148698422454976 2.4140967031217904 -0.00043148698422454976 1.000479625586932 -0.059816459410883094
247 1.002438906879914 0.003061363867430337 2.004052631095621 -0.003061363867430337 1.002438906879914 0.9995401849991143
248 1.0118845975610593 0.0049070328660970695 -5.361176697504735 -0.0049070328660970695 1.0118845975610593 -3.32037321117308
249 1.012759622745327 0.0020110331843508416 -6.641459391371005 -0.0020110331843508416 1.012759622745327 -5.334792658745829
250 1.0409809414493332 0.0021221206485490677 -19.702875848421716 -0.0021221206485490677 1.0409809414493332 -17.99879494679463
251 1.0137517411099881 0.003056888492415207 -7.394690805719988 -0.003056888492415207 1.0137517411099881 -4.734513504309156
252 1.029787196829914 0.00773009595153983 -14.217498817967916 -0.00773009595153983 1.029787196829914 -9.852031330397208
253 1.0092225967970436 0.0018784886600882059 -3.048989857472395 -0.0018784886600882059 1.0092225967970436 -3.493373080067834
254 1.0265923096602436 9.336350190004773e-05 -8.664199503446905 -9.336350190004773e-05 1.0265923096602436 -12.056915274284789
255 1.0141694209147725 -0.0007612273101493533 -3.940781515770299 0.0007612273101493533 1.0141694209147725 -7.169788490297107
256 1.019750246443349 0.007077282411863572 -9.74186228683957 -0.007077282411863572 1.019750246443349 -5.701385461922224
257 1.0094438899756601 0.0024234272849371994 -3.426578761817555 -0.0024234272849371994 1.0094438899756601 -3.9549583309752085
258 1.0231479986789322 0.003777093782382489 -6.0144855313771615 -0.003777093782382489 1.0231479986789322 -10.424547151739432
259 1.0070417413888026 -0.0011185699693243736 -0.6177485172398247 0.0011185699693243736 1.0070417413888026 -4.70149969987103
260 1.0095281005546732 -0.0002709151760556446 2.2479751003778756 0.0002709151760556446 1.0095281005546732 -5.91264028327857
261 1.0194027421843421 0.0021484066127172552 -13.551318727140222 -0.0021484066127172552 1.0194027421843421 -8.131974018921674
262 1.0185995672662402 0.0035593616304879366 -13.035857641538541 -0.0035593616304879366 1.0185995672662402 -7.744526640796777
263 1.0049712228794527 0.0015987068180916704 -2.9641070836776073 -0.0015987068180916704 1.0049712228794527 -1.6302203552242807
264 1.0203293838553273 -0.0007572248959589857 -11.794247311979394 0.0007572248959589857 1.0203293838553273 -11.74116593362762
265 1.0143077384370032 -0.0007026270274866262 -8.229515930166494 0.0007026270274866262 1.0143077384370032 -7.550323283380653
266 1.0117903440595521 0.00034040500425883786 -7.50237076104442 -0.00034040500425883786 1.0117903440595521 -6.394626059697515
267 1.0062817034691578 -0.0008322026558581638 -3.723578157542236 0.0008322026558581638 1.0062817034691578 -3.573056302391138
268 1.020582058693914 -0.002337055481656295 -14.099649097098615 0.002337055481656295 1.020582058693914 -12.123168585694664
269 1.0065828771125898 0.00015715418169184034 -4.3344169166374265 -0.00015715418169184034 1.0065828771125898 -2.368037002176597
270 1.0112132594692025 0.0003627223753136579 -8.265840177827604 -0.0003627223753136579 1.0112132594692025 -4.815218495838583
271 1.0011264681731276 0.0026707809976295855 -1.423611312557095 -0.0026707809976295855 1.0011264681731276 2.118986317290885
272 1.0067504196216837 0.0005441485552501999 -4.307642753071255 -0.0005441485552501999 1.0067504196216837 -3.1677325969741865
273 1.004742198089853 0.000246779277506992 -2.003153749910505 -0.000246779277506992 1.004742198089853 -1.5958116874630122
274 1.0034968842924321 -4.385437215176629e-05 -0.08275697596433051 4.385437215176629e-05 1.0034968842924321 -2.321778810184113
275 1.0029334105848564 0.00032123125769023254 -0.9230085640825313 -0.00032123125769023254 1.0029334105848564 -1.9955224080527316
276 1.0035398065970764 -0.0002635925911352788 -0.5425666415735647 0.0002635925911352788 1.0035398065970764 -3.5601172567284127
277 1.0051264173762184 -0.00048374383492361155 -2.8247275198510007 0.00048374383492361155 1.0051264173762184 -3.7396387968079443
278 1.0026006432111128 -0.0004781936999098738 -0.2836996784842043 0.0004781936999098738 1.0026006432111128 -2.7044298797198723
279 1.0025742766788015 -0.00042587693668010354 -0.5060580716800162 0.00042587693668010354 1.0025742766788015 -1.8106589031150442
280 1.0042784203751414 0.00022142955573764396 -1.3766044824567047 -0.00022142955573764396 1.0042784203751414 -1.7644320896651668
281 1.0039229889554746 0.0004808313294161957 -1.3428307965371629 -0.0004808313294161957 1.0039229889554746 -1.5208316062186227
282 1.0079869029314168 0.0006839795288229632 -0.027465498814425615 -0.0006839795288229632 1.0079869029314168 -3.6117310413760713
283 1.0020556713021285 0.000278964733779068 -0.04945501782404578 -0.000278964733779068 1.0020556713021285 -1.3395156279545555
284 1.0024237096502089 -0.0002873012490230592 1.099776607186563 0.0002873012490230592 1.0024237096502089 -1.8712174739354217
285 1.0025629077738347 -0.0005522717158819441 0.3771552982126669 0.0005522717158819441 1.0025629077738347 -2.229799484037973
286 1.0021556542906949 -0.0006214199861754199 2.315417110711166 0.0006214199861754199 1.0021556542906949 -2.907780847637878
287 1.0009227498034974 -0.0003201494704022958 0.39472463508640065 0.0003201494704022958 1.0009227498034974 -1.146589505580792
288 1.001415949070611 -0.0007412394421961192 1.1915669829699884 0.0007412394421961192 1.001415949070611 -2.3840337824759326
289 1.0028320148733374 0.00020374324565247104 -1.1163210158934203 -0.00020374324565247104 1.0028320148733374 -1.6091492486793992
290 1.0064038587630886 0.0011537383384044898 -2.54337642036175 -0.0011537383384044898 1.0064038587630886 -2.702354623218451
291 1.0031555144122692 0.0007243053911020693 -2.1159249063064185 -0.0007243053911020693 1.0031555144122692 -1.9870628202174596
292 1.0098705045248157 1.1335835002887593e-05 -5.616903270876157 -1.1335835002887593e-05 1.0098705045248157 -6.162100302459235
293 1.0050709335700083 -0.0003141295823782255 -2.5988773845279582 0.0003141295823782255 1.0050709335700083 -3.3045874977150884
294 1.0104506253819243 -0.0012559138783085491 -5.847038418736332 0.0012559138783085491 1.0104506253819243 -7.924568955523039
295 1.0044763214772292 -0.0010793103777922627 -2.8810171836610463 0.0010793103777922627 1.0044763214772292 -3.036335808746111
296 1.0139970001461036 -0.004349919949782876 -7.938390441024463 0.004349919949782876 1.0139970001461036 -10.292903886342582
297 1.0078114554437958 -0.0020187139087144306 -4.077385927909157 0.0020187139087144306 1.0078114554437958 -3.7822540093817762
298 1.0187048826986889 -0.005900668745817615 -8.601479638133753 0.005900668745817615 1.0187048826986889 -11.027502570139617
299 1.0071581186273444 -0.001545725262737941 -3.7155476551116955 0.001545725262737941 1.0071581186273444 -2.199896321206982
300 1.015537563298395 -0.005538106262953234 -8.082567624473958 0.005538106262953234 1.015537563298395 -8.724148181686544
301 1.0086919294159393 -0.00041684063828697544 -4.926001911025558 0.00041684063828697544 1.0086919294159393 -3.1542815115475014
