0 1.0 0.0 0.0 0.0 1.0 0.0
1 0.9999806822315451 -4.627994778127739e-05 -0.009838117884610142 4.627994778127739e-05 0.9999806822315451 0.26849757088465287
2 0.9998355263166603 -2.1346856596245753e-05 -0.22670078438377506 2.1346856596245753e-05 0.9998355263166603 0.006233894649289251
3 0.9998884924568654 -5.655669631999237e-06 0.10093483196066733 5.655669631999237e-06 0.9998884924568654 -0.5362203699222778
4 1.000004622923119 -7.984588602363428e-05 0.0821371450400343 7.984588602363428e-05 1.000004622923119 -0.26755285054306527
5 1.0000963161308785 -8.407564460525566e-05 -0.25084739116423616 8.407564460525566e-05 1.0000963161308785 -0.04745051407302399
6 1.0000111496614608 -0.00014216257313561228 -0.18982274667742308 0.00014216257313561228 1.0000111496614608 1.1695773841239634
7 0.9998003096522882 0.00011601731310449692 0.24661788351523883 -0.00011601731310449692 0.9998003096522882 0.4655421880526017
8 0.9998977362396625 6.364914408806175e-05 0.15801218599940522 -6.364914408806175e-05 0.9998977362396625 -0.2961649859267788
9 0.9999028243571394 8.037147315383155e-05 0.06754688267543035 -8.037147315383155e-05 0.9999028243571394 -0.8383723311420309
10 1.0001985738470534 -0.00010790962742294106 0.03535295527876137 0.00010790962742294106 1.0001985738470534 -1.6090039569175298
11 1.0001041756234852 -3.1598714463657776e-05 -0.0203231825277784 3.1598714463657776e-05 1.0001041756234852 -0.21429515010714456
12 1.000078747234854 -3.041922079156637e-05 -0.02132685642616746 3.041922079156637e-05 1.000078747234854 0.5945520301706598
13 0.9997066572996516 9.567054854315874e-05 0.451886267237019 -9.567054854315874e-05 0.9997066572996516 1.7797017852064287
14 0.999903500058753 1.849651511463742e-05 0.11305206567333567 -1.849651511463742e-05 0.999903500058753 -0.33443124778779776
15 0.9998441234885571 2.1581777924629203e-06 0.0659761848402704 -2.1581777924629203e-06 0.9998441234885571 -0.8596180380325448
16 1.0001256035226753 -2.7048562226673718e-05 -0.14606806916580786 2.7048562226673718e-05 1.0001256035226753 -0.644689246463245
17 1.000117904031761 -0.00013204786186416222 -0.3287652552172483 0.00013204786186416222 1.000117904031761 -0.31257322087426576
18 1.000007477737042 -7.742005598632368e-05 -0.030227307156922123 7.742005598632368e-05 1.000007477737042 0.4247674457969377
19 0.9999109913405285 0.00014968039749578267 -0.11961805189472217 -0.00014968039749578267 0.9999109913405285 0.24975175967974345
20 0.9999238904492393 4.5479360098080304e-05 -0.052502358989318834 -4.5479360098080304e-05 0.9999238904492393 0.2217836817218145
21 0.9999301082483542 5.301662751374219e-05 0.045253856418590824 -5.301662751374219e-05 0.9999301082483542 -0.07338310740903616
22 0.9999482412296382 2.0541123405202847e-06 0.11077945021409127 -2.0541123405202847e-06 0.9999482412296382 -0.2691351438819389
23 1.0000565936950145 -6.720942432836078e-05 -0.011862871546807758 6.720942432836078e-05 1.0000565936950145 0.07638761101055383
24 0.9999249203018226 1.5941392099654098e-05 0.23843548943731105 -1.5941392099654098e-05 0.9999249203018226 0.24616278683645587
25 0.9999950561994421 2.6858847168179188e-06 0.08470910091159564 -2.6858847168179188e-06 0.9999950561994421 0.14723475359108754
26 1.0000264472767233 -7.236911015067101e-05 0.055059394496319594 7.236911015067101e-05 1.0000264472767233 -0.285018995793492
27 0.9999892180812535 1.3816416280814654e-06 -0.005458774124922301 -1.3816416280814654e-06 0.9999892180812535 -0.0935437678240367
28 1.0000216206697004 -3.34872456327795e-05 -0.03798114221254957 3.34872456327795e-05 1.0000216206697004 0.1415258295665484
29 0.9999757930583253 1.520873888453754e-05 0.052181164335461966 -1.520873888453754e-05 0.9999757930583253 -0.04372683233165678
30 0.9999868722373348 3.402770440945618e-05 -0.012715889578159813 -3.402770440945618e-05 0.9999868722373348 0.07565477881477013
31 1.0000740734073257 9.691413139312485e-06 -0.11891261483855811 -9.691413139312485e-06 1.0000740734073257 0.006624945791772878
32 1.0000222016354503 5.7835547030341195e-05 -0.022601916393188204 -5.7835547030341195e-05 1.0000222016354503 0.13675445439272094
33 1.0000950608215031 3.961631086765781e-05 -0.08253246207502155 -3.961631086765781e-05 1.0000950608215031 0.21193084038913013
34 1.0001098626117009 -3.8394207985841845e-06 -0.051915118574873215 3.8394207985841845e-06 1.0001098626117009 0.41397080358285265
35 1.0000443352407569 4.29856041713407e-05 -0.06274322472883917 -4.29856041713407e-05 1.0000443352407569 0.11040934158552267
36 0.9999675094793472 -5.657908162214748e-05 0.03681445974590897 5.657908162214748e-05 0.9999675094793472 -0.10404862761209704
37 1.0000293411749404 0.00010912991065934465 -0.005126372159731392 -0.00010912991065934465 1.0000293411749404 0.05555588398504262
38 1.0000914626974224 -2.2897551376960604e-05 -0.013601402663667717 2.2897551376960604e-05 1.0000914626974224 0.2242596011641238
39 1.0000349008621214 -5.562278457478499e-06 0.07347250215692051 5.562278457478499e-06 1.0000349008621214 0.36253654880118935
40 0.9999167193407673 6.179828443041757e-05 0.1847362695160513 -6.179828443041757e-05 0.9999167193407673 0.36535293843578637
41 1.0000468777389315 4.126627113232057e-05 0.08489482952171384 -4.126627113232057e-05 1.0000468777389315 -0.0006161556472285001
42 0.999977753483703 -9.375362698908177e-06 0.12116530759449803 9.375362698908177e-06 0.999977753483703 -0.19207097882090823
43 1.0000999403475388 -3.559987582098096e-05 0.03219464202367121 3.559987582098096e-05 1.0000999403475388 0.2353052664914811
44 0.9999464780819209 -1.759311442962839e-05 0.044735381547705455 1.759311442962839e-05 0.9999464780819209 0.2953066286350714
45 1.0000236198873862 -3.639095746882688e-05 -0.003488812730275713 3.639095746882688e-05 1.0000236198873862 0.01689575548780993
46 1.000012351713228 -9.789975841068444e-06 0.05058938647781752 9.789975841068444e-06 1.000012351713228 0.03225801929990024
47 1.0000022742431218 0.00010433784425014347 -0.27977511374490843 -0.00010433784425014347 1.0000022742431218 -0.01946440014804203
48 1.0000126127077147 -0.00015077400356026485 -0.15819093327812464 0.00015077400356026485 1.0000126127077147 -0.23744840928982025
49 0.9998963442268508 2.2863929802614027e-05 -0.2066068772140758 -2.2863929802614027e-05 0.9998963442268508 -0.12073417334131044
50 0.9999931168052879 -5.8357223887897e-06 -0.053125755908229766 5.8357223887897e-06 0.9999931168052879 -0.12840157280966155
51 0.9999844548123852 -8.587095963703901e-05 -0.22489221458755973 8.587095963703901e-05 0.9999844548123852 -0.22107340283247248
52 1.0000090996952695 -7.206090898739982e-05 -0.18934401716089858 7.206090898739982e-05 1.0000090996952695 -0.21226612403891548
53 1.0000540818695638 3.330685145771441e-05 -0.09007060499015271 -3.330685145771441e-05 1.0000540818695638 0.0380370017500275
54 1.0000011185374793 -0.00011246856082422022 -0.19813666079548625 0.00011246856082422022 1.0000011185374793 -0.00453845754464192
55 0.9999316236415162 -0.00011081973699425123 -0.2895829854466536 0.00011081973699425123 0.9999316236415162 0.03662922360684552
56 1.0000180816400022 -0.0001182859288837209 -0.17421230955524752 0.0001182859288837209 1.0000180816400022 0.10540725197076517
57 0.9999654990308502 -2.1981358399090423e-05 0.014549251604349854 2.1981358399090423e-05 0.9999654990308502 0.04998443588765677
58 1.0000408711153064 -4.639871571795284e-05 -0.15310704649568027 4.639871571795284e-05 1.0000408711153064 -0.03001509829318603
59 1.0001288431141617 -7.540041853846256e-05 -0.28331025097788287 7.540041853846256e-05 1.0001288431141617 0.03645698371697359
60 1.000022957815097 -4.717494390217452e-05 -0.1669803784671458 4.717494390217452e-05 1.000022957815097 0.12296175367559951
61 1.0000690571158493 -0.00011431282867964804 -0.22136445095051113 0.00011431282867964804 1.0000690571158493 -0.005374004999655527
62 0.9999951422217247 -0.00013137443590547615 -0.0803431217227911 0.00013137443590547615 0.9999951422217247 -0.03036591117552337
63 1.0000256807558139 7.163307112529142e-05 0.050842194434661384 -7.163307112529142e-05 1.0000256807558139 0.01786345369376273
64 0.9999767158686269 3.262925425335014e-05 0.140003479563038 -3.262925425335014e-05 0.9999767158686269 -0.07888257357106007
65 0.9999391252197256 -2.5343037663350348e-05 0.15468425205602065 2.5343037663350348e-05 0.9999391252197256 -0.09226143818178867
66 1.000027747924072 -0.0001306967971420366 0.018889917563675574 0.0001306967971420366 1.000027747924072 -0.23869276728422956
67 0.9999839925535208 -2.148095404393778e-05 0.108024014201809 2.148095404393778e-05 0.9999839925535208 -0.030569435075824387
68 1.000001724492143 -4.803084985427708e-05 0.12420917492395434 4.803084985427708e-05 1.000001724492143 -0.09148060653754164
69 0.9998342793693389 9.170212842374852e-05 0.6527479989537273 -9.170212842374852e-05 0.9998342793693389 0.14881094909707027
70 0.9998733119618073 0.00012328214006620294 0.3740875948522935 -0.00012328214006620294 0.9998733119618073 0.1975701680154749
71 0.9998274826837489 0.00010106540610003783 0.5477288483869646 -0.00010106540610003783 0.9998274826837489 -0.07581152898476186
72 0.9999307785426756 6.460365270944386e-05 0.48658176748758625 -6.460365270944386e-05 0.9999307785426756 0.15290527819529853
73 0.9999536932837055 3.44483606219351e-05 0.32021919413320843 -3.44483606219351e-05 0.9999536932837055 -0.25110185084264697
74 0.9999745270362957 9.457020972788282e-05 0.263768486358916 -9.457020972788282e-05 0.9999745270362957 0.20180798639804085
75 1.0000961006472673 3.791910744578065e-05 -0.0768208767015997 -3.791910744578065e-05 1.0000961006472673 -0.07207894551889928
76 1.000111232354687 6.041265377501202e-05 -0.11765191016860932 -6.041265377501202e-05 1.000111232354687 -0.004309751745203594
77 1.0000352064819547 9.74214290435564e-06 0.009157618286106861 -9.74214290435564e-06 1.0000352064819547 0.06954821228859721
78 1.0001009675385804 0.00018182655717255994 0.07483526803875318 -0.00018182655717255994 1.0001009675385804 0.016397263190482736
79 0.9999707418347024 9.676992102542034e-05 -0.025080604152065512 -9.676992102542034e-05 0.9999707418347024 -0.3755058293095943
80 0.9999930210249869 2.0732002007457433e-06 0.07487199141345771 -2.0732002007457433e-06 0.9999930210249869 -0.09944247732295021
81 1.0000274523104857 -1.636051144483199e-05 0.12835801060484603 1.636051144483199e-05 1.0000274523104857 0.07415562135516002
82 0.9999132540314642 -3.407865627731169e-05 0.07367409279941908 3.407865627731169e-05 0.9999132540314642 0.05079591550072605
83 0.9999779770814758 -5.540377475370247e-07 -0.035764293270305225 5.540377475370247e-07 0.9999779770814758 0.01967246199048841
84 1.0000550397313466 -7.080811282019742e-05 -0.4116300675279951 7.080811282019742e-05 1.0000550397313466 -0.3237432883629084
85 0.9999901308009885 -4.6692401320943104e-05 -0.10782266057454862 4.6692401320943104e-05 0.9999901308009885 -0.18326492425108226
86 0.9999776425014362 -2.587307021536012e-05 -0.1735400409264542 2.587307021536012e-05 0.9999776425014362 -0.3047404095594901
87 0.9999779989744051 -8.75567083747502e-05 -0.17272377417316667 8.75567083747502e-05 0.9999779989744051 -0.3179086469160853
88 0.9999244716050203 -0.00010105973129054068 0.1504695981734966 0.00010105973129054068 0.9999244716050203 -0.21409827704412177
89 0.9999961412035088 9.909210069577646e-07 0.05352750487233925 -9.909210069577646e-07 0.9999961412035088 -0.07481892403346775
90 0.9999806295688871 2.3043914653256308e-05 0.017709806975106893 -2.3043914653256308e-05 0.9999806295688871 0.16284207622635694
91 1.0000600908205608 -8.420391632063217e-05 -0.0038495407159168885 8.420391632063217e-05 1.0000600908205608 0.18591778927083266
92 1.0000212979897318 -1.826061808601159e-05 0.03673134235555641 1.826061808601159e-05 1.0000212979897318 0.3198198714785077
93 1.0000145146265662 2.8894540473271713e-05 -0.37380417793158177 -2.8894540473271713e-05 1.0000145146265662 0.17014379255294776
94 1.0000280832630017 -0.00011862321695541364 -0.11800182763213507 0.00011862321695541364 1.0000280832630017 -0.49296184394926534
95 0.9998554313854405 -9.073273978622625e-05 -0.17099519744041058 9.073273978622625e-05 0.9998554313854405 -0.2918639125950029
96 0.9999954684556049 -8.562464495105692e-05 -0.11277237384437555 8.562464495105692e-05 0.9999954684556049 -0.21451796037829088
97 0.9998955769523336 -4.200135671381072e-05 0.06672687350271175 4.200135671381072e-05 0.9998955769523336 0.2017030933233273
98 0.9999895086593487 -9.641308179592393e-05 -0.07859490228565341 9.641308179592393e-05 0.9999895086593487 -0.024288062291990653
99 0.999986869216224 -5.38702288734506e-05 -0.01730425297140581 5.38702288734506e-05 0.999986869216224 0.3314964894619641
100 0.9999760503557595 -2.6172596900538656e-05 -0.009674636410492593 2.6172596900538656e-05 0.9999760503557595 0.18360372928118393
101 0.9999650460127841 -4.528833084334152e-06 -0.02346447878479672 4.528833084334152e-06 0.9999650460127841 0.10198945458747413
102 0.9999351191657453 -8.211755553020638e-05 0.05815714134430917 8.211755553020638e-05 0.9999351191657453 -0.08512774311947736
103 0.9999444427120489 -7.660106366509165e-05 0.0038459140071889415 7.660106366509165e-05 0.9999444427120489 -0.1655089104821985
104 0.9999232847819801 -0.00016484126530582122 0.06134005180990005 0.00016484126530582122 0.9999232847819801 -0.423180082775796
105 0.9999557053923697 1.0267891500274172e-05 -0.023500234262694316 -1.0267891500274172e-05 0.9999557053923697 -0.043396498618896696
106 0.9999964702710304 5.096997895302576e-05 -0.07779988104758279 -5.096997895302576e-05 0.9999964702710304 -0.008782304611399519
107 0.9998683399406653 -7.045615246779185e-05 -0.12253816761308878 7.045615246779185e-05 0.9998683399406653 0.020074393457701012
108 0.9999932605413191 -1.403020131527997e-05 -0.180569450545501 1.403020131527997e-05 0.9999932605413191 0.46307806624608516
109 0.9999015925243874 -7.391975528717037e-05 -0.06026998712232615 7.391975528717037e-05 0.9999015925243874 0.18948787011430884
110 0.9999010610566964 6.340887012570415e-05 0.007681803339828242 -6.340887012570415e-05 0.9999010610566964 -0.16197156037708865
111 1.000002883070716 4.487498847527538e-05 -0.009920559193436068 -4.487498847527538e-05 1.000002883070716 -0.44866343387849106
112 0.9999585038361241 6.693811547235729e-05 0.03295512284673718 -6.693811547235729e-05 0.9999585038361241 -0.4168685110877805
113 0.9999734978279768 7.493517330868731e-05 -0.00728891603044543 -7.493517330868731e-05 0.9999734978279768 -0.2987494080778172
114 0.9999428109364836 -3.749481382334424e-05 0.026319907003002085 3.749481382334424e-05 0.9999428109364836 0.07515715472989895
115 0.9999890575451228 1.4308847548021334e-05 -0.15013770122506861 -1.4308847548021334e-05 0.9999890575451228 0.03371169374426393
116 1.000071061620748 -2.27893360780888e-05 -0.18311193681594726 2.27893360780888e-05 1.000071061620748 -0.018429216244057675
117 1.000086844541219 -2.4068478561442726e-05 -0.16718817120894042 2.4068478561442726e-05 1.000086844541219 0.00347033431182249
118 1.0000989511424079 -3.989477789103171e-05 -0.23745079765575663 3.989477789103171e-05 1.0000989511424079 -0.025349283437207486
119 0.999988242231609 -8.159650122531057e-05 -0.1578173096312652 8.159650122531057e-05 0.999988242231609 -0.05895750455830332
120 0.9999263589989764 -6.984630950302164e-05 -0.02765155346469464 6.984630950302164e-05 0.9999263589989764 -0.035648570784304306
121 0.9999238663894666 -8.110455567063712e-05 0.01333886203947715 8.110455567063712e-05 0.9999238663894666 -0.14168758133859086
122 0.9998800085613702 -0.00011945763270378194 0.11225687023533151 0.00011945763270378194 0.9998800085613702 -0.17010115733032774
123 0.9999067403818646 -6.393737981507236e-05 0.09218703279957878 6.393737981507236e-05 0.9999067403818646 -0.1328186014868872
124 1.000026707138419 -7.638550268380479e-05 -0.003853664879783558 7.638550268380479e-05 1.000026707138419 -0.24299896823090794
125 0.9999777225761972 -0.0001882751635340778 -0.08200400102529586 0.0001882751635340778 0.9999777225761972 -0.37224330746362794
126 1.0000191270286645 -0.00010668068934007489 -0.07886123050798768 0.00010668068934007489 1.0000191270286645 0.01825199584161315
127 0.9999796368826017 -7.978391068399877e-05 -0.08378137679058056 7.978391068399877e-05 0.9999796368826017 0.17911146546039053
128 1.000013792539557 -5.7899656072205266e-05 -0.13675364637457021 5.7899656072205266e-05 1.000013792539557 0.31058990238112694
129 1.0000577449349117 1.4715353481959737e-05 -0.058030393904486166 -1.4715353481959737e-05 1.0000577449349117 -0.04286463377404191
130 1.0000151456726423 6.667340143717452e-05 -0.09829324960509422 -6.667340143717452e-05 1.0000151456726423 -0.27072993826184505
131 1.0000187695999843 -5.6641331775723724e-06 -0.0013788072765108282 5.6641331775723724e-06 1.0000187695999843 0.08875435854441804
132 1.0000589555293398 1.1333936366038187e-05 0.01636762334765998 -1.1333936366038187e-05 1.0000589555293398 0.1689598256830914
133 0.9999543402310308 1.5687791882720435e-05 0.15415560489549424 -1.5687791882720435e-05 0.9999543402310308 0.3127651833870132
134 0.9999746199971028 3.894207992107482e-05 -0.10612635165943911 -3.894207992107482e-05 0.9999746199971028 0.45952794460979524
135 0.9997707082067803 9.154718714179141e-05 0.24177649569316628 -9.154718714179141e-05 0.9997707082067803 -0.24803890652782357
136 0.9998408895521008 -2.104875324295799e-06 0.18472614240773633 2.104875324295799e-06 0.9998408895521008 -0.07492258385841935
137 0.9999862964277655 -4.286135402824318e-05 0.06128808486410828 4.286135402824318e-05 0.9999862964277655 0.052045059591896675
138 0.9998472013349611 5.482866369122735e-05 0.13193960685406278 -5.482866369122735e-05 0.9998472013349611 -0.011223088580200585
139 0.9998468189720595 6.524888657961607e-05 0.16899065840127858 -6.524888657961607e-05 0.9998468189720595 0.31274031994673956
140 0.9998549300637694 0.00011625132653095537 0.4143322747573288 -0.00011625132653095537 0.9998549300637694 -0.015279201818325427
141 0.9998593919236485 5.0805249803307555e-05 0.38197354336317557 -5.0805249803307555e-05 0.9998593919236485 -0.01931111535913274
142 0.9999571471435326 -1.81280174762718e-05 0.29645949047945885 1.81280174762718e-05 0.9999571471435326 -0.1348112261454779
143 0.9999983936651239 -5.346801876814121e-07 0.30978557102975923 5.346801876814121e-07 0.9999983936651239 -0.23312523485187436
144 0.9999449479968389 2.347155318115184e-05 0.17391152261903742 -2.347155318115184e-05 0.9999449479968389 0.050435783237055345
145 1.0001301918629837 -2.3864136826810204e-05 0.20002336292611012 2.3864136826810204e-05 1.0001301918629837 0.22691507952085055
146 0.9998540552377719 0.00021822385505643432 0.24230725108617887 -0.00021822385505643432 0.9998540552377719 -0.059871609729007916
147 1.0000277755954508 6.727933109062676e-05 0.13026571490053795 -6.727933109062676e-05 1.0000277755954508 0.4023687410931178
148 0.9999057390555667 0.0001082716168339079 0.3176470279993908 -0.0001082716168339079 0.9999057390555667 -0.1958464631476747
149 1.0001010926289395 2.4179474815367186e-05 0.20494891576266983 -2.4179474815367186e-05 1.0001010926289395 0.0033544788081494303
150 0.9998771191577617 0.0001206161634117669 0.3515085397754936 -0.0001206161634117669 0.9998771191577617 -0.24915888427482188
151 0.9998878346087071 0.00013159995680412 0.3757555083880422 -0.00013159995680412 0.9998878346087071 0.05744915370132553
152 0.9998655767574393 -9.950987067001066e-05 0.33050890351622464 9.950987067001066e-05 0.9998655767574393 -0.22680255250367948
153 0.9998904592542007 -1.2204111066032011e-05 0.19747829335725514 1.2204111066032011e-05 0.9998904592542007 0.438380843136867
154 0.9998409647958525 6.260668161540918e-05 0.14427248345608074 -6.260668161540918e-05 0.9998409647958525 -0.5529792672044469
155 1.0000072626905998 -2.7838425973355785e-05 -0.05265783857415267 2.7838425973355785e-05 1.0000072626905998 -0.4161422963495723
156 1.0000126120694288 -4.7010070957872416e-05 0.0026608717718509256 4.7010070957872416e-05 1.0000126120694288 0.07251648624078336
157 0.9999856786064214 -9.047871646345411e-05 -0.011874015369657667 9.047871646345411e-05 0.9999856786064214 1.5901696496453117
158 0.9996602801436605 9.073065165245695e-05 0.10603207467784204 -9.073065165245695e-05 0.9996602801436605 0.6482772826986207
159 0.9997231124142202 6.400805286717733e-05 0.40260261067527936 -6.400805286717733e-05 0.9997231124142202 -0.953662913402469
160 1.0001378406222516 -0.00010454908992652207 -0.00937817668113844 0.00010454908992652207 1.0001378406222516 -1.6685016703044453
161 1.000030095861036 -0.00010364832192163011 -0.07049978057335266 0.00010364832192163011 1.000030095861036 -0.15596261151686763
162 1.0000769333936808 -2.929399913996114e-05 -0.003741170903787913 2.929399913996114e-05 1.0000769333936808 0.5847144014409884
163 0.999937760994661 -1.197500670879737e-05 -0.07204299756713295 1.197500670879737e-05 0.999937760994661 1.223656513562097
164 0.9996018108291083 0.00020437477515705126 0.4658522648342808 -0.00020437477515705126 0.9996018108291083 0.7226638934052356
165 0.999868668454343 0.0001013311113538572 0.19025308649295147 -0.0001013311113538572 0.999868668454343 -0.6563361403564218
166 1.0000268204750808 3.78705417008866e-05 0.08953431052209426 -3.78705417008866e-05 1.0000268204750808 -0.4094116785753491
167 1.0001024986948954 -5.4692025495799764e-05 -0.05884898778994907 5.4692025495799764e-05 1.0001024986948954 -0.2962694821013454
168 1.0000052326296014 -9.73528291327774e-06 0.08526758366685272 9.73528291327774e-06 1.0000052326296014 0.333106305384308
169 0.9999374376825544 -1.748478247789865e-05 0.1746843978334477 1.748478247789865e-05 0.9999374376825544 0.6221723574811668
170 0.9998137481646917 8.034714435261066e-05 0.2014621983900182 -8.034714435261066e-05 0.9998137481646917 0.13377132083630974
171 0.9999007415539282 3.422742940997986e-05 0.11846391941987033 -3.422742940997986e-05 0.9999007415539282 -0.12032997243486947
172 0.9999645022334734 3.438645533469212e-05 0.06726338263244158 -3.438645533469212e-05 0.9999645022334734 -0.4205329598840915
173 0.9999988186111463 1.341973680446984e-05 0.027060913002016823 -1.341973680446984e-05 0.9999988186111463 -0.43229129476442335
174 1.0000742324558727 -7.548532311675723e-05 0.06800718898225168 7.548532311675723e-05 1.0000742324558727 0.2814556667573268
175 0.9999034573558438 2.2790453684275495e-05 -0.0041746831188606975 -2.2790453684275495e-05 0.9999034573558438 0.2068766810483993
176 0.9998532044140047 2.7769656848539316e-05 0.09982409448573913 -2.7769656848539316e-05 0.9998532044140047 -0.012673794462532096
177 0.999923816749042 8.473145141015324e-06 0.0777362438430415 -8.473145141015324e-06 0.999923816749042 -0.024114240743020935
178 0.9997732882803675 -1.1547311797652418e-05 0.17551089952821344 1.1547311797652418e-05 0.9997732882803675 -0.009480351170687275
179 0.9999491653568757 6.554781867758222e-06 -0.03454166724444632 -6.554781867758222e-06 0.9999491653568757 -0.010174047322484552
180 0.9999480462925793 -1.803526075282157e-05 -0.011260099141041091 1.803526075282157e-05 0.9999480462925793 0.031037111627407632
181 0.9999802520716163 -4.9408774570703386e-05 -0.013438238236484254 4.9408774570703386e-05 0.9999802520716163 0.1602302591775849
182 1.0000226640072438 -4.189943143297169e-05 0.028627431989638796 4.189943143297169e-05 1.0000226640072438 0.0762139731024869
183 0.9999854969660859 -7.155388859131796e-05 0.15875381938820854 7.155388859131796e-05 0.9999854969660859 -0.02840908782869411
184 0.9999777161203244 -1.8033376935337697e-06 0.3210975019786558 1.8033376935337697e-06 0.9999777161203244 0.05968918900456323
185 0.9999240013561956 -2.116507448590016e-05 0.0782303532227965 2.116507448590016e-05 0.9999240013561956 -0.20579388338107474
186 0.9999255732098488 1.7626731152406726e-05 0.04790211238176248 -1.7626731152406726e-05 0.9999255732098488 -0.23104154781115815
187 0.9999810616888419 1.811317127746762e-05 -0.09315578716491185 -1.811317127746762e-05 0.9999810616888419 0.016698527764627047
188 1.0000985044405273 -5.5264321648801775e-05 -0.025853216210389735 5.5264321648801775e-05 1.0000985044405273 -0.0014461344743596062
189 1.0000080293007108 -4.9492308973706666e-05 -0.044221955866320585 4.9492308973706666e-05 1.0000080293007108 -0.14918723811090073
190 0.999971013487259 -1.78747198987982e-05 -0.011255406484267429 1.78747198987982e-05 0.999971013487259 -0.04271615687504601
191 0.999903082384175 7.945509107211872e-05 0.04108048650661751 -7.945509107211872e-05 0.999903082384175 -0.08431516751275642
192 0.9999818942519177 4.185055443470893e-05 0.03000133838530583 -4.185055443470893e-05 0.9999818942519177 0.02031160144978883
193 1.0000441624392684 -7.848053697167017e-06 0.10066512251387152 7.848053697167017e-06 1.0000441624392684 -0.07129495854227211
194 1.0000380816738976 6.600632246720197e-05 0.05091974204028471 -6.600632246720197e-05 1.0000380816738976 0.08155862950378232
195 1.000023618004145 -2.3587466181677154e-05 0.04261064455113084 2.3587466181677154e-05 1.000023618004145 0.0168838098039662
196 1.0000395414199335 -2.2354592345890643e-05 0.050521506642732694 2.2354592345890643e-05 1.0000395414199335 0.05872892508112115
197 1.0000175035322612 1.8366401516967488e-05 0.11118593450150448 -1.8366401516967488e-05 1.0000175035322612 0.0747276298308124
198 1.0000260132146985 4.978575562579902e-06 0.1122151032887676 -4.978575562579902e-06 1.0000260132146985 0.045718791790792856
199 0.999998645057509 -1.6289174972640224e-05 0.15809780325077122 1.6289174972640224e-05 0.999998645057509 0.05330223651721203
200 0.9999879822558569 -5.401723115588951e-06 0.10816598357152353 5.401723115588951e-06 0.9999879822558569 0.047873202510868546
201 0.9999862614482778 5.966419591299855e-05 0.10585079275935728 -5.966419591299855e-05 0.9999862614482778 -0.05845448727461255
202 0.9999735141867964 4.3740229613455e-06 -0.011087848424424316 -4.3740229613455e-06 0.9999735141867964 -0.08159990549661916
203 0.9999727513407993 3.7920925314348746e-05 0.06933721408548656 -3.7920925314348746e-05 0.9999727513407993 -0.03217291674959091
204 0.9999702872271043 -4.838186340667901e-05 -0.02225303013285663 4.838186340667901e-05 0.9999702872271043 0.026945393138162427
205 0.9999898643108062 2.8213295669307786e-07 -0.008836014205320968 -2.8213295669307786e-07 0.9999898643108062 0.4557060854157592
206 1.0000057447872996 2.3239234613106282e-05 -0.023504247138593462 -2.3239234613106282e-05 1.0000057447872996 0.03347710135372433
207 1.000000779679637 7.876504690014991e-06 -0.019463874470126052 -7.876504690014991e-06 1.000000779679637 0.07157498489582581
208 1.0000051982864615 4.0880170426241114e-05 -0.010110241546105897 -4.0880170426241114e-05 1.0000051982864615 0.04444819349557327
209 1.0000239293000728 4.0472144799473357e-07 -0.25081278397506734 -4.0472144799473357e-07 1.0000239293000728 0.05430264319253364
210 1.0000284700110045 1.5274941794481028e-05 -0.05159599321059021 -1.5274941794481028e-05 1.0000284700110045 0.028581687640859263
211 1.0000652304345596 9.221655334677222e-05 0.12225422347120261 -9.221655334677222e-05 1.0000652304345596 0.05485531827538372
212 1.0000545798434284 8.086993968432836e-05 0.2295336999296061 -8.086993968432836e-05 1.0000545798434284 0.11238290953097096
213 1.0000551359254424 6.0021099102045255e-05 0.061256737747654534 -6.0021099102045255e-05 1.0000551359254424 -0.011550378664441727
214 0.9999385568573531 1.8850504025386695e-05 -0.1787358973340867 -1.8850504025386695e-05 0.9999385568573531 -0.10362455807574043
215 1.0000302476572238 4.047619315894764e-05 -0.1773781191456277 -4.047619315894764e-05 1.0000302476572238 -0.08594653974135405
216 1.0000115955943238 2.697236937003907e-05 -0.1541246672427149 -2.697236937003907e-05 1.0000115955943238 -0.08077044619956797
217 1.0000059693510932 -8.947118970914914e-06 -0.15828117120379082 8.947118970914914e-06 1.0000059693510932 -0.037508596748397995
218 0.9999854560476688 -3.057346392343627e-05 -0.032188289563537364 3.057346392343627e-05 0.9999854560476688 -0.04744091960562266
219 0.999980333754563 2.3206370731379584e-05 -0.1239495866703357 -2.3206370731379584e-05 0.999980333754563 -0.2505438798878067
220 1.0000281243275155 -1.6805071593317886e-05 -0.058706228814274716 1.6805071593317886e-05 1.0000281243275155 -0.01589174125759695
221 1.0000663876164166 3.673457657333069e-05 0.009632393618685856 -3.673457657333069e-05 1.0000663876164166 0.05070541010715389
222 1.000123251222325 6.168443086455453e-05 0.009959078608192451 -6.168443086455453e-05 1.000123251222325 -0.03328292707619162
223 1.0000849353116363 7.063877169043453e-05 0.017988766188012886 -7.063877169043453e-05 1.0000849353116363 -0.08147890458455795
224 0.9999943097249182 2.78783897002964e-05 -0.026027720710097575 -2.78783897002964e-05 0.9999943097249182 -0.3256968414062206
225 1.0000549056253545 6.293030020782447e-05 -0.008069837040284397 -6.293030020782447e-05 1.0000549056253545 -0.05151838195096281
226 1.0000501778848572 5.1421590278599275e-05 -0.01407055130451497 -5.1421590278599275e-05 1.0000501778848572 -0.038135073733318064
227 1.0000025580738117 3.7505844682116305e-06 -0.02103467946108052 -3.7505844682116305e-06 1.0000025580738117 -0.04070464145589882
228 1.000134137500036 1.0710355189162232e-05 -0.0017820491828510684 -1.0710355189162232e-05 1.000134137500036 -0.07111910214532961
229 1.000036899175174 1.3624617214318778e-05 -0.035222865931947164 -1.3624617214318778e-05 1.000036899175174 -0.0882910206722564
230 0.9999225278427308 -3.551132972440169e-05 -0.12338633975281647 3.551132972440169e-05 0.9999225278427308 -0.06937274781411826
231 1.000012071151568 -2.328161315387363e-05 0.00012064799021675238 2.328161315387363e-05 1.000012071151568 0.01670514899842891
232 1.0000053889308493 -2.0839498453541038e-05 0.03341743742698866 2.0839498453541038e-05 1.0000053889308493 0.0540789665835381
233 0.9999963220113622 -5.147356411698091e-06 0.022710054536914593 5.147356411698091e-06 0.9999963220113622 -0.01194425912276692
234 0.9999987466413346 9.543437859981034e-06 0.03796054528568771 -9.543437859981034e-06 0.9999987466413346 -0.09509306840395981
235 0.999864121942956 -8.435855996421506e-05 0.10248815608808945 8.435855996421506e-05 0.999864121942956 -0.07590752455116052
236 0.9998921059715539 -4.036923368746717e-05 0.02621520296996835 4.036923368746717e-05 0.9998921059715539 0.0006018502202901899
237 0.9998827056724905 -4.0185858668210424e-05 0.05310190237777576 4.0185858668210424e-05 0.9998827056724905 0.22637271412344329
238 0.99990385442723 -6.847095311132019e-05 -0.00891933164015197 6.847095311132019e-05 0.99990385442723 0.04177696892213526
239 0.9998576222485489 -7.320757828999124e-05 0.020710467214988926 7.320757828999124e-05 0.9998576222485489 0.04203314260580124
240 0.9998790946437072 -0.00010449747308723426 -0.008118549577549827 0.00010449747308723426 0.9998790946437072 0.04845459143174452
241 0.9999015830719017 -6.696859971323392e-05 -0.030769303162605458 6.696859971323392e-05 0.9999015830719017 0.014835074388916972
242 0.999908459652977 -8.269999825303185e-05 -0.008934618475850633 8.269999825303185e-05 0.999908459652977 -0.0795838313201071
243 0.9999242222906077 -5.678898930600872e-05 -0.03273632376559958 5.678898930600872e-05 0.9999242222906077 -0.026549472067037262
244 0.9999207292425109 -3.877287076402082e-05 0.0019523995138843037 3.877287076402082e-05 0.9999207292425109 0.03009655459238677
245 0.9998982154021072 -6.948946346026737e-05 -0.13330321986149296 6.948946346026737e-05 0.9998982154021072 0.01896819840943126
246 0.9998545063169347 -0.00019471697970994202 -0.09937105065218854 0.00019471697970994202 0.9998545063169347 0.10643907940205644
247 0.9998888579587493 -5.780647613420113e-05 0.014522414439931516 5.780647613420113e-05 0.9998888579587493 -0.02712651713461356
248 0.9999582985893856 -4.566416856735261e-05 0.016704990691167525 4.566416856735261e-05 0.9999582985893856 -0.004495762655346078
249 0.99997724973822 -3.276959790254115e-05 0.10520149236535381 3.276959790254115e-05 0.99997724973822 0.0034730659123192696
250 0.9999642503588384 -1.0961211407703869e-05 0.08095422060827089 1.0961211407703869e-05 0.9999642503588384 -0.030737120144664995
251 1.000035207885089 -7.011315999133841e-05 0.08885673372815268 7.011315999133841e-05 1.000035207885089 -0.005443022430169184
252 1.0000398390123781 5.371933565390737e-06 0.05435320008468244 -5.371933565390737e-06 1.0000398390123781 -0.013057474407096401
253 0.9999840931221958 6.873157330496996e-05 0.03243715375112297 -6.873157330496996e-05 0.9999840931221958 -0.005383263623276975
254 0.9999853367817743 3.7523412956985407e-05 0.05908435200869619 -3.7523412956985407e-05 0.9999853367817743 0.06734347352795769
255 0.9999676619857911 4.7897442040739874e-05 0.06218704515867434 -4.7897442040739874e-05 0.9999676619857911 0.003360198725043853
256 0.9999703389551104 7.315796874365805e-05 0.05811248140600098 -7.315796874365805e-05 0.9999703389551104 0.042763632730428054
257 0.9999113323681668 -2.7452337102096475e-05 0.07296965594956184 2.7452337102096475e-05 0.9999113323681668 0.0433252171652192
258 1.0000667100460827 -4.8988909090150434e-05 0.1285160596016648 4.8988909090150434e-05 1.0000667100460827 0.11031000475987206
259 1.0001451267080455 -3.6541110605135824e-05 0.17546419566850696 3.6541110605135824e-05 1.0001451267080455 0.11037079126430287
260 0.9999687373369743 -7.055083847840966e-05 0.11771717620268414 7.055083847840966e-05 0.9999687373369743 0.0037142928102415775
261 1.0000127666672405 3.1768158828722375e-05 -0.07348565229287135 -3.1768158828722375e-05 1.0000127666672405 -0.016312153938649286
262 1.0001195371252016 8.664859249409384e-05 0.23536282015127602 -8.664859249409384e-05 1.0001195371252016 0.08604762034899309
263 1.0000286416641537 3.37173108336639e-05 0.004038214831137302 -3.37173108336639e-05 1.0000286416641537 -0.03203544253416181
264 1.000040932231079 5.006971502493073e-05 -0.02293147573474852 -5.006971502493073e-05 1.000040932231079 -0.20142490663021445
265 1.0000858783644877 6.312297334639094e-05 -0.025533523069204644 -6.312297334639094e-05 1.0000858783644877 -0.1841583690884995
266 1.000194709995315 8.816473082903525e-06 0.11464200866572734 -8.816473082903525e-06 1.000194709995315 -0.003630432980665746
267 1.000189478912272 5.223116837693517e-05 0.07496440600682235 -5.223116837693517e-05 1.000189478912272 -0.06353044592394395
268 1.0003172123587616 -8.268588698176738e-05 0.14588790271095337 8.268588698176738e-05 1.0003172123587616 0.0820226496793829
269 1.0003143087678934 -3.236977415710346e-05 0.16944601433814918 3.236977415710346e-05 1.0003143087678934 0.047906151473812865
270 1.0001180943696095 -1.038835058438575e-06 -0.026060112489153853 1.038835058438575e-06 1.0001180943696095 -0.27367184525165944
271 1.000306145385316 -4.969725280716795e-05 -0.03770077983101213 4.969725280716795e-05 1.000306145385316 -0.06341044830005545
272 1.0002662260994069 -2.6570056798555024e-05 0.028299582743018546 2.6570056798555024e-05 1.0002662260994069 0.026520396762363865
273 1.00020391906405 1.5571749909895138e-05 0.03133785552462934 -1.5571749909895138e-05 1.00020391906405 0.015988173465609518
274 1.000230174211357 0.00018829922596055247 -0.055370018162211265 -0.00018829922596055247 1.000230174211357 -0.04868352210708787
275 0.9999800755226872 8.900963248617253e-05 0.007332424570368557 -8.900963248617253e-05 0.9999800755226872 -0.0892912458806333
276 0.9999686431009589 0.00012087237579748511 -0.08160095185999254 -0.00012087237579748511 0.9999686431009589 -0.08716486461044165
277 1.0000234821538982 6.017937440026079e-05 0.14707595974500554 -6.017937440026079e-05 1.0000234821538982 0.39797820140726686
278 0.9999009746210459 0.00011295439161794397 -0.09444008755625247 -0.00011295439161794397 0.9999009746210459 -0.03284836091012865
279 0.9999433684586332 5.1742574279375715e-05 -0.10584246078109656 -5.1742574279375715e-05 0.9999433684586332 -0.042030816619287724
280 0.9999607774032756 -3.9508427313292296e-05 0.08615887945574681 3.9508427313292296e-05 0.9999607774032756 -0.12865579392105236
281 0.9999799964125631 -0.00015277275462162823 -0.08907621680756739 0.00015277275462162823 0.9999799964125631 0.049182597259995964
282 1.0000008518785526 -0.00022623900561862377 -0.18492767312630404 0.00022623900561862377 1.0000008518785526 -0.04282706654020865
283 0.9998924154613725 -0.00014987443102197235 -0.08086021618063399 0.00014987443102197235 0.9998924154613725 0.007341543596503242
284 0.9999943396291029 -3.1700946033416276e-05 -0.04902207337278275 3.1700946033416276e-05 0.9999943396291029 -0.06297942091716728
285 1.000072940341179 1.3857178128220229e-05 0.07648431161956719 -1.3857178128220229e-05 1.000072940341179 -0.0011303355050543923
286 0.9998272557523338 -0.00021926397478458045 -0.044283840946628183 0.00021926397478458045 0.9998272557523338 0.09638053274082897
287 1.0001074335660518 2.1947521886890066e-06 -0.07314852129689092 -2.1947521886890066e-06 1.0001074335660518 0.23361351219309678
288 0.9999147246476286 -6.146651917857235e-05 -0.018684694623196135 6.146651917857235e-05 0.9999147246476286 0.005931288101603021
289 0.9999033224996836 2.9956755490100095e-05 -0.051490807825701645 -2.9956755490100095e-05 0.9999033224996836 -0.029535377200834448
290 0.9999454527944273 -5.836066913490966e-05 -0.030004832132711528 5.836066913490966e-05 0.9999454527944273 -0.05719871643915791
291 0.9999463892120407 2.1943801039742597e-05 -0.08394681963745396 -2.1943801039742597e-05 0.9999463892120407 -0.12743395313694247
292 0.9999326454526035 3.574168109214215e-05 -0.09256670334539174 -3.574168109214215e-05 0.9999326454526035 -0.10556174008857142
293 0.999939267365922 4.1582127719789696e-05 -0.09768934532315393 -4.1582127719789696e-05 0.999939267365922 -0.1116835955791616
294 1.0000338793388084 2.172658840976862e-06 -0.0916022310389654 -2.172658840976862e-06 1.0000338793388084 -0.08314016489728768
295 1.0000122805661449 -1.3661267490893056e-05 -0.18046741370587982 1.3661267490893056e-05 1.0000122805661449 -0.07517046269815882
296 1.0000282455334673 -0.00012362466935664386 -0.12512561125460545 0.00012362466935664386 1.0000282455334673 -0.03037007606776288
297 1.0000498093218952 -6.6445629773424645e-06 -0.21112076194998708 6.6445629773424645e-06 1.0000498093218952 0.051272804917223344
298 1.000002998050661 9.190689689083455e-05 -0.0024303057394048193 -9.190689689083455e-05 1.000002998050661 -0.002934621782770149
299 1.0000078151868144 9.215065742693824e-05 -0.052642940876895805 -9.215065742693824e-05 1.0000078151868144 -0.03997933898857897
300 1.000047163286864 6.857134621966023e-05 0.003389648438698598 -6.857134621966023e-05 1.000047163286864 0.05570065534549872
301 1.0000435023855958 0.00013245161126926904 -0.0458233961583122 -0.00013245161126926904 1.0000435023855958 -0.05004599914970581
302 1.0000280554609733 0.00010550315782242956 0.08340761234959371 -0.00010550315782242956 1.0000280554609733 -0.010466740072346215
303 1.0000847501987085 5.757142975053395e-05 0.0853684287550425 -5.757142975053395e-05 1.0000847501987085 0.005637443645221477
304 1.0000352425425585 1.456824475427391e-05 0.04751738783037477 -1.456824475427391e-05 1.0000352425425585 -0.005391727284589455
305 1.0000592781032647 4.800376669537342e-05 0.05208595620039145 -4.800376669537342e-05 1.0000592781032647 0.2754663005156331
306 1.0001616317272666 -2.8266370099857435e-05 0.08307839430368458 2.8266370099857435e-05 1.0001616317272666 0.0030730374470633315
307 1.0000629056085708 -3.957841876305523e-05 0.006198661824167839 3.957841876305523e-05 1.0000629056085708 0.1941147189469159
308 1.0001121659648657 3.58919245917597e-05 0.03533109777896514 -3.58919245917597e-05 1.0001121659648657 0.28990099225105226
309 1.0001204296294668 7.448963348225486e-05 0.08780338830741954 -7.448963348225486e-05 1.0001204296294668 0.05212233598875049
310 1.0000232859407105 9.069849469669304e-05 0.4011892772864534 -9.069849469669304e-05 1.0000232859407105 0.18002347547162717
311 1.000069881611984 0.00016394408353838713 0.14372978991179347 -0.00016394408353838713 1.000069881611984 0.34751223230280354
312 1.0000247063398688 7.118147590227807e-05 0.11311828484358308 -7.118147590227807e-05 1.0000247063398688 0.010449490381398332
313 1.0000113642796595 0.00010344411827221294 0.051226979932538996 -0.00010344411827221294 1.0000113642796595 -0.029931923054014486
314 1.0000176450885625 5.04534182617283e-05 -0.03207848670443375 -5.04534182617283e-05 1.0000176450885625 -0.04713902529919313
315 1.0000159472421075 8.146420547750448e-05 -0.09343831868676589 -8.146420547750448e-05 1.0000159472421075 -0.08394867349530899
316 0.9999864917070337 0.00010352267458781482 -0.0177539666229529 -0.00010352267458781482 0.9999864917070337 -0.0970770488553599
317 0.9999089295600602 -4.9209045027994106e-05 -0.018114843005155888 4.9209045027994106e-05 0.9999089295600602 -0.11886413240651329
318 0.999956190395912 -3.9494508013491684e-05 0.03451417710365753 3.9494508013491684e-05 0.999956190395912 0.04636127493660405
319 0.9999999534509467 -4.4138739503528735e-05 0.019607710641302813 4.4138739503528735e-05 0.9999999534509467 0.035625408450202706
320 0.9999632921522172 -1.4171875446698204e-06 -0.002768220706656988 1.4171875446698204e-06 0.9999632921522172 -0.008160154133729891
321 0.9998807655244146 -9.229659594788854e-05 -0.021766864227072386 9.229659594788854e-05 0.9998807655244146 -0.0019007782095691558
322 0.9998946312722861 -8.910736092651236e-05 -0.10921728340639447 8.910736092651236e-05 0.9998946312722861 0.0479534877610065
323 0.9998354882602882 -6.343308332977947e-05 -0.13270514711155798 6.343308332977947e-05 0.9998354882602882 0.04649348591680832
324 0.9999748942995911 -3.417916132121016e-05 -0.02844812644752994 3.417916132121016e-05 0.9999748942995911 -0.006871135006134563
325 0.9999977488567031 1.788138339620614e-05 -0.027626201514798776 -1.788138339620614e-05 0.9999977488567031 -0.03134118580757694
326 0.99997625092549 -3.094436955786464e-05 -0.012244520187387913 3.094436955786464e-05 0.99997625092549 -0.009279911396205195
327 0.9999882769609219 6.19910597974249e-05 -0.07929782058599248 -6.19910597974249e-05 0.9999882769609219 -0.05699314584480838
328 1.00000315670139 -3.940319346033318e-05 -0.00429358760693509 3.940319346033318e-05 1.00000315670139 -0.04602269736495469
329 1.0000116460001887 -2.592770007262735e-05 -0.0029539259236527216 2.592770007262735e-05 1.0000116460001887 -0.06313946846543816
330 0.9999819406566162 -3.523536739988824e-06 0.017349242787461167 3.523536739988824e-06 0.9999819406566162 0.06287421551742511
331 1.0000095772537994 -1.760940773618523e-05 0.0030592265819719758 1.760940773618523e-05 1.0000095772537994 0.0008902542963014765
332 1.0000095464248178 -1.4815313462446597e-05 -0.00839456798811702 1.4815313462446597e-05 1.0000095464248178 0.04672611590871268
333 1.000025197498562 -6.9210688213631425e-06 -0.006042072949831029 6.9210688213631425e-06 1.000025197498562 0.014590891047296072
334 1.00003487606965 -2.88672627667511e-05 -0.11345900573379947 2.88672627667511e-05 1.00003487606965 0.0066233894129804766
335 0.9999434087039091 -1.8933944142516877e-05 -0.17396581279203677 1.8933944142516877e-05 0.9999434087039091 0.023890893227120964
336 0.9999646660709944 1.816923858239623e-05 -0.0712460131691801 -1.816923858239623e-05 0.9999646660709944 0.03453030391083072
337 0.9999690908074906 -6.751406844012324e-05 -0.06290392883453384 6.751406844012324e-05 0.9999690908074906 0.024683501913889384
338 0.9999715693851374 1.890380258941156e-05 -0.08213114166857433 -1.890380258941156e-05 0.9999715693851374 0.22506805604737803
339 0.9999409086050112 1.6912850461824852e-05 -0.0918813703974843 -1.6912850461824852e-05 0.9999409086050112 0.13494683035233518
340 1.0000066982656481 4.1962737028342426e-05 -0.05132950212942678 -4.1962737028342426e-05 1.0000066982656481 0.22062874591987977
341 1.0000264661345182 5.393168270042768e-05 -0.06549241344791469 -5.393168270042768e-05 1.0000264661345182 -0.0822638891483998
342 0.9999541348363792 -1.3006264061214405e-05 -0.0672538762585441 1.3006264061214405e-05 0.9999541348363792 -0.2683694352645888
343 0.9999908077168623 0.00011262387292181473 -0.1293728246266989 -0.00011262387292181473 0.9999908077168623 -0.18554835292762406
344 1.0000059160069596 -5.1232649162015104e-05 -0.006877293583332633 5.1232649162015104e-05 1.0000059160069596 -0.04995334171351219
345 1.0000411637277802 2.424449316393569e-05 -0.03863524087325146 -2.424449316393569e-05 1.0000411637277802 -0.061823566956037745
346 1.0000057192005276 -0.00010070053554954656 -0.01487209482601805 0.00010070053554954656 1.0000057192005276 -0.25807617416910694
347 1.0000387359848248 -5.871378585232508e-05 -0.08880369407697158 5.871378585232508e-05 1.0000387359848248 -0.20358532519473832
348 0.9999848159298683 6.171396956454196e-05 -0.19672285233196576 -6.171396956454196e-05 0.9999848159298683 -0.2001753887659129
349 1.0000651685700617 -9.293567094362011e-05 -0.19882488414001476 9.293567094362011e-05 1.0000651685700617 -0.3228909471696125
350 1.0000156921264427 -2.1813516916870157e-05 -0.06750668485095968 2.1813516916870157e-05 1.0000156921264427 -0.09568638533304348
351 1.0001283440145208 2.3654850638780664e-05 -0.21908693461074485 -2.3654850638780664e-05 1.0001283440145208 -0.09765879628204276
352 1.000102339248849 -2.4706219567639078e-05 -0.1286504090389608 2.4706219567639078e-05 1.000102339248849 0.0828887332535966
353 1.0001224886027305 -3.650406739601296e-05 -0.09147376284192203 3.650406739601296e-05 1.0001224886027305 0.0488871618129548
354 0.9999972832574981 4.814757350290674e-06 -0.06210731044091766 -4.814757350290674e-06 0.9999972832574981 -0.14883428535360466
355 0.9999534737176045 -3.216768479492773e-05 0.1247610935335105 3.216768479492773e-05 0.9999534737176045 -0.062454766346924206
356 0.9999351315704247 -2.7997959436624552e-05 0.06506841367293453 2.7997959436624552e-05 0.9999351315704247 -0.028460585380033043
357 0.9998479896019619 -3.750305569096942e-05 0.1827606603583952 3.750305569096942e-05 0.9998479896019619 -0.07148350448114113
358 0.9999238290961698 2.3244232132831464e-05 0.15380736616684093 -2.3244232132831464e-05 0.9999238290961698 -0.06036182582066909
359 0.9999760538985384 -4.788698266667938e-05 0.07690532926740362 4.788698266667938e-05 0.9999760538985384 -0.13211521074805474
360 1.000040104923753 1.7746140191461415e-05 -0.026344040434492382 -1.7746140191461415e-05 1.000040104923753 -0.05540578065187935
361 0.9999156414685062 -4.424631493155776e-05 0.044052141404369194 4.424631493155776e-05 0.9999156414685062 0.059682138527835736
362 1.0000068405113711 -2.6866086838068925e-05 -0.04975978766418603 2.6866086838068925e-05 1.0000068405113711 0.03222317620925793
363 1.0000194924680579 -1.2371604742739047e-05 0.018409099409721547 1.2371604742739047e-05 1.0000194924680579 -0.03297043274564499
364 1.0000212466389073 -1.4944520480624689e-05 -0.005142815212942409 1.4944520480624689e-05 1.0000212466389073 -0.13142317224564043
365 1.0000504120938927 4.176299916289439e-05 0.02274531592851678 -4.176299916289439e-05 1.0000504120938927 -0.03373768757402578
366 0.9999448118903697 3.1997280829814975e-05 0.001608877664776774 -3.1997280829814975e-05 0.9999448118903697 -0.21824982793811465
367 0.9999585584433913 0.00011287163564470306 -0.02393797469458067 -0.00011287163564470306 0.9999585584433913 -0.33782996807901117
368 0.9998496505300031 1.9351691902036795e-05 0.03816879094235815 -1.9351691902036795e-05 0.9998496505300031 -0.06812512354003772
369 0.9999285438627917 -2.180460076442818e-06 -0.07680990611512575 2.180460076442818e-06 0.9999285438627917 -0.08605427525798652
370 0.9999539005765744 -3.676153735910724e-05 0.03256087845017655 3.676153735910724e-05 0.9999539005765744 0.10174176086359447
371 0.999935690652114 -0.00012904845675385163 0.06443783489864961 0.00012904845675385163 0.999935690652114 0.11064718105462414
372 0.9999420811251925 -8.011661771247755e-05 0.19864182422195809 8.011661771247755e-05 0.9999420811251925 0.09666492836235929
373 0.9999539299218931 -3.725610951138438e-05 0.16561480166215767 3.725610951138438e-05 0.9999539299218931 0.05619892673885422
374 1.0000293891356589 6.256204029667077e-05 0.14968384787382932 -6.256204029667077e-05 1.0000293891356589 0.05128374577731207
375 1.0000811880974885 6.487571763562083e-05 -0.025976526201282803 -6.487571763562083e-05 1.0000811880974885 0.03308709100984343
376 0.9998966044944235 3.286006406206593e-05 0.12862032712632215 -3.286006406206593e-05 0.9998966044944235 -0.004564292336529399
377 1.0000184432208123 2.3986925563447103e-05 -0.005144848355512987 -2.3986925563447103e-05 1.0000184432208123 -0.07075010026533314
378 0.9997862106871969 0.00010126094849184847 0.2835385198989786 -0.00010126094849184847 0.9997862106871969 0.14286733267392515
379 0.9998528504625669 1.793209890782545e-05 0.11782587865874204 -1.793209890782545e-05 0.9998528504625669 0.1161607761173077
380 1.0000740700314916 2.414390932495129e-05 0.0160466023363679 -2.414390932495129e-05 1.0000740700314916 -0.002886536082094826
381 0.9997882321724201 -2.8331195786141135e-05 0.09626357941097297 2.8331195786141135e-05 0.9997882321724201 0.03338601469240854
382 0.999843128416661 -9.335238785124992e-06 0.024686705640680706 9.335238785124992e-06 0.999843128416661 -0.09638188598906967
383 0.9997682226963738 -2.5630417920119196e-05 -0.03582620972617573 2.5630417920119196e-05 0.9997682226963738 -0.15257173306119762
384 0.9998526948046561 -4.6198565134432083e-05 -0.06466104115733955 4.6198565134432083e-05 0.9998526948046561 -0.04556093957863192
385 0.9997183225398524 -0.00015270541514407796 -0.02166688026917174 0.00015270541514407796 0.9997183225398524 0.1748401185333286
386 0.9998996646810153 -0.00011679286463277798 0.020214957132613176 0.00011679286463277798 0.9998996646810153 0.30897067626720653
387 0.9999145117622208 -9.007624163944593e-05 0.050771353163081664 9.007624163944593e-05 0.9999145117622208 -0.04626982403734114
388 1.0000303647902147 -0.0001663481253503634 -0.009051987922391563 0.0001663481253503634 1.0000303647902147 0.00922789864394491
389 1.0001337196840254 2.266912382362288e-05 -0.05042848187149374 -2.266912382362288e-05 1.0001337196840254 -0.04133557208000233
390 1.0000245948938837 2.9587276913518984e-05 0.06016899875302786 -2.9587276913518984e-05 1.0000245948938837 -0.011897326037680926
391 1.0000813563279167 4.7339324647631764e-05 -0.01250515132026077 -4.7339324647631764e-05 1.0000813563279167 -0.06722887665552929
392 1.0001812687851963 6.549036321284587e-05 -0.1112650132079374 -6.549036321284587e-05 1.0001812687851963 -0.12359426047487765
393 1.0002352425096648 6.801827089040991e-05 -0.1419143188976425 -6.801827089040991e-05 1.0002352425096648 -0.10154764520868276
394 1.0001494131897524 -3.1886026239562375e-05 -0.05799227874878264 3.1886026239562375e-05 1.0001494131897524 -0.044798344180497385
395 1.0002616299178733 6.479948883390666e-05 -0.12281402527246507 -6.479948883390666e-05 1.0002616299178733 -0.021624182035184524
396 1.0001937290154812 1.1458789405415274e-06 -0.1007094892386779 -1.1458789405415274e-06 1.0001937290154812 0.05288349762879283
397 1.0001247751461535 0.0001390346175449678 -0.21707524767122682 -0.0001390346175449678 1.0001247751461535 0.08923785229875647
398 0.9999899465346936 3.19794508336648e-05 -0.03147931328300448 -3.19794508336648e-05 0.9999899465346936 0.058763711050751594
399 0.9999961447858602 3.400913152988124e-05 -0.00241989782669331 -3.400913152988124e-05 0.9999961447858602 -0.033123353569382626
400 0.9999220556154756 1.9770480696430728e-05 0.028422695660386642 -1.9770480696430728e-05 0.9999220556154756 -0.013301707926927628
401 1.0000031707749535 1.899395328199806e-05 0.12164710108059525 -1.899395328199806e-05 1.0000031707749535 -0.03545550047088633
402 0.9999104649380671 0.0001094629419242237 0.3387038157600273 -0.0001094629419242237 0.9999104649380671 0.037874375225184914
403 1.0000277191968057 9.569174958109093e-05 0.24576696729880834 -9.569174958109093e-05 1.0000277191968057 0.13424580774754744
404 0.9999555047677862 -2.1642567707078247e-05 0.12831551584241818 2.1642567707078247e-05 0.9999555047677862 -0.00579988569321691
405 0.9999821839372981 -6.90988363863195e-05 0.060192084995522796 6.90988363863195e-05 0.9999821839372981 -0.019777068897743624
406 0.9999583923188378 -1.3678624766771345e-05 0.04327457549601819 1.3678624766771345e-05 0.9999583923188378 -0.08994905486047867
407 0.9999873404724926 2.0155729787530184e-05 0.0747222353713846 -2.0155729787530184e-05 0.9999873404724926 -0.0638479004113699
408 0.9999518232400118 4.966382356740137e-05 0.051540454752708395 -4.966382356740137e-05 0.9999518232400118 -0.18340958436282706
409 0.9999658230134424 6.273913468717296e-05 0.05461417572623482 -6.273913468717296e-05 0.9999658230134424 -0.1894601712004078
410 0.999979219053745 9.150390481665822e-05 0.05417247017563821 -9.150390481665822e-05 0.999979219053745 -0.0721631863012389
411 0.999992830757107 4.077445286674306e-05 -0.03148500807231133 -4.077445286674306e-05 0.999992830757107 0.0013267500944855737
412 0.9999918324126268 -1.806833259182028e-06 -0.08988227226783077 1.806833259182028e-06 0.9999918324126268 -0.03327419629751047
413 1.0000190434418608 -4.579986167303446e-05 -0.14135020592063213 4.579986167303446e-05 1.0000190434418608 -0.04042990322324432
414 0.9999283383584779 -0.00011891492712134052 0.01838675875775396 0.00011891492712134052 0.9999283383584779 -0.04216196436341051
415 0.9999188963241924 4.843286841262516e-05 0.04893300254504983 -4.843286841262516e-05 0.9999188963241924 -0.04520346433765564
416 0.9999096183701017 8.34036457692494e-05 0.013258474033030043 -8.34036457692494e-05 0.9999096183701017 0.0007673440513635832
417 1.0000256431715855 8.810829408926648e-06 -0.010114322784244848 -8.810829408926648e-06 1.0000256431715855 -0.033150178254419314
418 1.000074988152542 4.824370147394112e-05 0.04058461829770329 -4.824370147394112e-05 1.000074988152542 0.08834342504742196
419 1.0001040431111048 3.9993608684936596e-05 0.02028301801041602 -3.9993608684936596e-05 1.0001040431111048 0.1950822415573411
420 1.0001009542718555 3.6553675061660475e-06 0.008436465802335924 -3.6553675061660475e-06 1.0001009542718555 0.22838190367494232
421 0.9999410419800384 1.845549340581711e-05 0.07923013147615826 -1.845549340581711e-05 0.9999410419800384 0.21867857169780192
422 0.9999984515863491 4.7491426207587584e-05 0.040623846689508206 -4.7491426207587584e-05 0.9999984515863491 0.15607542647471995
423 1.000047975860419 9.781448723621804e-06 0.02636926603743582 -9.781448723621804e-06 1.000047975860419 0.05917458959858016
424 1.0000256241603276 5.316099674278916e-05 0.15103618660569468 -5.316099674278916e-05 1.0000256241603276 0.09377193849466554
425 0.9999709933238445 3.424653469740144e-05 0.08280005275696853 -3.424653469740144e-05 0.9999709933238445 -0.09094588643468449
426 1.00003928169843 5.3702521542307586e-05 0.05366198990159565 -5.3702521542307586e-05 1.00003928169843 0.19374798945538368
427 1.0000890821783888 2.658785405636538e-06 0.1629246514770687 -2.658785405636538e-06 1.0000890821783888 0.0739807157389932
428 1.0001639338061488 1.1106324539968533e-05 0.15892824898763522 -1.1106324539968533e-05 1.0001639338061488 0.15977299111480606
429 1.000029532142224 7.367428022955657e-05 0.010672029371520925 -7.367428022955657e-05 1.000029532142224 -0.06196276877967166
430 1.000082315298624 3.417543843651185e-05 -0.003547481235914518 -3.417543843651185e-05 1.000082315298624 -0.3177159904889727
431 1.0000210227906563 -2.5448667077891787e-05 -0.07966473306562018 2.5448667077891787e-05 1.0000210227906563 0.407854119458848
432 1.0001057488925642 1.3624575104167314e-05 -0.10527049830595041 -1.3624575104167314e-05 1.0001057488925642 0.4126558445757988
433 0.9998988027086597 4.28504833361037e-05 0.009214505844461278 -4.28504833361037e-05 0.9998988027086597 0.389823235543339
434 1.000090216263678 1.963985795895846e-06 -0.028637053543187223 -1.963985795895846e-06 1.000090216263678 -0.43648838391454214
435 1.0000078554086829 4.5904912857312405e-05 0.03129495920432557 -4.5904912857312405e-05 1.0000078554086829 0.09760751650533772
436 1.0000878276551757 6.784724967673e-05 0.2248206550384294 -6.784724967673e-05 1.0000878276551757 0.2219406740822502
437 0.9999106206297748 6.462638729093665e-05 0.14844170405014556 -6.462638729093665e-05 0.9999106206297748 0.1507298668118448
438 1.0000785998758923 -2.9671580590943148e-05 -0.0529548208501456 2.9671580590943148e-05 1.0000785998758923 -0.3085248329112218
439 1.000018367839761 2.642149883474393e-05 -0.04213333464131586 -2.642149883474393e-05 1.000018367839761 0.10999702314329975
440 1.000068410892336 5.323014308102662e-05 0.018393312961515355 -5.323014308102662e-05 1.000068410892336 -0.13183263720900693
441 1.0001338032543572 3.0808473234285154e-05 -0.02646949998060863 -3.0808473234285154e-05 1.0001338032543572 -0.17611763173488582
442 1.0000093518696136 5.105571124957653e-05 0.16788620730857218 -5.105571124957653e-05 1.0000093518696136 0.3664647032817755
443 1.0000273773004642 -1.0323985127858804e-05 -0.04788308138048091 1.0323985127858804e-05 1.0000273773004642 -0.09245441568426106
444 1.000069056511474 8.988594815584085e-05 0.04489265576436594 -8.988594815584085e-05 1.000069056511474 -0.04229695689277697
445 1.0000138934410472 -7.60916872113319e-05 -0.009244977183378411 7.60916872113319e-05 1.0000138934410472 -0.06329747972633362
446 0.9999721617778207 1.7336855880652885e-05 -0.09021835018952724 -1.7336855880652885e-05 0.9999721617778207 0.14136331298887203
447 0.9999208683181905 -5.036029409637093e-05 0.03791271634944329 5.036029409637093e-05 0.9999208683181905 -0.13488569959960836
448 0.9999508472807471 2.368785234304113e-05 -0.013005737276430618 -2.368785234304113e-05 0.9999508472807471 0.3041189743442576
449 0.9998469060070808 6.867980198195196e-05 0.014682330540896557 -6.867980198195196e-05 0.9998469060070808 -0.13582875575679404
450 0.9998518910878306 -3.690456452901305e-05 0.05477051110122956 3.690456452901305e-05 0.9998518910878306 -0.10962213498548455
451 1.0000602026718974 -3.8433518809956275e-05 -0.03969626998995131 3.8433518809956275e-05 1.0000602026718974 0.2709834852160541
452 0.999925784912379 -0.00011418844332628333 0.0442044178744202 0.00011418844332628333 0.999925784912379 0.4638574798201445
453 0.9999540152883504 -8.963002597280519e-05 0.13288923133046568 8.963002597280519e-05 0.9999540152883504 0.08100126790134818
454 1.0000215632828615 -5.569988737956597e-05 0.18731298993945655 5.569988737956597e-05 1.0000215632828615 -0.44150611700737086
455 1.0000438874434892 -0.00011776827042921711 -0.01039132154910493 0.00011776827042921711 1.0000438874434892 -0.17761198597964492
456 1.0000491820918922 -8.491927072004712e-05 -0.0010720480298598933 8.491927072004712e-05 1.0000491820918922 1.2590673644827703
457 0.9996888136538966 5.2476479405122713e-05 0.4570972645765891 -5.2476479405122713e-05 0.9996888136538966 0.3286051863752256
458 0.9998920873077587 -0.00013421268718641946 0.17730581903297332 0.00013421268718641946 0.9998920873077587 -0.47493829733214976
459 1.0001216661548098 -0.0001373567531464566 -0.14643337241362048 0.0001373567531464566 1.0001216661548098 -0.6488601700961911
460 1.000132134480535 -0.0001719966536712894 -0.2355511651045834 0.0001719966536712894 1.000132134480535 -0.2927922169163608
461 1.000261949952028 -0.0001413815673333667 -0.16738796857189822 0.0001413815673333667 1.000261949952028 1.4913288092343309
462 0.9998484993185484 1.9783254028444808e-05 -0.016680790479778686 -1.9783254028444808e-05 0.9998484993185484 0.6263913699867713
463 0.9998018965644856 7.025357185441848e-05 0.010652788899087844 -7.025357185441848e-05 0.9998018965644856 0.25458771149582127
464 0.9998223034193314 2.469111066939619e-05 0.17065630679673296 -2.469111066939619e-05 0.9998223034193314 -0.9108373098459149
465 1.0000226169527116 -4.88884140254955e-05 -0.05929171566050376 4.88884140254955e-05 1.0000226169527116 -0.2845202996936035
466 1.000141614188605 -8.13560348383641e-05 -0.09666005789440842 8.13560348383641e-05 1.000141614188605 0.2954315737769814
467 1.0000278258507487 -1.744147203117415e-05 -0.10131567969966893 1.744147203117415e-05 1.0000278258507487 0.3557696183510715
468 0.9999220460473263 -4.150689021912672e-05 -0.08133244397064392 4.150689021912672e-05 0.9999220460473263 0.34088507788207556
469 0.9999843230914983 -3.447624146872157e-05 -0.06748451415723015 3.447624146872157e-05 0.9999843230914983 -0.03557033018256773
470 0.9999331434890808 -2.960608209072749e-05 -0.005775601335195499 2.960608209072749e-05 0.9999331434890808 -0.08143479768124294
471 0.999999341774534 -6.397734604160344e-05 0.031340946104006534 6.397734604160344e-05 0.999999341774534 -0.43791205592716304
472 1.0000633348383259 -4.6084182057799284e-05 -0.13731158566125343 4.6084182057799284e-05 1.0000633348383259 -0.10144934334493877
473 1.000117871737999 -0.00011257939551464668 -0.21928607942027598 0.00011257939551464668 1.000117871737999 -0.2676304314275549
474 1.0000715330372199 -1.828689375673907e-06 -0.2095297568729822 1.828689375673907e-06 1.0000715330372199 -0.08878601058773623
475 1.000000232698176 -0.00010502574323980616 -0.20167899594411953 0.00010502574323980616 1.000000232698176 -0.2384788991339576
476 1.000033016926392 -8.754333489722506e-05 -0.34059086813585127 8.754333489722506e-05 1.000033016926392 -0.36025394413200806
477 1.0000564892115913 -2.792263148925482e-05 -0.251201812848869 2.792263148925482e-05 1.0000564892115913 -0.4914173896278971
478 1.000173746505997 -0.00012208952184268547 -0.580798399713743 0.00012208952184268547 1.000173746505997 -0.36532089664009826
479 1.0001929601446402 -1.8620626755039393e-05 -0.4530616011928869 1.8620626755039393e-05 1.0001929601446402 -0.058728585513946455
480 1.0002014908590584 -1.0256557535550867e-05 -0.4472782593575174 1.0256557535550867e-05 1.0002014908590584 0.03407331292550703
481 1.0001457711721309 0.00010739669662131017 -0.27158519364436806 -0.00010739669662131017 1.0001457711721309 0.13738926084817393
482 1.0001355842786006 2.7274651496748168e-05 -0.2778504631980354 -2.7274651496748168e-05 1.0001355842786006 0.06243920295142317
483 1.000083850334733 5.05684725257913e-05 -0.19421523867850365 -5.05684725257913e-05 1.000083850334733 0.13978670471654706
484 0.9999960946774318 9.270042594549648e-07 -0.4003525134437854 -9.270042594549648e-07 0.9999960946774318 -0.04427646805625584
485 1.0000602707169093 -0.0001038737904198476 -0.06157684889499756 0.0001038737904198476 1.0000602707169093 -0.2590170055983945
486 1.000043958195101 -7.648485767372093e-05 -0.08245924904214608 7.648485767372093e-05 1.000043958195101 -0.32037743138871166
487 0.9999312002057059 -2.7627186716488006e-05 0.031052500346860152 2.7627186716488006e-05 0.9999312002057059 -0.29385022866379923
488 0.9998752205820355 -0.0001494958282324064 0.142730302031578 0.0001494958282324064 0.9998752205820355 -0.363296274988755
489 0.999867533479329 -9.014528906602524e-05 0.13616214900971849 9.014528906602524e-05 0.999867533479329 -0.29087186614379473
490 0.9998718079421337 1.5807562528791546e-05 0.0846990683571273 -1.5807562528791546e-05 0.9998718079421337 -0.008973703030894146
491 1.000055544904949 -9.44048761859735e-05 -0.4053032260578612 9.44048761859735e-05 1.000055544904949 -0.18419884684121052
492 0.9999404980627173 3.150195117960731e-05 0.14319093188580534 -3.150195117960731e-05 0.9999404980627173 0.01683915522018434
493 1.000011408980488 7.269526208135775e-05 0.012040748710850386 -7.269526208135775e-05 1.000011408980488 0.13178103976440195
494 1.0001400823196314 9.304122798619363e-06 -0.3407174366979787 -9.304122798619363e-06 1.0001400823196314 0.06287573647081454
495 1.0000962218296519 0.00013476883574907607 -0.26633010856788714 -0.00013476883574907607 1.0000962218296519 0.3323380853930541
496 1.0000561411298954 0.00010171584434772342 -0.22261226011326818 -0.00010171584434772342 1.0000561411298954 0.2674412137906702
497 1.000049032828727 -7.49834332664637e-05 -0.20635379795037434 7.49834332664637e-05 1.000049032828727 -0.14294040804253905
498 0.9999381269920389 -0.00010714465120726746 -0.29835830217675885 0.00010714465120726746 0.9999381269920389 -0.3281524192723522
499 0.9999544264986494 -0.00014625850883621694 -0.27680667223218935 0.00014625850883621694 0.9999544264986494 -0.43632879173663913
500 0.9999676807415067 -0.00015189504278142498 -0.1593001958672949 0.00015189504278142498 0.9999676807415067 -0.3328538458364919
501 0.9999899820233766 -0.0001419726493354253 -0.30474605271792643 0.0001419726493354253 0.9999899820233766 -0.2388487680599324
502 0.9998834938167328 -6.718799688546349e-05 0.01920821566059537 6.718799688546349e-05 0.9998834938167328 0.0467032883834058
503 0.9998543374135408 -4.0587311892607196e-05 0.1116865294476862 4.0587311892607196e-05 0.9998543374135408 0.04285597067093444
504 0.999809551197853 0.00014303103704825564 0.18732144616162694 -0.00014303103704825564 0.999809551197853 0.43656022773786374
505 0.9998547174002324 0.0002051911661264384 0.09156443956016433 -0.0002051911661264384 0.9998547174002324 0.514581991477317
506 0.9999095156074485 0.00015832087825239723 -0.26446483358948053 -0.00015832087825239723 0.9999095156074485 0.4311622789679852
507 0.9999147013274762 0.00010161741668552254 0.0531612950600507 -0.00010161741668552254 0.9999147013274762 0.2434450357569352
508 0.9998844370703546 0.0002713345896461705 0.271394983659683 -0.0002713345896461705 0.9998844370703546 0.5877831530719437
509 0.9999152889536049 0.00023307512485944138 0.28480066155780154 -0.00023307512485944138 0.9999152889536049 0.4949642577270824
510 0.9999251053369067 0.00024211547821552729 0.34053783592189807 -0.00024211547821552729 0.9999251053369067 0.3718148660745682
511 1.000015383575662 0.00011176068970029552 0.03087786372189141 -0.00011176068970029552 1.000015383575662 -0.3393688735408598
512 0.9998736911468468 0.0001465425169956839 0.2987656553284738 -0.0001465425169956839 0.9998736911468468 0.17455998785766197
513 0.9998564267319422 0.00010145413796445743 0.32975518359499284 -0.00010145413796445743 0.9998564267319422 0.07606663488175455
514 1.0000153216437204 3.189821522178369e-05 0.06654517664671482 -3.189821522178369e-05 1.0000153216437204 -0.004531632983445234
515 1.0000318954225242 5.0609042688979904e-05 0.2167257073514569 -5.0609042688979904e-05 1.0000318954225242 0.07799108711274022
516 1.0000095409255028 5.013935046835719e-05 0.1121876385598741 -5.013935046835719e-05 1.0000095409255028 0.15241180235741267
517 1.0000230121623168 8.413328882083018e-05 0.08615008617902534 -8.413328882083018e-05 1.0000230121623168 0.2525025601749139
518 1.0000036488610309 3.4626613252464045e-05 0.13623098888648763 -3.4626613252464045e-05 1.0000036488610309 0.15310135977286574
519 0.9999951278618737 1.4792207103944525e-05 0.11232161422432303 -1.4792207103944525e-05 0.9999951278618737 0.002363413969332151
520 1.0000030382814968 5.9898723192927955e-05 0.07018943840071723 -5.9898723192927955e-05 1.0000030382814968 0.11902976803202961
521 1.0000078661663476 1.0054499474963428e-05 0.2106933002126503 -1.0054499474963428e-05 1.0000078661663476 -0.1370430193559012
522 1.0000031229415158 6.316718707680057e-05 0.15796861642475318 -6.316718707680057e-05 1.0000031229415158 -0.049628844188536414
523 1.0000124489164115 5.2796463652523656e-05 0.16556780100763785 -5.2796463652523656e-05 1.0000124489164115 -0.14276631707149007
524 0.9999906823899227 4.517619429260415e-05 0.10941559379137285 -4.517619429260415e-05 0.9999906823899227 -0.18327943654468368
525 0.9999477670800385 3.578012448760465e-05 0.1837739839405329 -3.578012448760465e-05 0.9999477670800385 -0.30307047567772616
526 1.0000319312537875 -7.87567071866296e-06 0.05491860737226874 7.87567071866296e-06 1.0000319312537875 -0.19419419383593106
527 1.0000043952250361 -4.088115378859159e-06 0.04646592193755231 4.088115378859159e-06 1.0000043952250361 -0.13698609762865227
528 1.0000223547647025 7.17124325271948e-05 0.17792998832800738 -7.17124325271948e-05 1.0000223547647025 -0.06532067632017204
529 0.9999472423093299 6.13562941181441e-05 0.2849739858860368 -6.13562941181441e-05 0.9999472423093299 0.1111406810813659
530 1.0000003814842569 7.405574701119933e-05 0.12937253615790695 -7.405574701119933e-05 1.0000003814842569 0.09231600306274439
531 0.9999602438886358 1.6412758163806714e-05 0.007310750080953053 -1.6412758163806714e-05 0.9999602438886358 0.05383888643361082
532 1.0000572742413127 -5.175963942304101e-05 0.05697108474498401 5.175963942304101e-05 1.0000572742413127 0.17312026033433725
533 1.0000900153904047 -7.744676398997215e-05 0.10362183154048231 7.744676398997215e-05 1.0000900153904047 0.09378279577727856
534 1.0000241583524987 6.612344701761435e-06 0.016366082624602298 -6.612344701761435e-06 1.0000241583524987 -0.018008816760993973
535 1.0000284525711916 2.8621312785454678e-05 0.15802167067322564 -2.8621312785454678e-05 1.0000284525711916 0.07272712271524832
536 0.9999857371927455 5.045558722140146e-05 0.06740949921707048 -5.045558722140146e-05 0.9999857371927455 0.06415175181680545
537 0.9999496981864019 1.4217581235452495e-05 0.052902974420929845 -1.4217581235452495e-05 0.9999496981864019 -0.013494054462798099
538 0.999961705025874 0.00013108884839688233 0.2511819909062006 -0.00013108884839688233 0.999961705025874 0.0256123546544485
539 0.9999940538478186 4.1431024528857844e-05 0.32031789991351134 -4.1431024528857844e-05 0.9999940538478186 -0.25983571384097004
540 0.9999836970884664 0.00010978551570281581 0.2523317360717268 -0.00010978551570281581 0.9999836970884664 -0.12617968563303636
541 1.0000322938574138 1.636655148185429e-05 0.04174269120565046 -1.636655148185429e-05 1.0000322938574138 0.210330001143314
542 1.0000441805135372 0.00012300900882410279 0.0048371237995975536 -0.00012300900882410279 1.0000441805135372 0.173174865096153
543 1.0000709119481386 -2.540153581608777e-05 -0.21864108707950375 2.540153581608777e-05 1.0000709119481386 0.21136812014728013
544 1.0000987493198323 -6.16804689621823e-05 0.01100546344104218 6.16804689621823e-05 1.0000987493198323 -0.06931819684116998
545 1.0001190288538258 -4.197105077986016e-05 -0.2211510569292378 4.197105077986016e-05 1.0001190288538258 0.2996326358819248
546 1.0000575905521472 -5.229509557320294e-05 -0.2374571242573424 5.229509557320294e-05 1.0000575905521472 0.24659858711818136
547 0.9999467264310795 -0.00010190832880564624 -0.1311528443787449 0.00010190832880564624 0.9999467264310795 -0.028052767757745727
548 0.9998876520947154 -0.00011329697571218288 -0.11967926146140506 0.00011329697571218288 0.9998876520947154 -0.16000812100945827
549 0.9998475901184107 -7.821868205745026e-05 -0.07692092294415505 7.821868205745026e-05 0.9998475901184107 -0.26826946774447663
550 0.9998085004812904 -6.848394406441065e-05 -0.08226491830993325 6.848394406441065e-05 0.9998085004812904 -0.32251419099166506
551 0.9998786115366018 -3.0440097016767463e-05 0.045275624676543946 3.0440097016767463e-05 0.9998786115366018 -0.2394726590781343
552 0.9999308379137621 4.517292794244002e-05 -0.04523502386667619 -4.517292794244002e-05 0.9999308379137621 -0.20049833428272829
553 0.9999892723770346 4.0412290392842394e-05 -0.05732137522128154 -4.0412290392842394e-05 0.9999892723770346 -0.22053641781255615
554 1.0000473014856757 2.6785240064668186e-05 0.12052366603577269 -2.6785240064668186e-05 1.0000473014856757 -0.11283158490203611
555 1.0000906625320571 1.5615115490096658e-05 0.0010422058133662537 -1.5615115490096658e-05 1.0000906625320571 0.011991160355908151
556 1.0001146868528894 -4.81746850578262e-05 0.13959457389588303 4.81746850578262e-05 1.0001146868528894 -0.04346535772940866
557 1.0000322480765833 -9.814520654701628e-05 0.13087470722066832 9.814520654701628e-05 1.0000322480765833 0.016277316946792256
558 1.0000491983469046 -0.00020374827766026383 -0.1968989545328954 0.00020374827766026383 1.0000491983469046 0.06746723549436107
559 1.000002965490458 -0.00014349383804703407 -0.08634124648481957 0.00014349383804703407 1.000002965490458 -0.04342268357126599
560 0.9999376446353223 -0.00018270201320715965 -0.2876723976826771 0.00018270201320715965 0.9999376446353223 -0.16385020377113244
561 0.9999863514227982 -7.289180716700814e-06 0.05326199902242508 7.289180716700814e-06 0.9999863514227982 -0.03283652430262532
562 0.9998858854362105 -0.00011449619706381683 -0.1320207291498242 0.00011449619706381683 0.9998858854362105 -0.32566724197171865
563 0.9999036666030655 -6.226405472635779e-05 -0.09690645873683142 6.226405472635779e-05 0.9999036666030655 -0.1735575863466176
564 0.9999321314471904 -5.126912854770942e-06 -0.05034681839896966 5.126912854770942e-06 0.9999321314471904 -0.012429706355035965
565 0.9998950757484729 -7.913441152785111e-05 -0.14713721520259243 7.913441152785111e-05 0.9998950757484729 -0.11538107737290466
566 0.9999179259174045 -7.036929880286711e-05 -0.1731122938286949 7.036929880286711e-05 0.9999179259174045 0.019999846397630305
567 0.9999584411556421 -6.837543035361529e-05 -0.11967591182507115 6.837543035361529e-05 0.9999584411556421 0.05063294260732526
568 1.0000407731590457 5.104896943543707e-06 0.03384652548801231 -5.104896943543707e-06 1.0000407731590457 0.20509029731677988
569 1.0000467356940852 4.690064097907064e-06 0.07043145436029098 -4.690064097907064e-06 1.0000467356940852 0.14673600171611187
570 1.0000363516958317 -1.058613569096942e-06 0.0678059305055116 1.058613569096942e-06 1.0000363516958317 0.16798098519230942
571 1.0000411520770993 -3.658361587440291e-06 0.07857404700650027 3.658361587440291e-06 1.0000411520770993 0.07090672996121382
572 1.0000347360292194 4.624531290123425e-05 0.011124484713516666 -4.624531290123425e-05 1.0000347360292194 0.30210536217414385
573 0.9999843766195793 5.835298371904858e-05 0.2305289965290878 -5.835298371904858e-05 0.9999843766195793 -0.002908707588488531
574 0.9999970431846252 4.370212119514859e-05 0.042923030460724626 -4.370212119514859e-05 0.9999970431846252 -0.01491229429260757
575 0.9998519017015653 0.00011393283349408795 0.2494344559377808 -0.00011393283349408795 0.9998519017015653 -0.2895227348556273
576 0.9999636693216103 4.1420546248171716e-05 0.03778929725261291 -4.1420546248171716e-05 0.9999636693216103 -0.10050242767154036
577 1.0000291564676838 -2.001996437473766e-05 -0.038156877915524065 2.001996437473766e-05 1.0000291564676838 0.19343570128758947
578 0.9999161222214091 4.637020553950745e-05 0.10912113329149803 -4.637020553950745e-05 0.9999161222214091 -0.037695520648148434
579 0.9999211336912477 1.798678744797392e-05 0.0785640007903304 -1.798678744797392e-05 0.9999211336912477 -0.1378376769857484
580 0.999931866572382 1.702383781841503e-06 0.05579245986271769 -1.702383781841503e-06 0.999931866572382 -0.0846587967829211
581 1.0000155229685197 -3.460313152495696e-05 -0.009789287501004645 3.460313152495696e-05 1.0000155229685197 0.16723587708924925
582 1.0000196704005013 -1.750837388944768e-05 -0.09635071892990624 1.750837388944768e-05 1.0000196704005013 0.12608206316268467
583 1.0000278747858686 1.3453883841064613e-05 -0.004883048483022502 -1.3453883841064613e-05 1.0000278747858686 0.07689935381348556
584 0.9999828043890415 -5.232301521027718e-06 0.006299886014833303 5.232301521027718e-06 0.9999828043890415 0.011935233957588939
585 1.0000010792304543 -3.897138856085019e-05 -0.030478532416794504 3.897138856085019e-05 1.0000010792304543 -0.057829849133198705
586 0.99996700249162 -5.52545079775772e-06 -0.009171839398039672 5.52545079775772e-06 0.99996700249162 -0.15527732416332501
587 0.999977565086546 -4.929607237316471e-05 -0.43106734677897185 4.929607237316471e-05 0.999977565086546 -0.3097875688030004
588 1.0000794988215376 -5.090655617295202e-05 -0.17608058584386654 5.090655617295202e-05 1.0000794988215376 -0.007003476560330526
589 1.0000397295618468 -2.8724734942641946e-05 -0.12544456976664242 2.8724734942641946e-05 1.0000397295618468 0.0834721388033311
590 1.0000369638847628 -3.939190541347711e-05 -0.13009079256786113 3.939190541347711e-05 1.0000369638847628 0.1510763307651956
591 0.9999810432456987 -1.5718335708052724e-05 -0.03524681746701016 1.5718335708052724e-05 0.9999810432456987 0.22063311428751747
592 0.9999633442390762 3.1926771821134922e-06 -0.010571081864062323 -3.1926771821134922e-06 0.9999633442390762 0.03433248434260675
593 0.9999534474302563 2.6637791025123895e-05 0.03228732546475849 -2.6637791025123895e-05 0.9999534474302563 -0.14714711419874105
594 1.0000088704022458 6.7200877953364475e-06 -0.06467213302788001 -6.7200877953364475e-06 1.0000088704022458 0.17348097453873448
595 1.0000736755888227 -3.547328243575655e-05 -0.052791523227790016 3.547328243575655e-05 1.0000736755888227 0.1336196715183453
596 1.000054086066591 -4.040294686587514e-05 -0.07823108578968822 4.040294686587514e-05 1.000054086066591 0.08372042111312523
597 1.0000043432552812 8.112796690533844e-06 0.060962649269636744 -8.112796690533844e-06 1.0000043432552812 0.15642830119199985
598 1.000012464819337 -4.63071866392681e-05 0.04176227823435 4.63071866392681e-05 1.000012464819337 0.017168776371924793
599 1.0000004069469781 1.5272844054206674e-05 -0.07035397087600655 -1.5272844054206674e-05 1.0000004069469781 0.039634713526527254
600 1.0000092419459943 7.3731139930948965e-06 -0.0035048333642344887 -7.3731139930948965e-06 1.0000092419459943 0.2486171095086361
601 1.0000146752600836 1.7328952373049995e-05 0.01188806209356351 -1.7328952373049995e-05 1.0000146752600836 0.41639145619120677
602 1.0000143782537194 2.7240563947769654e-06 0.04628882214844669 -2.7240563947769654e-06 1.0000143782537194 0.04087926251381394
603 1.000012881760914 2.2614441082657985e-05 0.02787818122827758 -2.2614441082657985e-05 1.000012881760914 -0.02704178425838677
604 0.9999884660836467 1.2099119746033843e-05 -0.07290318971826171 -1.2099119746033843e-05 0.9999884660836467 0.0895275766997683
605 1.0000076468189973 1.0579111284828176e-05 -0.03720899060434718 -1.0579111284828176e-05 1.0000076468189973 -0.040506904642938435
606 0.9999850311638749 2.241026737925482e-06 -0.02229130494205542 -2.241026737925482e-06 0.9999850311638749 -0.06540264358477055
607 1.0000110471291006 -4.0810121328397304e-05 -0.019343590994579316 4.0810121328397304e-05 1.0000110471291006 0.0705199194516819
608 1.000082990001663 2.5557687661278942e-05 0.0241204786741862 -2.5557687661278942e-05 1.000082990001663 0.14560571000044842
609 1.000123609922455 6.975309283407869e-05 0.0018337674069426567 -6.975309283407869e-05 1.000123609922455 0.15639669552624227
610 1.0000700575115553 3.427286920663897e-05 -0.009627664989104168 -3.427286920663897e-05 1.0000700575115553 0.1436166509732778
611 1.0000630835490434 4.132982536042856e-05 -0.027336409357443633 -4.132982536042856e-05 1.0000630835490434 0.032192386388179846
612 1.000074680610004 -6.832737791030925e-05 -0.25020296121814667 6.832737791030925e-05 1.000074680610004 0.25852426252562877
613 0.9999851070434845 -1.586390485684998e-05 0.095729489532861 1.586390485684998e-05 0.9999851070434845 0.01551485199805284
614 0.9999773629089094 -2.0931811783109717e-05 0.18061383289692284 2.0931811783109717e-05 0.9999773629089094 0.004186168079817801
615 0.9999495390531431 1.0269574170111974e-06 0.02659796555303906 -1.0269574170111974e-06 0.9999495390531431 0.011804062947007463
616 0.9999656632595457 2.81172214113602e-05 -0.029060574080545215 -2.81172214113602e-05 0.9999656632595457 0.04938372885253805
617 1.000006919299237 1.7782258480741233e-05 -0.06389143396305197 -1.7782258480741233e-05 1.000006919299237 0.0017119477231226255
618 1.0000663677434372 -6.487695277779934e-05 -0.08891856425084838 6.487695277779934e-05 1.0000663677434372 0.007505089483406123
619 1.0000703112060483 -0.00010172880793279646 -0.1576875502705275 0.00010172880793279646 1.0000703112060483 -0.27289598737541504
620 1.000073197251792 -7.60817054536664e-05 -0.2114896305662018 7.60817054536664e-05 1.000073197251792 -0.04646750247302895
621 1.0000629194075004 -1.1041969028902942e-05 -0.17800449624432635 1.1041969028902942e-05 1.0000629194075004 -0.01843737170667746
622 0.9999989244476155 2.6396211509480905e-05 -0.038493258610348455 -2.6396211509480905e-05 0.9999989244476155 0.0009870901878441807
623 0.9999963128488539 2.3972028699776778e-05 0.11318071341949763 -2.3972028699776778e-05 0.9999963128488539 -0.25052029323508673
624 0.9999464758090054 -1.0096735973655759e-05 0.28176853533247376 1.0096735973655759e-05 0.9999464758090054 -0.5035904447651216
625 1.000051086413544 2.0367332330034053e-05 0.019857659883413155 -2.0367332330034053e-05 1.000051086413544 -0.2008146922624064
626 1.0000613689113327 -7.395997625320594e-05 -0.0724169512850435 7.395997625320594e-05 1.0000613689113327 -0.10250894947428171
627 1.0000145823298927 2.837011994963384e-06 0.022567781871189768 -2.837011994963384e-06 1.0000145823298927 -0.21108356284319807
628 1.0000066052596062 -1.9699010252549474e-06 -0.07532652162340658 1.9699010252549474e-06 1.0000066052596062 -0.32011322835373685
629 1.000065080846096 -1.3125736221823593e-05 -0.1343150256845773 1.3125736221823593e-05 1.000065080846096 0.007107149246258297
630 1.000094461479992 -9.424161580980238e-06 -0.0619051428373552 9.424161580980238e-06 1.000094461479992 0.056146792190569846
631 1.0000302839913466 3.414482631660706e-06 -0.016707255807246996 -3.414482631660706e-06 1.0000302839913466 -0.02351956752994141
632 1.0000556031151842 1.5508595345214938e-05 -0.00028046773711066386 -1.5508595345214938e-05 1.0000556031151842 -0.014586185942956794
633 1.0000507124182585 2.4172461851195236e-05 0.0196484678606737 -2.4172461851195236e-05 1.0000507124182585 -0.03954661137489895
634 1.00002946191103 -1.785327140507622e-07 -0.021153245823677252 1.785327140507622e-07 1.00002946191103 0.0009942985192557627
635 1.0000460200391261 -2.368587434911527e-05 -0.02997082062262426 2.368587434911527e-05 1.0000460200391261 -0.055385398290120826
636 1.0000523189551667 7.242502648660185e-06 0.07896270322964383 -7.242502648660185e-06 1.0000523189551667 -0.0906379010613041
637 1.000026422043918 -2.281053189946407e-06 0.19834492810209112 2.281053189946407e-06 1.000026422043918 -0.1984734345960488
638 1.0000135378433914 2.027249366689451e-05 0.04296497847966861 -2.027249366689451e-05 1.0000135378433914 -0.051358365328117536
639 1.0000615648840998 1.099611756639671e-05 -0.0012575693509417167 -1.099611756639671e-05 1.0000615648840998 -0.016918960185428635
640 1.0000372460529685 -2.006325367968578e-07 0.0832757230586227 2.006325367968578e-07 1.0000372460529685 0.05535785935973808
641 1.0000419914070346 1.6663740432323472e-05 0.25528968849724915 -1.6663740432323472e-05 1.0000419914070346 0.2824190306928281
642 1.0001019620473375 6.329369051770301e-05 -0.08974021451189586 -6.329369051770301e-05 1.0001019620473375 -0.07290969738984421
643 1.000199352119818 -7.16080726367748e-05 -0.20227923733739805 7.16080726367748e-05 1.000199352119818 0.30583659707495725
644 0.9999823406385853 2.8658691497259825e-05 0.004655445468422559 -2.8658691497259825e-05 0.9999823406385853 -0.15929691598950618
645 1.0001201069417245 -1.0733381714848202e-05 -0.04743588473990201 1.0733381714848202e-05 1.0001201069417245 -0.026220740639660768
646 1.0001899284874165 -4.608097124138055e-05 -0.24664727683269708 4.608097124138055e-05 1.0001899284874165 0.03160778120317487
647 1.0000606035227575 3.8290643997693424e-05 -0.12368485726879966 -3.8290643997693424e-05 1.0000606035227575 0.0411101365648492
648 1.0001185024053978 1.1124604805467066e-05 -0.07094148725717649 -1.1124604805467066e-05 1.0001185024053978 -0.033250688090234716
649 1.0001363072991114 -7.834356876218814e-07 -0.07438444343169308 7.834356876218814e-07 1.0001363072991114 -0.10877941460511975
650 1.000141843441484 1.7148585887020465e-06 -4.1637841662541855e-05 -1.7148585887020465e-06 1.000141843441484 -0.20588618899477093
651 0.999942806323972 4.203997768126616e-05 0.040832196563690325 -4.203997768126616e-05 0.999942806323972 -0.13111309695504847
652 1.0000381867982906 -9.026165860399704e-06 -0.08864582430706908 9.026165860399704e-06 1.0000381867982906 -0.19048890676697613
653 1.0001288996403719 3.211046200467932e-05 -0.16928195559775588 -3.211046200467932e-05 1.0001288996403719 -0.30145080462701507
654 1.0001051346188112 3.330234729022219e-05 -0.11540036649955142 -3.330234729022219e-05 1.0001051346188112 -0.08070909173286844
655 1.0000156516213659 2.4880567607042618e-05 -0.02618396092343378 -2.4880567607042618e-05 1.0000156516213659 -0.2720174784939185
656 1.0000400852450242 -5.195934830537922e-06 -0.14445241330648045 5.195934830537922e-06 1.0000400852450242 -0.2270148979149151
657 0.9999467538890803 8.888602807422644e-05 -0.015046073381023097 -8.888602807422644e-05 0.9999467538890803 0.0037139912416730746
658 1.0001510497016262 7.756766657036055e-05 0.10087561513693692 -7.756766657036055e-05 1.0001510497016262 0.015624732274690675
659 1.0001482386474652 -7.416374573364229e-05 -0.06255013937411413 7.416374573364229e-05 1.0001482386474652 -0.03469541979373758
660 1.0002493698180057 -1.6942838850697565e-05 0.007176134639337223 1.6942838850697565e-05 1.0002493698180057 -0.12101416705377743
661 1.0001719598922474 3.039350670029128e-05 0.07599606861822768 -3.039350670029128e-05 1.0001719598922474 -0.10302503191082008
662 1.0000101616096098 -8.993991172108786e-05 0.25491021007880227 8.993991172108786e-05 1.0000101616096098 -0.3256964080133826
663 0.9999692246137926 1.1482311248855163e-05 -0.001493687313761153 -1.1482311248855163e-05 0.9999692246137926 -0.2205778783271633
664 1.0000502129694657 -4.0118473245542625e-05 -0.0751685357065218 4.0118473245542625e-05 1.0000502129694657 -0.12936182939537785
665 1.0000951001385279 5.3262107569165644e-05 -0.26500157914331035 -5.3262107569165644e-05 1.0000951001385279 0.06984948884476128
666 1.0001087267447863 -1.158612589991649e-05 -0.11226481141675083 1.158612589991649e-05 1.0001087267447863 0.195330066999174
667 1.0000119143597643 4.1465465951917495e-05 0.25734003707386455 -4.1465465951917495e-05 1.0000119143597643 0.49280568268807995
668 1.0000586365166995 -1.668410825382794e-06 0.05150140555956689 1.668410825382794e-06 1.0000586365166995 0.11849713188390532
669 0.9999465457886781 -5.174430578686393e-05 0.09221410126301532 5.174430578686393e-05 0.9999465457886781 -0.1678658651395828
670 0.9999514400728639 -1.7620710759222105e-05 0.07337682395969955 1.7620710759222105e-05 0.9999514400728639 -0.08736746726374067
671 1.0000288817260146 0.00011572654985039291 -0.02250921381547056 -0.00011572654985039291 1.0000288817260146 0.005219982766610889
672 0.999991128308795 7.658507775222247e-06 -0.1459259209084749 -7.658507775222247e-06 0.999991128308795 0.011978831737353368
673 1.0000446602431123 9.608334130477004e-05 -0.05707585012780747 -9.608334130477004e-05 1.0000446602431123 0.0837056672289215
674 1.0001235466769174 -2.948899017451833e-05 -0.06294426872561477 2.948899017451833e-05 1.0001235466769174 0.004366329202137302
675 1.000161193682544 7.553802343247823e-05 -0.12637452472645483 -7.553802343247823e-05 1.000161193682544 0.06004815118861917
676 1.0000579511699543 4.535673562493002e-05 -0.08611171047710928 -4.535673562493002e-05 1.0000579511699543 0.04989015131330972
677 0.999908069077301 3.2239878835396127e-06 0.04500175656302961 -3.2239878835396127e-06 0.999908069077301 -0.1239015827757145
678 0.9999931354811916 -4.116808931926293e-05 -0.014574734592269736 4.116808931926293e-05 0.9999931354811916 -0.4727536622352736
679 0.9999675715389139 -2.839247139636654e-05 0.08959899924123355 2.839247139636654e-05 0.9999675715389139 -0.09792324731210997
680 0.999901061114973 0.0001669513802693179 0.13546617955606297 -0.0001669513802693179 0.999901061114973 -0.08886492092637785
681 0.9999419099006264 9.949938304692423e-06 -0.05244889877913396 -9.949938304692423e-06 0.9999419099006264 0.07905405377026795
682 0.9999841457972624 1.0987218327453618e-05 0.1223169365726311 -1.0987218327453618e-05 0.9999841457972624 0.12812941838056746
683 1.0000412287669136 -7.79421193407559e-05 -0.049382711008683196 7.79421193407559e-05 1.0000412287669136 0.023436633138310722
684 0.9999125504111392 1.5766953765058337e-05 -0.08773179416978297 -1.5766953765058337e-05 0.9999125504111392 -0.17906683908160365
685 0.999991184657903 -1.7360837509625886e-05 -0.0755064302201739 1.7360837509625886e-05 0.999991184657903 -0.005081852775988831
686 0.9999460590001735 4.281914168627228e-06 -0.08846815087737475 -4.281914168627228e-06 0.9999460590001735 -0.04310453944758687
687 0.9999869632896832 -1.7106893909412775e-05 0.01697026778667045 1.7106893909412775e-05 0.9999869632896832 -0.01640040011347473
688 0.9999544905224214 9.664599470369459e-06 0.02103235807263646 -9.664599470369459e-06 0.9999544905224214 -0.08692304614325459
689 0.9999584540031158 1.0651980076980703e-05 0.14646444378292944 -1.0651980076980703e-05 0.9999584540031158 -0.2010108041597987
690 0.999975045795141 -4.783557897573338e-06 0.0010305016247590948 4.783557897573338e-06 0.999975045795141 0.03720394002845312
691 1.000019860032991 2.3080578514580874e-05 0.06626988499663003 -2.3080578514580874e-05 1.000019860032991 0.0033713297684114887
692 0.9999946800996784 -1.4983077709273778e-05 0.07481155297860399 1.4983077709273778e-05 0.9999946800996784 0.16255549855133236
693 1.000018767558455 1.8250605802229436e-05 0.07019919603923482 -1.8250605802229436e-05 1.000018767558455 -0.0012746879892638202
694 0.9999950780436 -3.468492178256451e-06 -0.08609417711784717 3.468492178256451e-06 0.9999950780436 -0.08979847619865838
695 1.0000198833072333 7.640151045846993e-06 -0.02159338032003924 -7.640151045846993e-06 1.0000198833072333 0.027326025091963795
696 1.0000727710551605 5.880406549874642e-06 -0.04567357984650692 -5.880406549874642e-06 1.0000727710551605 0.16334732909109853
697 1.0000378218981523 -1.83491426769699e-05 0.03402429375975366 1.83491426769699e-05 1.0000378218981523 0.11829955420286187
698 0.9999112235796398 8.146656545677633e-06 0.11537509964237014 -8.146656545677633e-06 0.9999112235796398 0.5715247175444667
699 0.9998474728109537 -1.428706605733684e-05 -0.04559332877726373 1.428706605733684e-05 0.9998474728109537 0.11390538441761339
700 0.999902463004157 -5.635422846101853e-05 -0.038996230742948786 5.635422846101853e-05 0.999902463004157 -0.15271180281210067
701 0.9999883716158693 -9.774856649426842e-07 -0.05857981449307509 9.774856649426842e-07 0.9999883716158693 -0.002962089903984
702 0.999988762938287 -2.7715376393135492e-05 -0.0623594052960881 2.7715376393135492e-05 0.999988762938287 -0.002255537799285237
