0 1.0 0.0 0.0 0.0 1.0 0.0
1 1.000150978270933 -3.525648224966978e-05 -0.48306876561081064 3.525648224966978e-05 1.000150978270933 0.18768524514567314
2 0.999904096907315 -1.0982492524340611e-05 0.2642986003771517 1.0982492524340611e-05 0.999904096907315 0.1701023485639319
3 1.0005332755945455 3.2224554724893944e-05 -1.0414543981315512 -3.2224554724893944e-05 1.0005332755945455 0.1895510316542571
4 0.9996693237647789 0.00011496500133554915 0.17350939445082925 -0.00011496500133554915 0.9996693237647789 0.37207167647660144
5 1.0000439862345007 7.2605293320547e-05 -1.0398393334459732 -7.2605293320547e-05 1.0000439862345007 -0.06006172024226597
6 1.0001257009936506 0.00020671586165141884 -0.9618165766660309 -0.00020671586165141884 1.0001257009936506 -0.06654560951738259
7 0.999676095033738 7.072326390276701e-05 -1.671675819622389 -7.072326390276701e-05 0.999676095033738 -0.1343180972086217
8 0.9998713283313083 5.3716063930871534e-05 -5.286084525172991 -5.3716063930871534e-05 0.9998713283313083 0.05476877790862472
9 0.9998275302488536 7.773281211930679e-05 -3.15447600065319 -7.773281211930679e-05 0.9998275302488536 0.1641496706424548
10 0.9999239744147935 4.150320208604416e-05 -5.114847103063869 -4.150320208604416e-05 0.9999239744147935 0.05503873686387564
11 1.000177771499127 -2.521964426567894e-05 -3.638278009916178 2.521964426567894e-05 1.000177771499127 -0.0014677426162353078
12 1.0000678142087709 0.00017072492948966712 -3.555643843745142 -0.00017072492948966712 1.0000678142087709 -0.3023216237985485
13 1.0001154071017868 -6.437152492273504e-05 -2.2416965710101127 6.437152492273504e-05 1.0001154071017868 0.1540949729447502
14 1.000021553261738 2.6970719324458147e-05 -2.668623954015568 -2.6970719324458147e-05 1.000021553261738 0.10860100027157141
15 0.9999211568121849 1.6404522466377152e-06 -1.200593279296313 -1.6404522466377152e-06 0.9999211568121849 -0.1205471002270354
16 0.9999573188036193 -0.0001498882072806507 -0.7877049412541649 0.0001498882072806507 0.9999573188036193 0.3780757752792171
17 0.9997196667523602 -0.0002502277157185341 -0.362930575625149 0.0002502277157185341 0.9997196667523602 -0.21772100898383243
18 0.9999025974580682 -0.00011237717424656719 0.420349017521067 0.00011237717424656719 0.9999025974580682 0.35931129733660255
19 0.9998592627303496 -8.629767095922415e-05 0.18131067182771413 8.629767095922415e-05 0.9998592627303496 -0.25434209813222697
20 0.9998501314153484 -5.572919974593351e-06 1.1055177568656114 5.572919974593351e-06 0.9998501314153484 0.4330076504438577
21 0.9999038438895491 -3.0943625491598476e-05 -0.2932746076146825 3.0943625491598476e-05 0.9999038438895491 -0.5626879505948814
22 1.0000976388107972 1.2524933060347116e-05 0.32421146827534675 -1.2524933060347116e-05 1.0000976388107972 0.3332898008554389
23 0.9997319201551919 3.810019150611148e-05 0.498562377424483 -3.810019150611148e-05 0.9997319201551919 -0.24015039396749277
24 0.9999172015060639 0.00011107892707046567 -0.5750248803443866 -0.00011107892707046567 0.9999172015060639 0.29980859017030437
25 0.9997036616332238 3.127164631938639e-05 0.4060196548238131 -3.127164631938639e-05 0.9997036616332238 0.5263655593960113
26 0.9999120802407676 1.6399631036808314e-05 -0.49077067618105047 -1.6399631036808314e-05 0.9999120802407676 -0.17628675468548144
27 1.0001329192848318 -6.284030787033993e-05 -0.5551045998332758 6.284030787033993e-05 1.0001329192848318 0.11104149799711083
28 0.9997626126085069 5.1114215389849855e-05 -0.260184217533779 -5.1114215389849855e-05 0.9997626126085069 -0.07797206449476252
29 0.999791146395752 -0.00012647607725531297 -0.49879478589178877 0.00012647607725531297 0.999791146395752 -0.42936296905969296
30 1.0000525823661068 -3.105955445283602e-05 -1.043325231423499 3.105955445283602e-05 1.0000525823661068 0.12525956329655585
31 0.9999221413840189 2.0882951213476103e-05 -0.5033811617371636 -2.0882951213476103e-05 0.9999221413840189 0.21046480155520364
32 1.0000379767032672 -0.00017104103051111623 0.17175713090835065 0.00017104103051111623 1.0000379767032672 0.5355673903061814
33 0.999888034947274 7.813981747842929e-05 -0.012250878441133047 -7.813981747842929e-05 0.999888034947274 -0.2289274192527634
34 0.9999951448429463 -0.0001437293448918916 -0.028445059917136452 0.0001437293448918916 0.9999951448429463 -0.2065145830981761
35 1.0000175811038243 -0.00011531659767725964 -0.2622963896810573 0.00011531659767725964 1.0000175811038243 7.741615682610448e-05
36 0.9999486142868422 -0.000293793576384328 -0.8732204127305344 0.000293793576384328 0.9999486142868422 -0.20657402671902436
37 0.9999384392832512 0.00019853317213496907 -0.7441502385503083 -0.00019853317213496907 0.9999384392832512 -0.1658582940960744
38 0.9999069116443544 -6.547156093992253e-05 -0.7891770627276559 6.547156093992253e-05 0.9999069116443544 -0.2339582755936351
39 0.9996267997113623 -0.0002124337883376297 0.018979478073411854 0.0002124337883376297 0.9996267997113623 -0.071587721622626
40 0.9997561807576996 -0.00012072149498785695 -0.983613504580537 0.00012072149498785695 0.9997561807576996 -0.1563208817823047
41 0.999845156073003 -2.9178913732106373e-05 -0.9931769117983509 2.9178913732106373e-05 0.999845156073003 0.06898092874905999
42 0.9999007694371251 0.0002419959573564458 -2.363903468273342 -0.0002419959573564458 0.9999007694371251 0.17060905141188668
43 1.0001351004696855 -2.2977395818315496e-05 -2.1483425923916726 2.2977395818315496e-05 1.0001351004696855 0.04021163576462692
44 0.9999599473284729 6.957932014084319e-05 -2.6219501690887412 -6.957932014084319e-05 0.9999599473284729 0.10980569512759966
45 0.9998854925655479 -0.00010673145669270871 -1.806059161456814 0.00010673145669270871 0.9998854925655479 -0.06797233857755725
46 0.9999061259155244 -2.5245796999939805e-06 -2.096848608616586 2.5245796999939805e-06 0.9999061259155244 0.26479387827422146
47 0.9999621451968982 -0.00017529355882316854 -1.2592700147567775 0.00017529355882316854 0.9999621451968982 -0.1802763719461377
48 0.9999383246323116 -1.1550844513714119e-05 -1.494766576454171 1.1550844513714119e-05 0.9999383246323116 0.3846668148591812
49 0.9999807236809938 -1.383931241081014e-05 -0.8020205702937674 1.383931241081014e-05 0.9999807236809938 -0.19566948412140994
50 1.0000100179048244 0.00014167130990926904 -1.1457108719638336 -0.00014167130990926904 1.0000100179048244 0.21859383860729223
51 1.0000203570469874 -0.00014880516586238956 -0.6287401539076002 0.00014880516586238956 1.0000203570469874 -0.19265383439094244
52 0.999836352710446 3.898008839745009e-05 -1.3022701164893258 -3.898008839745009e-05 0.999836352710446 0.10311798158605662
53 1.000006848354098 -0.0001378943514300316 -0.5818191815359893 0.0001378943514300316 1.000006848354098 -0.4667286166459739
54 0.9999546906495828 2.2164647096880108e-05 -0.7567558306690805 -2.2164647096880108e-05 0.9999546906495828 -0.1731944410719686
55 0.9998303473922787 -0.00014968796877308282 -0.9663426561493382 0.00014968796877308282 0.9998303473922787 -0.5191986498806819
56 0.9998360155232183 -4.233361687249504e-05 -2.203040073519915 4.233361687249504e-05 0.9998360155232183 -0.06842958614958432
57 0.9999585098042016 -0.00012505793721421607 -1.3648476864944123 0.00012505793721421607 0.9999585098042016 -0.022474794262752507
58 1.0000132497435703 4.69304733598068e-06 -3.0908623310417997 -4.69304733598068e-06 1.0000132497435703 -0.0825370497994809
59 1.0001351559520633 2.7719801860121322e-05 -2.2243225334756933 -2.7719801860121322e-05 1.0001351559520633 -0.15062366539447608
60 1.0005060070259493 -3.1608899517143535e-06 -3.6183076407865387 3.1608899517143535e-06 1.0005060070259493 -0.23499565489578905
61 1.0012599408568048 8.880656695549837e-05 -3.2327139057049976 -8.880656695549837e-05 1.0012599408568048 -0.6468129388481846
62 1.0032336387348813 5.844456878845097e-05 -5.326878607637068 -5.844456878845097e-05 1.0032336387348813 -1.618394887475186
63 1.0024340292701315 0.00017409818637360288 -3.313702757672386 -0.00017409818637360288 1.0024340292701315 -1.2509448471974234
64 1.0049471393595049 -5.219216649570356e-05 -6.2301847536200645 5.219216649570356e-05 1.0049471393595049 -2.790824990683518
65 1.0042589713802117 1.3545343476217947e-05 -5.576281563768107 -1.3545343476217947e-05 1.0042589713802117 -2.6525946462501766
66 1.0065028505290936 9.827479830603995e-05 -7.601105548529613 -9.827479830603995e-05 1.0065028505290936 -3.756116612653585
67 1.004754978353416 -3.27786749525123e-05 -5.686342827779393 3.27786749525123e-05 1.004754978353416 -2.5181828456897324
68 1.0063764288056558 3.293037200861407e-05 -7.477632593774013 -3.293037200861407e-05 1.0063764288056558 -3.4699615438714275
69 1.0046371270834045 -6.737132074750678e-05 -5.1667306771879105 6.737132074750678e-05 1.0046371270834045 -2.3499032688119224
70 1.00671515602884 -9.030902469982628e-06 -6.855151380891827 9.030902469982628e-06 1.00671515602884 -3.5042402732483966
71 1.004675247405302 -3.904020984671786e-05 -4.447392919748784 3.904020984671786e-05 1.004675247405302 -2.5307947394940795
72 1.006550673194544 4.1837930331179735e-05 -6.402011621223254 -4.1837930331179735e-05 1.006550673194544 -3.509313289895121
73 1.004663386313642 8.355560167381108e-05 -4.677603027122193 -8.355560167381108e-05 1.004663386313642 -2.116915941884644
74 1.0068791933611532 0.00011123140810065233 -6.356875535456745 -0.00011123140810065233 1.0068791933611532 -3.5589440693320347
75 1.0047732825779034 0.00012554112131414998 -4.5378378395003836 -0.00012554112131414998 1.0047732825779034 -2.503883221333574
76 1.0066882745009302 9.531342467088152e-05 -6.50690377101625 -9.531342467088152e-05 1.0066882745009302 -3.792725174789296
77 1.004528633827853 3.2530279959329735e-05 -4.240818223910637 -3.2530279959329735e-05 1.004528633827853 -2.3740285953331517
78 1.0069764521322202 1.3064358022662478e-05 -6.735548229664108 -1.3064358022662478e-05 1.0069764521322202 -4.126316774310125
79 1.004848646399513 -4.5428224732122166e-05 -4.608686316128085 4.5428224732122166e-05 1.004848646399513 -2.4040771587746494
80 1.0067189271638621 -4.527729395576816e-05 -6.1377507511249325 4.527729395576816e-05 1.0067189271638621 -4.084367177744698
81 1.0048302449145547 -0.0006127909171491507 -4.828725467397432 0.0006127909171491507 1.0048302449145547 -3.7169017063737653
82 1.0070166441023825 -6.68386140973293e-05 -6.643117614823442 6.68386140973293e-05 1.0070166441023825 -4.259360867922028
83 1.0048569869553206 -1.9794509057605836e-05 -4.465411472254744 1.9794509057605836e-05 1.0048569869553206 -3.0605810868229204
84 1.0068173330862822 -4.815175162874545e-05 -5.89608209882185 4.815175162874545e-05 1.0068173330862822 -4.605614333948071
85 1.0047231282315303 -0.00011602129403601432 -4.051792674962805 0.00011602129403601432 1.0047231282315303 -3.4464008102683
86 1.0067776587224049 -0.000529705650858953 -5.302874262161182 0.000529705650858953 1.0067776587224049 -6.1392010837428455
87 1.0046529123301733 -0.00015222646085669513 -3.4261041999203994 0.00015222646085669513 1.0046529123301733 -3.771719067660642
88 1.0067473084628746 7.67883066745812e-05 -3.9953648055898183 -7.67883066745812e-05 1.0067473084628746 -5.949535950596771
89 1.0047094684093754 9.173693720062264e-05 -0.21236708974856006 -9.173693720062264e-05 1.0047094684093754 -5.191862873708137
90 1.0066690297432013 -0.0002517913928488443 2.388294809010673 0.0002517913928488443 1.0066690297432013 -9.20667365093318
91 1.0037178600120102 -0.0006164133476473912 1.8101677829870526 0.0006164133476473912 1.0037178600120102 -6.783449023017522
92 1.0044779608233805 -0.00016160816934588485 5.019754456475038 0.00016160816934588485 1.0044779608233805 -9.112589066403078
93 1.002653144458331 -4.722748082806978e-05 2.2466659338833894 4.722748082806978e-05 1.002653144458331 -4.546902919571135
94 1.0025194582804435 -0.00022183917469806714 5.200575392090747 0.00022183917469806714 1.0025194582804435 -6.884892058533618
95 1.0008471150115952 -0.00024451620660487336 4.08331806521737 0.00024451620660487336 1.0008471150115952 -3.5610095763675433
96 1.0003681757435763 -0.00015485497904763003 7.950719959800395 0.00015485497904763003 1.0003681757435763 -3.11784514459351
97 1.0000865267952213 -6.814655472178608e-05 5.394779691617855 6.814655472178608e-05 1.0000865267952213 -1.912954148415498
98 1.000084762487866 -0.00010895877896989832 8.51607330566141 0.00010895877896989832 1.000084762487866 -2.0291472249193743
99 1.000178247266072 -0.0001006782619972021 6.4147116930482015 0.0001006782619972021 1.000178247266072 -1.3063345199701588
100 0.9999560007272702 -0.00021242498129010474 12.03856439161102 0.00021242498129010474 0.9999560007272702 -2.707169731596818
101 1.0010676962921783 -0.0005186810326849228 4.060130558481643 0.0005186810326849228 1.0010676962921783 -2.348814277914597
102 1.000174172242971 -9.460987989846364e-05 8.259560952149851 9.460987989846364e-05 1.000174172242971 -2.1945314119331236
103 1.0000182395156831 -0.00011207091792487152 7.08371776165234 0.00011207091792487152 1.0000182395156831 -1.600899482476065
104 1.0002373665905748 -0.00029271492736853604 9.397894788290913 0.00029271492736853604 1.0002373665905748 -2.261368991344472
105 1.0001269063843554 -1.880035577552239e-05 8.515895899581983 1.880035577552239e-05 1.0001269063843554 -1.069149138347531
106 1.0001141985619204 -0.00020312081983385276 12.20309822447369 0.00020312081983385276 1.0001141985619204 -3.016705970823283
107 1.0003430502145383 -0.00014116584156266586 5.952425453087521 0.00014116584156266586 1.0003430502145383 -1.362528883844656
108 0.9999099800717864 -0.0004541383542675426 14.692043886787618 0.0004541383542675426 0.9999099800717864 -2.6473356931429635
109 1.0002685172084635 -0.0005167377906536997 8.085245799220896 0.0005167377906536997 1.0002685172084635 -2.2928305811736696
110 1.001120222514981 -5.969200853196341e-05 9.848465089378882 5.969200853196341e-05 1.001120222514981 -2.2014095902648827
111 1.001346214292027 -0.00020310331726171478 6.507734061117898 0.00020310331726171478 1.001346214292027 -2.6498714558729013
112 1.0030019095945943 -3.2114679821356236e-05 8.737601258874442 3.2114679821356236e-05 1.0030019095945943 -3.3541658460762154
113 1.0030688016307507 -0.00020229345288451256 5.402727198935693 0.00020229345288451256 1.0030688016307507 -3.3961612037706974
114 1.0053481606411832 -0.00042489540769144885 5.3802224940519325 0.00042489540769144885 1.0053481606411832 -5.314726012471274
115 1.0042111665446845 -0.0004693262135334772 3.759731833721163 0.0004693262135334772 1.0042111665446845 -4.1657897289710535
116 1.0069352584636464 -0.00015384830904817973 4.5123833056468285 0.00015384830904817973 1.0069352584636464 -5.544781469659293
117 1.0051389002427846 -0.001065193181612424 4.399922684795137 0.001065193181612424 1.0051389002427846 -5.411188043934353
118 1.0073314319167745 -0.0007251092799909456 4.926886585522491 0.0007251092799909456 1.0073314319167745 -5.825310596146349
119 1.0054592472779988 -0.0007835064036508048 1.4929710719698481 0.0007835064036508048 1.0054592472779988 -4.634297647821637
120 1.0084825444950716 -0.0002585064076525687 3.551009871895854 0.0002585064076525687 1.0084825444950716 -5.300743217558842
121 1.0051878301489214 -0.0008969572578443287 2.066378970272408 0.0008969572578443287 1.0051878301489214 -4.402047455239879
122 1.0046261567818178 -0.0015591096667800248 2.7046804687579753 0.0015591096667800248 1.0046261567818178 -5.34164312292394
123 1.0033752052108018 -0.000589790339846007 2.5088325477962887 0.000589790339846007 1.0033752052108018 -2.4420731420068083
124 1.0034762991109796 -0.00020237849662430436 10.795080384478771 0.00020237849662430436 1.0034762991109796 -2.540117729801488
125 1.0023131661155946 -0.0006111906511667859 4.268557516299523 0.0006111906511667859 1.0023131661155946 -1.7359901518253926
126 1.0007809958092284 -0.0001751448277820537 6.7310225370386005 0.0001751448277820537 1.0007809958092284 -0.9329379463773952
127 1.0006824523600117 -0.0003725892698966422 3.8709464221604133 0.0003725892698966422 1.0006824523600117 -1.5538074379873648
128 1.0003805317670247 -0.0005612596562098376 5.905033207513945 0.0005612596562098376 1.0003805317670247 -1.2661587956640423
129 0.9997525078428297 -0.00016766220832675996 2.608438157080287 0.00016766220832675996 0.9997525078428297 -0.9247154630347486
130 1.0007496503084274 8.04307853660684e-05 1.8943548637223535 -8.04307853660684e-05 1.0007496503084274 -1.0196804099145174
131 1.000029462609625 0.00047639040573885683 3.0347339546117453 -0.00047639040573885683 1.000029462609625 -0.004070458414209943
132 0.9995543984453168 0.00020004276325142622 3.7883371767032332 -0.00020004276325142622 0.9995543984453168 -0.5336265487343795
133 0.9996418198565077 0.0003749724912099559 0.011337384935653222 -0.0003749724912099559 0.9996418198565077 -0.03901388784304778
134 0.9990839039691344 6.873434107045338e-05 1.154703880219562 -6.873434107045338e-05 0.9990839039691344 0.14965672660348345
135 0.9991552305180739 6.375435303304864e-05 0.29248963140820844 -6.375435303304864e-05 0.9991552305180739 0.34403516304385406
136 0.9998381716876823 0.00021655527227557107 -0.41816777657381826 -0.00021655527227557107 0.9998381716876823 0.06376144926016178
137 0.9997256569102121 0.0006607463829583673 -0.7675427428945679 -0.0006607463829583673 0.9997256569102121 0.7397725745507475
138 0.9999374592569037 9.164156353195851e-05 -0.5950979217096604 -9.164156353195851e-05 0.9999374592569037 1.0099583229218145
139 1.000276640564581 0.0002562880309734784 -0.5461625789757945 -0.0002562880309734784 1.000276640564581 -0.25245387440434264
140 0.9994900073399938 0.00012182273496247158 -0.8007499918633062 -0.00012182273496247158 0.9994900073399938 0.7227237056125165
141 0.9997342799054062 0.0001182712799442622 -0.9867707324854006 -0.0001182712799442622 0.9997342799054062 0.1349450160898189
142 1.0001180532441303 5.141064455510011e-05 -2.938556314882926 -5.141064455510011e-05 1.0001180532441303 0.30204177945990934
143 0.9993522060617593 0.0001846229695309475 -1.1355636844378374 -0.0001846229695309475 0.9993522060617593 0.300143900499831
144 0.9994852520893996 9.048778323872669e-05 -3.6065925409486033 -9.048778323872669e-05 0.9994852520893996 0.103665546491152
145 0.999198825074805 0.0005040442554439994 -1.962936144470761 -0.0005040442554439994 0.999198825074805 1.1963164876649768
146 0.999769545178108 0.00026706565563066627 -7.178796500465565 -0.00026706565563066627 0.999769545178108 0.11697518948931473
147 0.9997662409714007 0.0005095686471850996 -6.567943567748381 -0.0005095686471850996 0.9997662409714007 1.034713651900031
148 0.9998551912087975 0.00047372841141226664 -8.140431699643608 -0.00047372841141226664 0.9998551912087975 0.7200666283415739
149 0.9997584183479206 0.0003656868916568017 -3.4111735368385707 -0.0003656868916568017 0.9997584183479206 0.250512408508603
150 0.9995548723621607 0.00022280247019141507 -4.897235545998477 -0.00022280247019141507 0.9995548723621607 0.3269785011670266
151 0.9992682715844786 0.0002892809667684778 -2.673538540196131 -0.0002892809667684778 0.9992682715844786 0.6193243337534556
152 0.9995217410155027 0.0002619245448123896 -4.219165841565163 -0.0002619245448123896 0.9995217410155027 0.4438904435855059
153 0.9994329307997707 0.0002886552116442281 -2.5880760483500738 -0.0002886552116442281 0.9994329307997707 0.7680056216765987
154 1.0001571210564661 0.0001956089128737788 -5.4578001745852704 -0.0001956089128737788 1.0001571210564661 0.27863461867035744
155 0.999747263600181 -6.605338680912154e-05 -3.403352178427062 6.605338680912154e-05 0.999747263600181 0.18000635565296688
156 1.000122670604583 3.8757204146455486e-05 -5.58315651145074 -3.8757204146455486e-05 1.000122670604583 0.27221692696190186
157 0.999564215371494 0.0003801080946721926 -3.677718934517457 -0.0003801080946721926 0.999564215371494 0.8336016373066129
158 0.9998320473790802 5.2604990008749255e-05 -4.955238702639172 -5.2604990008749255e-05 0.9998320473790802 -0.1408697765687797
159 0.9977713959749099 0.0001924069008812948 -1.7035645360580984 -0.0001924069008812948 0.9977713959749099 1.5430329590520333
160 0.9963271569533254 0.0003932179275626004 -1.9653647815833275 -0.0003932179275626004 0.9963271569533254 2.171447906784018
161 0.9955904157893573 0.0007701172566603839 0.931883204455651 -0.0007701172566603839 0.9955904157893573 3.2960453277146944
162 0.9935872854381829 0.0001156677478364325 1.7938703269765437 -0.0001156677478364325 0.9935872854381829 2.87064429308503
163 0.9948755554473224 0.0003313400689542097 2.3033544468734792 -0.0003313400689542097 0.9948755554473224 3.433696605770141
164 0.9917209065004645 0.00015431942494120948 4.333400018150465 -0.00015431942494120948 0.9917209065004645 4.2378459653011635
165 0.9932833832955481 5.84291597299396e-05 4.532400786730026 -5.84291597299396e-05 0.9932833832955481 3.520088859179594
166 0.9904123263275519 -0.000125773330371137 7.811559825874356 0.000125773330371137 0.9904123263275519 5.15096408050276
167 0.9930281728030043 -0.000428693417278816 4.9863332513328 0.000428693417278816 0.9930281728030043 2.9970300311612617
168 0.9898060623095638 -9.198260334961853e-05 7.116281671809328 9.198260334961853e-05 0.9898060623095638 5.372869739652203
169 0.9931977323548046 -7.6937700818212e-05 6.400932591268599 7.6937700818212e-05 0.9931977323548046 3.3067069101078097
170 0.989726327198007 -0.00018811795428137838 9.084841036330369 0.00018811795428137838 0.989726327198007 5.59778655081265
171 0.9936981962386932 -5.118961065063432e-05 7.512537409549822 5.118961065063432e-05 0.9936981962386932 3.588539612519287
172 0.9903352991719363 -0.000389115448360678 8.625968024935327 0.000389115448360678 0.9903352991719363 4.799515334431875
173 0.9936287546990069 4.252247028635182e-05 6.734900877646428 -4.252247028635182e-05 0.9936287546990069 3.962167024071811
174 0.9901201864800694 -0.00013805928033816875 10.862086564894987 0.00013805928033816875 0.9901201864800694 4.675575171804508
175 0.9934148464798809 0.00019138823111837985 6.4953542392970975 -0.00019138823111837985 0.9934148464798809 3.834204967010408
176 0.9913701725804516 0.0002723744863894869 8.794143937319344 -0.0002723744863894869 0.9913701725804516 4.493571702534803
177 0.9953159260535348 0.00018978087412204316 4.889579393829747 -0.00018978087412204316 0.9953159260535348 2.500693548320711
178 0.9945740374204542 5.8799884854434384e-05 5.7418528412211245 -5.8799884854434384e-05 0.9945740374204542 2.7769758577646146
179 0.9976637413309736 -0.00014063993053019998 3.249351367394473 0.00014063993053019998 0.9976637413309736 0.9371422693990598
180 0.9978516366750012 -4.895454616843319e-06 3.2697722279927484 4.895454616843319e-06 0.9978516366750012 0.7126782938545236
181 0.9998153294423012 0.00029731794967411665 1.4452268504949082 -0.00029731794967411665 0.9998153294423012 0.2993323932172466
182 0.9993180038520321 0.00029582643573852936 2.100743196403751 -0.00029582643573852936 0.9993180038520321 0.6719244777480614
183 0.9996367655991385 0.00039423540445379044 1.9060561872031285 -0.00039423540445379044 0.9996367655991385 0.4303115844673921
184 0.9998813579452649 0.00035420501578379155 2.789376202707691 -0.00035420501578379155 0.9998813579452649 0.41113472685372976
185 0.9995837137794976 0.0001561776470287914 1.2873462272454346 -0.0001561776470287914 0.9995837137794976 0.33566134512509127
186 0.9997182983366536 0.0001963289836507327 1.4496210379531376 -0.0001963289836507327 0.9997182983366536 0.27755755039504226
187 0.9999429288188559 0.00024775859029438894 0.24631064907768838 -0.00024775859029438894 0.9999429288188559 0.3792488487040851
188 0.9995979874315037 -8.960334275289359e-05 0.7642916907793872 8.960334275289359e-05 0.9995979874315037 0.6891463711269175
189 0.9999162901831095 0.0002465745939377391 -0.15630356231018433 -0.0002465745939377391 0.9999162901831095 -0.20267235080446674
190 0.999694797095963 0.00022399204496152572 0.563791554811364 -0.00022399204496152572 0.999694797095963 0.04716376755509174
191 0.9995737552560744 0.000314298961611366 -0.17997293239240464 -0.000314298961611366 0.9995737552560744 -0.051027579205854046
192 0.9999210281093109 0.0002168593008507007 0.26378991013687547 -0.0002168593008507007 0.9999210281093109 0.17397688190337424
193 0.9997231787569935 0.00032731277959686706 0.009380784924995444 -0.00032731277959686706 0.9997231787569935 0.3866328243192585
194 0.9997570743185713 0.0004177562162079086 0.016793086599507234 -0.0004177562162079086 0.9997570743185713 0.4744858299940438
195 1.000140419980231 0.0003918330060867012 0.5679616947127387 -0.0003918330060867012 1.000140419980231 0.3387357401563301
196 0.99982751974307 0.000329241524779792 -0.11239067083881465 -0.000329241524779792 0.99982751974307 0.3204557420934033
197 0.9998887461445174 0.0003526172602661545 0.42359519723084893 -0.0003526172602661545 0.9998887461445174 0.284768231342779
198 1.0000225590749645 0.00028463039540363563 -0.22244396227233243 -0.00028463039540363563 1.0000225590749645 0.28851045877496123
199 0.9998400620220426 0.00036263229342393597 0.06306016378830612 -0.00036263229342393597 0.9998400620220426 0.6062427753251007
200 0.9996172021682226 0.0003100083678609837 -0.1688049225534533 -0.0003100083678609837 0.9996172021682226 0.7936609870066696
201 0.9995976454952308 0.00014580905809522153 0.3657388030846682 -0.00014580905809522153 0.9995976454952308 0.34513896088670204
202 0.999974428087739 0.00024872166196685804 -1.3236643459729158 -0.00024872166196685804 0.999974428087739 0.9020911661696663
203 0.9999228797456217 0.0003811595039204809 -1.5770448351525077 -0.0003811595039204809 0.9999228797456217 1.1814822370415887
204 0.9996686815071442 0.0002926241240167219 -0.7192791647277578 -0.0002926241240167219 0.9996686815071442 0.16863444955455054
205 0.9999733021527056 0.0003986650501230909 -1.0075128864648575 -0.0003986650501230909 0.9999733021527056 0.8445336368923633
206 0.9997727998007444 0.0002417618344627367 -1.482655427511881 -0.0002417618344627367 0.9997727998007444 -0.010042515813339925
207 0.9996413208987374 0.0004684202867470109 -0.49066308502022826 -0.0004684202867470109 0.9996413208987374 0.707576550834509
208 1.0000474533611154 -0.0003116300365425045 -2.0665179972273777 0.0003116300365425045 1.0000474533611154 -0.7581421328779891
209 0.9998435440284893 0.0002183970814409478 -1.5450664246753723 -0.0002183970814409478 0.9998435440284893 0.5137227726871467
210 1.0002142804487801 -3.053666248443571e-05 -2.56407160695609 3.053666248443571e-05 1.0002142804487801 -0.48738540240327366
211 1.0006260040616226 0.00024194316710051235 -2.7667825346299533 -0.00024194316710051235 1.0006260040616226 0.5628809188920195
212 1.0000592803756518 0.0004026578710307017 -2.084545520838232 -0.0004026578710307017 1.0000592803756518 0.24109328002106917
213 1.0002194403036304 7.25353224557588e-05 -2.0636911425697706 -7.25353224557588e-05 1.0002194403036304 -0.07639759740379648
214 1.0002239370909516 -8.229564031612762e-06 -4.218935467885549 8.229564031612762e-06 1.0002239370909516 0.11845773293099626
215 0.9999827996142588 2.8041355687911495e-05 -2.4546644725007476 -2.8041355687911495e-05 0.9999827996142588 0.0041836707411461865
216 1.0000134738094462 -0.00013542719788343498 -4.221883006835231 0.00013542719788343498 1.0000134738094462 -0.3229488242851383
217 1.0008667342878654 -0.00013140892262187163 -3.5593150768978448 0.00013140892262187163 1.0008667342878654 0.22271944209351457
218 1.0003314472386484 9.632867228402885e-05 -5.590013027819143 -9.632867228402885e-05 1.0003314472386484 -0.13426298772441436
219 1.0006653309186964 0.00041101184088592575 -3.567508128105975 -0.00041101184088592575 1.0006653309186964 0.482673200550383
220 1.000022057304239 0.0005542574179580922 -4.4217351589947755 -0.0005542574179580922 1.000022057304239 1.0869368957097663
221 1.000220748227422 0.0003299801640544751 -1.7403901769683798 -0.0003299801640544751 1.000220748227422 0.3460811533096458
222 1.0002887358894308 0.00010987065421435102 -1.8662604260244375 -0.00010987065421435102 1.0002887358894308 -0.1343871947051613
223 0.999999547395224 -0.00018884681892216316 -1.8248741873752081 0.00018884681892216316 0.999999547395224 0.29776264686828374
224 1.0001782128000694 -2.690821315188836e-06 -3.2111920373616956 2.690821315188836e-06 1.0001782128000694 0.1789184126744358
225 1.00028811169017 -0.00015791667952492496 -3.113143555629655 0.00015791667952492496 1.00028811169017 -0.28563497565132523
226 1.0000999473946173 4.3130973983107656e-05 -3.8844879621310717 -4.3130973983107656e-05 1.0000999473946173 -0.37334556785777917
227 1.0005745622810238 -0.0003316704704966352 -3.8574837764895755 0.0003316704704966352 1.0005745622810238 -0.08761661493390771
228 1.0001228674583564 -5.6826643073785e-06 -4.7417430272492584 5.6826643073785e-06 1.0001228674583564 -0.16891343636752507
229 1.0005817731575108 -0.00021336412315002787 -2.07282015715603 0.00021336412315002787 1.0005817731575108 -0.14367566061987436
230 1.0003344217886687 6.789965479781088e-05 -2.0456119811433062 -6.789965479781088e-05 1.0003344217886687 0.0503788533596772
231 1.0004745951086338 9.98179400540736e-05 -1.9178280863484833 -9.98179400540736e-05 1.0004745951086338 0.0781209166353698
232 1.000140867165132 -8.130669325239007e-05 -2.2998838009449685 8.130669325239007e-05 1.000140867165132 0.009491948592124932
233 1.000590658282621 0.00021157463441458853 -2.702032487605292 -0.00021157463441458853 1.000590658282621 0.43507750526887146
234 1.0001786563589876 9.361638211478288e-05 -2.3944069287426504 -9.361638211478288e-05 1.0001786563589876 0.24241523147328392
235 1.000778523659798 0.00011582973890430752 -2.468522201025793 -0.00011582973890430752 1.000778523659798 0.2539624977813206
236 1.0000524348093 9.886527622940396e-05 -3.334694174499462 -9.886527622940396e-05 1.0000524348093 0.4498689577234458
237 0.9998827826209854 -1.4128325434154387e-05 -1.5703457171025517 1.4128325434154387e-05 0.9998827826209854 0.3228151371129872
238 1.0001471652091503 7.933976049894376e-05 -3.336035752019902 -7.933976049894376e-05 1.0001471652091503 -0.07692372486515259
239 0.9996869162365312 0.00012495935564606426 -2.191620119891035 -0.00012495935564606426 0.9996869162365312 0.21395643436915354
240 1.000329723635862 0.0004389121579854859 -3.5471411464038614 -0.0004389121579854859 1.000329723635862 0.35186290272433624
241 0.999870268872638 0.00010266347475718004 -1.1551988893213276 -0.00010266347475718004 0.999870268872638 0.12494414368913508
242 0.9997169614781478 -0.00022019171397577635 -4.681534059199677 0.00022019171397577635 0.9997169614781478 -0.006848226318816778
243 0.9991850859405542 4.407565786485081e-05 -1.845948154797404 -4.407565786485081e-05 0.9991850859405542 0.39204404251744035
244 0.9968682990514919 -0.00015360987229481673 -1.1619253464519164 0.00015360987229481673 0.9968682990514919 1.5927170727188493
245 0.9979909622739116 -0.0005613900977926771 -0.8023108175995514 0.0005613900977926771 0.9979909622739116 0.8553006180415432
246 0.9953384997670953 -0.00014611418828883055 1.1058168263026849 0.00014611418828883055 0.9953384997670953 2.364992337869813
247 0.9954336959890699 0.0005046353179499821 2.9487540102555925 -0.0005046353179499821 0.9954336959890699 2.9727749646915567
248 0.9936519544373349 0.0002058990183853104 0.47244051210533616 -0.0002058990183853104 0.9936519544373349 3.6400943087904074
249 0.9948200593580198 0.0008353826372328237 0.9905441338435765 -0.0008353826372328237 0.9948200593580198 3.10674021133903
250 0.9931119897476702 -0.000221411769126825 3.9129312439331616 0.000221411769126825 0.9931119897476702 3.636214368975548
251 0.9957435774405914 -0.00044189048164677456 1.452696171188166 0.00044189048164677456 0.9957435774405914 1.6665079092374153
252 0.993116139613544 0.000160223097346236 5.408572070631943 -0.000160223097346236 0.993116139613544 3.6859376257579712
253 0.9953668033334742 0.0003860822642079165 3.918644830866379 -0.0003860822642079165 0.9953668033334742 2.454628417132787
254 0.9933046056226673 0.0001552065036412767 5.489986280843841 -0.0001552065036412767 0.9933046056226673 3.3488548643952405
255 0.9952780811565783 -9.061363228589531e-05 4.355312575457512 9.061363228589531e-05 0.9952780811565783 2.3099145532963656
256 0.9935757332346452 -0.00011591720757529926 5.411170673053677 0.00011591720757529926 0.9935757332346452 3.4252843553709087
257 0.9955524099555854 -0.0001245779404078917 3.385936604228154 0.0001245779404078917 0.9955524099555854 2.1487303705770002
258 0.9935709400194838 -0.0007470331297271423 5.03697529204654 0.0007470331297271423 0.9935709400194838 2.6698350420942414
259 0.99591336324034 -0.0004415995297925572 3.0605834114639 0.0004415995297925572 0.99591336324034 1.30001767103473
260 0.9931691078572508 -0.00036077953840860463 3.8619385095972674 0.00036077953840860463 0.9931691078572508 2.8264647611886264
261 0.9958254133116946 0.00010966932136833469 1.0641684767813278 -0.00010966932136833469 0.9958254133116946 1.8130698831585348
262 0.9939094625532169 0.0005952617897337898 2.298478184357869 -0.0005952617897337898 0.9939094625532169 3.992132434621733
263 0.995700415822267 0.00043902960862956397 1.520466138515996 -0.00043902960862956397 0.995700415822267 2.848654818544711
264 0.9937770910833048 0.000146017258940713 2.0152412416487704 -0.000146017258940713 0.9937770910833048 2.88913297886295
265 0.9956536137883446 -6.34432486058872e-05 0.8061053271677383 6.34432486058872e-05 0.9956536137883446 1.9237758028181553
266 0.9934101940915617 0.0001345681052769634 1.0934457148193515 -0.0001345681052769634 0.9934101940915617 3.817289150486992
267 0.9958394546495934 -0.0001266746336453545 0.1117490376859932 0.0001266746336453545 0.9958394546495934 1.8976230064365063
268 0.9936025877049222 0.0002748597081785128 -2.4510775292203792 -0.0002748597081785128 0.9936025877049222 3.399435921493728
269 0.9966941428484418 4.361648523368184e-05 -0.8227870733728697 -4.361648523368184e-05 0.9966941428484418 1.8634358877210213
270 0.9957499261482513 2.4038605811129102e-05 -1.2815694036231362 -2.4038605811129102e-05 0.9957499261482513 2.791583589675322
271 0.997441416511841 -0.0001343765077149332 -0.5362935477915243 0.0001343765077149332 0.997441416511841 1.5533166541215047
272 0.9976901438307717 8.199906028134618e-05 -0.8947570104131062 -8.199906028134618e-05 0.9976901438307717 1.4375324369765046
273 0.9990433791779982 0.00018460296966482334 -0.00737087979361295 -0.00018460296966482334 0.9990433791779982 1.4252240748923466
274 0.99890427964032 0.00028112582090535136 -0.9164194383765365 -0.00028112582090535136 0.99890427964032 1.8272927932059275
275 0.9999192894845422 0.00016786145779690113 -0.6688967071834475 -0.00016786145779690113 0.9999192894845422 -0.06665721354875359
276 0.9995859655107313 -5.9920284918116175e-05 -3.313808331359 5.9920284918116175e-05 0.9995859655107313 1.9934923389720016
277 0.9997671636940046 0.00030306402252205033 -3.395626995185715 -0.00030306402252205033 0.9997671636940046 1.5552926592316083
278 1.0000110682585925 1.9378004435492006e-05 -3.342048984165184 -1.9378004435492006e-05 1.0000110682585925 2.410275766215849
279 0.999575377686843 8.840145657034144e-05 -3.506371333774344 -8.840145657034144e-05 0.999575377686843 3.5911556770795743
280 0.9999519852307447 0.00011814858630562353 -6.594640039087423 -0.00011814858630562353 0.9999519852307447 5.3738235605192815
281 0.999798097402894 0.00011272355060445016 -4.032445506450856 -0.00011272355060445016 0.999798097402894 5.2244191636909925
282 0.9998402256334152 0.00010497788871500688 -4.281379237871335 -0.00010497788871500688 0.9998402256334152 7.197156066871552
283 0.9999515034781565 0.00020173527896469835 -4.409797612394831 -0.00020173527896469835 0.9999515034781565 4.008813087656107
284 0.9998121152901849 0.00013266468259229782 -4.306917618851463 -0.00013266468259229782 0.9998121152901849 4.57874464274411
285 0.9999217677335759 2.634479878300613e-05 -2.023138657599435 -2.634479878300613e-05 0.9999217677335759 1.2368016866918041
286 0.9999326122455393 7.247015357498464e-05 -6.517908860468964 -7.247015357498464e-05 0.9999326122455393 1.5041534058019181
287 0.9997458714611642 0.000192945368150023 -4.077254800509279 -0.000192945368150023 0.9997458714611642 -0.15871056211327175
288 0.9999749221995987 8.527854796270464e-05 -8.632554644281688 -8.527854796270464e-05 0.9999749221995987 -0.24340842633825013
289 1.0000897640964357 8.488003711045486e-05 -6.221935918719912 -8.488003711045486e-05 1.0000897640964357 0.047538818549349326
290 0.9998460641082955 0.00020821060674676152 -7.993648589898413 -0.00020821060674676152 0.9998460641082955 0.49103062901232764
291 1.0000298676589479 -9.115762192416718e-05 -5.394877870469595 9.115762192416718e-05 1.0000298676589479 0.009944614876903268
292 1.000066566870362 9.270638072852468e-05 -8.372837703095225 -9.270638072852468e-05 1.000066566870362 0.16201097638873035
293 1.0001400651802763 6.698577028724993e-05 -4.085488234827848 -6.698577028724993e-05 1.0001400651802763 -0.5437581859072811
294 1.0000831892799902 0.00011269486603091516 -4.234845613247381 -0.00011269486603091516 1.0000831892799902 1.5053352028971232
295 0.9998429989862828 0.00011826577952079651 -1.0183882463745968 -0.00011826577952079651 0.9998429989862828 0.49977306577528824
296 1.0000165543893313 0.00010012085619945626 -1.998978751618821 -0.00010012085619945626 1.0000165543893313 1.2363704690394919
297 0.9998042906873811 6.968007739422427e-05 -0.6087472443413767 -6.968007739422427e-05 0.9998042906873811 0.11987950308706924
298 0.9999548690904162 0.00011321302696821111 -0.7206500650296377 -0.00011321302696821111 0.9999548690904162 -0.8346244115134702
299 1.0002966754441167 0.00011613970530209642 -0.4954713317065497 -0.00011613970530209642 1.0002966754441167 -0.8249512939659286
300 0.9997600872171454 0.00011617578800641068 0.5374204166185358 -0.00011617578800641068 0.9997600872171454 0.6008136653221845
301 1.0000540093665073 3.7167585339955933e-05 0.10311690173358767 -3.7167585339955933e-05 1.0000540093665073 -0.4130107525334292
302 0.9998961905912168 8.21307805096269e-07 0.5892041535809227 -8.21307805096269e-07 0.9998961905912168 0.7590439209238902
303 0.9996839184375745 3.688515537239305e-05 0.007290258092920672 -3.688515537239305e-05 0.9996839184375745 0.1062378431671572
304 1.0002360792710827 4.128356952108896e-05 -0.528721074721515 -4.128356952108896e-05 1.0002360792710827 -0.2524587435141897
305 0.9999076923883791 -3.776733015497906e-05 0.31333335766834614 3.776733015497906e-05 0.9999076923883791 0.23858144571246553
306 0.9999916155461408 0.00014830372950516498 -0.32473670926523646 -0.00014830372950516498 0.9999916155461408 0.7655247419275093
307 1.0001404562719816 0.00013432948549915927 0.7187817786089692 -0.00013432948549915927 1.0001404562719816 -0.5589663223880681
308 0.9999437148248141 -8.277853262133499e-05 -0.2996175716259238 8.277853262133499e-05 0.9999437148248141 -0.08626072360501941
309 1.0000057193763925 3.5298216180555526e-05 0.5833831176343994 -3.5298216180555526e-05 1.0000057193763925 -0.2540515524412614
310 1.0000524657365772 -6.377397771894739e-05 0.24199729138108522 6.377397771894739e-05 1.0000524657365772 -0.6687138246565032
311 0.9999389198312625 -3.425555571468506e-05 0.22040306308009405 3.425555571468506e-05 0.9999389198312625 -0.13530024618131398
312 1.0000934512609905 6.12026869448314e-06 0.4155839924045085 -6.12026869448314e-06 1.0000934512609905 -0.7599348708274473
313 1.000001670776207 -1.2360080697711856e-05 0.08250974379073606 1.2360080697711856e-05 1.000001670776207 -0.04268392269251192
314 0.9999694837424224 -1.771488509656311e-05 0.8879311659792818 1.771488509656311e-05 0.9999694837424224 -1.1691002029032191
315 1.00014740029408 7.41821573231411e-05 -0.039643772150227324 -7.41821573231411e-05 1.00014740029408 -0.8183643424298975
316 0.9999690128236267 -0.000100056039675864 0.7544821629662838 0.000100056039675864 0.9999690128236267 -0.35636761213068446
317 1.0000306512202843 -9.425736640930433e-05 0.4039344860971736 9.425736640930433e-05 1.0000306512202843 -0.7547788861205981
318 1.0000059204341003 1.5343228665514385e-05 0.006553498324879836 -1.5343228665514385e-05 1.0000059204341003 -0.07578090252911363
319 0.9999393019109915 -9.035516286095391e-05 0.19380950876197725 9.035516286095391e-05 0.9999393019109915 -0.17177814694830687
320 1.0000680804486828 6.084675334703031e-05 -0.06725412596715709 -6.084675334703031e-05 1.0000680804486828 -0.21253010990807247
321 0.9999257454820727 9.4721603026178e-05 0.15805374648583337 -9.4721603026178e-05 0.9999257454820727 0.1719801617937795
322 0.9999380619034703 -4.5027674565241774e-05 0.6373525097191859 4.5027674565241774e-05 0.9999380619034703 -0.15136182315891988
323 0.9999649067746441 3.7827649671611134e-05 0.22208036815542206 -3.7827649671611134e-05 0.9999649067746441 0.2153023397748115
324 0.9998734658741918 -8.804552301173338e-05 0.8849606507416927 8.804552301173338e-05 0.9998734658741918 -0.033546483338555755
325 1.000115486988239 2.6742438556515853e-05 0.7523793889275417 -2.6742438556515853e-05 1.000115486988239 0.001873842948729633
326 1.0000411459364325 -4.467015650204577e-05 1.4561023675483915 4.467015650204577e-05 1.0000411459364325 0.0008679739833825639
327 0.9999808208006759 -6.212024538088127e-05 1.882098480895627 6.212024538088127e-05 0.9999808208006759 -0.09360809456974377
328 1.0001010816659082 8.241579319395185e-05 1.6783861332690209 -8.241579319395185e-05 1.0001010816659082 -0.6458311655684874
329 0.9999638517469969 9.033856489573474e-05 1.3152409236680755 -9.033856489573474e-05 0.9999638517469969 0.20625977458802044
330 0.9998706594736111 -1.3984695460352135e-05 2.4572786429514193 1.3984695460352135e-05 0.9998706594736111 -0.3407768723846722
331 1.0000410663695165 -2.407887890424872e-05 0.5570479597813304 2.407887890424872e-05 1.0000410663695165 0.09069430651839183
332 0.9998915595193328 0.00015436110470273172 1.1893192885828574 -0.00015436110470273172 0.9998915595193328 -0.09062105173238809
333 1.0001377251897179 -1.8631725236604025e-06 0.04292672600995884 1.8631725236604025e-06 1.0001377251897179 -0.4132232010707788
334 0.9999542950498277 -2.6930198353332133e-05 -0.04453589720728759 2.6930198353332133e-05 0.9999542950498277 -0.02585787392838081
335 1.000048624031561 -8.672259609652826e-05 -0.038341610056940555 8.672259609652826e-05 1.000048624031561 -0.2665281935294538
336 0.9999960334111321 0.00012147684302435391 0.01770927284962888 -0.00012147684302435391 0.9999960334111321 -0.8060886427967411
337 0.9999666502180553 -4.979960590271114e-05 0.13676140864937691 4.979960590271114e-05 0.9999666502180553 -0.10939094048432207
338 1.0000999270399964 -3.708943177652754e-05 -0.024138908645749094 3.708943177652754e-05 1.0000999270399964 -0.3808174599072911
339 1.0000521851970376 4.793261525019866e-05 -0.054836702452104646 -4.793261525019866e-05 1.0000521851970376 -0.16437103793337765
340 1.0000808151595233 -7.83809133982159e-05 0.15947134974086793 7.83809133982159e-05 1.0000808151595233 -0.556798932126266
341 1.000142780429536 -3.101143328782327e-05 -0.2754264344942544 3.101143328782327e-05 1.000142780429536 -0.38731308373797013
342 1.0000771494665033 -8.388419442578141e-05 -0.3212582959533847 8.388419442578141e-05 1.0000771494665033 -0.6212202463388731
343 0.9999490169484372 -4.04941214392853e-05 -0.1901939332236764 4.04941214392853e-05 0.9999490169484372 0.001960116956385316
344 1.0000504178790317 -1.969573464164184e-05 -0.3867489895621052 1.969573464164184e-05 1.0000504178790317 -0.2707286072778086
345 1.000054978990555 -6.27046452978629e-05 -0.2627845817452511 6.27046452978629e-05 1.000054978990555 -0.18057275127462963
346 0.9999636099151041 -0.00012229758884184995 -0.6211378429498268 0.00012229758884184995 0.9999636099151041 -0.08226146038730994
347 1.000019257466189 -0.00028023087930417463 -0.2160095329890086 0.00028023087930417463 1.000019257466189 -0.37422613785316905
348 0.9999856544712141 -8.200621920168035e-05 0.10407495225872393 8.200621920168035e-05 0.9999856544712141 -0.07024641460731884
349 1.000034903297524 -0.00014159140667725602 -0.3141999090637679 0.00014159140667725602 1.000034903297524 -0.19285109975047415
350 0.9999338279862475 -9.250447367236714e-05 0.19277652778881904 9.250447367236714e-05 0.9999338279862475 0.5247918887388076
351 1.0000370546656707 -8.860614938515199e-05 0.0407890786825278 8.860614938515199e-05 1.0000370546656707 -0.13771560942274835
352 0.9999602475035196 -8.608659612837655e-05 -0.4724483409992383 8.608659612837655e-05 0.9999602475035196 0.9485368570907822
353 0.9998264024833793 -0.00020361549276047149 0.6639530031327139 0.00020361549276047149 0.9998264024833793 -0.06418491093396297
354 0.999867138923063 -9.236816128920688e-05 -0.47134041417529654 9.236816128920688e-05 0.999867138923063 1.661993090888244
355 0.999923281077451 -0.0001956482040176095 0.9122459135234747 0.0001956482040176095 0.999923281077451 -0.5594518110780279
356 1.0000047716789378 -0.0001402914013725048 2.321981527255324 0.0001402914013725048 1.0000047716789378 0.3342935737127925
357 0.9999989024722004 -0.0002492780895392551 2.077665152278338 0.0002492780895392551 0.9999989024722004 -0.8194854320821235
358 1.0002309322899154 -0.00010847774557559825 2.25336292971784 0.00010847774557559825 1.0002309322899154 0.25363424515509875
359 0.9995914152638521 -9.848149835396925e-05 1.899656097631916 9.848149835396925e-05 0.9995914152638521 -0.40276261756371345
360 1.0003925433124166 -3.7651235983468617e-06 2.6914831292348906 3.7651235983468617e-06 1.0003925433124166 -0.27436391692671797
361 1.0000664274784359 -0.00025827576285461946 1.4854778610868715 0.00025827576285461946 1.0000664274784359 -0.8045717446442826
362 0.9999078539602013 -0.00014567924795960832 4.470309915318891 0.00014567924795960832 0.9999078539602013 -0.3465128058914109
363 0.9999924052471512 -0.00031295660517616545 5.218063449999157 0.00031295660517616545 0.9999924052471512 -0.26328227547737615
364 0.999962976657234 -0.0002203124325447386 7.246431442421688 0.0002203124325447386 0.999962976657234 -0.6209886471534694
365 1.000175517124628 -0.0003869495505639357 4.935944259994608 0.0003869495505639357 1.000175517124628 -0.9942898486059445
366 0.9998992081683195 -0.00017103773129942916 4.560113718316602 0.00017103773129942916 0.9998992081683195 -0.35455223721224427
367 0.9998977179123891 -1.3997316480469288e-05 3.0388361689215566 1.3997316480469288e-05 0.9998977179123891 -0.30554350595816315
368 1.0002598543154897 1.6372358616904525e-05 3.2823513253318084 -1.6372358616904525e-05 1.0002598543154897 -0.3072056341662824
369 0.9998239301014713 -1.455153906661466e-05 2.5555783982637834 1.455153906661466e-05 0.9998239301014713 0.04681032217401657
370 0.9999407007999185 0.0001693358806370469 2.400918540677079 -0.0001693358806370469 0.9999407007999185 0.05308785924926901
371 1.0000060025379012 5.8619686366702395e-06 1.207337178318768 -5.8619686366702395e-06 1.0000060025379012 0.4684443831881189
372 0.9995850766892997 -5.518685192446486e-05 2.9613742213021075 5.518685192446486e-05 0.9995850766892997 0.5424557053079833
373 0.99910646542736 -4.022104332826741e-05 2.941323279902877 4.022104332826741e-05 0.99910646542736 0.3821223908776357
374 0.997367801184023 0.00013134649982988832 4.894958512075245 -0.00013134649982988832 0.997367801184023 2.1310359413519135
375 0.9979139507903326 0.0001350015310023551 3.4208648256398404 -0.0001350015310023551 0.9979139507903326 1.259385170504516
376 0.996277142480594 0.0001256890699675232 6.994896939083051 -0.0001256890699675232 0.996277142480594 2.833240371793008
377 0.9976452249761307 -0.0001677950424267161 5.529326524941599 0.0001677950424267161 0.9976452249761307 0.9313911885604695
378 0.9969617295456658 -2.028921503995e-05 6.464414247892083 2.028921503995e-05 0.9969617295456658 2.45891275398296
379 0.9984389792238098 -0.00015683310735648952 4.016704948681552 0.00015683310735648952 0.9984389792238098 0.9819393375445827
380 0.9982503558352852 -8.798349694068774e-05 2.8608370821676923 8.798349694068774e-05 0.9982503558352852 2.118202396670084
381 0.9991549202887323 4.159552903215197e-05 1.2125052802187748 -4.159552903215197e-05 0.9991549202887323 1.5799663242225634
382 0.9992262922611954 6.937621555561694e-05 1.5435564298987525 -6.937621555561694e-05 0.9992262922611954 2.164148282046477
383 0.9995945023488998 0.00011979311623833768 0.4345921114979814 -0.00011979311623833768 0.9995945023488998 1.305410057084591
384 0.9999936235191259 -4.249298703868005e-05 0.2983002993129281 4.249298703868005e-05 0.9999936235191259 0.4692331013381539
385 0.9999067296529537 4.590580762281354e-05 0.32891300146759045 -4.590580762281354e-05 0.9999067296529537 0.7241395184286528
386 0.999739192536968 0.00018513855336795693 1.3706310492114264 -0.00018513855336795693 0.999739192536968 0.4153253913172422
387 1.000199849897034 0.00014068158022648782 -0.5683777344183503 -0.00014068158022648782 1.000199849897034 0.07035446045431966
388 0.9997676756279313 1.1614799421726408e-05 0.6590299261846858 -1.1614799421726408e-05 0.9997676756279313 0.8457904089102327
389 1.0000373359499959 0.0001294902233145731 -0.41806638113970035 -0.0001294902233145731 1.0000373359499959 0.028205785548950146
390 1.0000080078081046 0.00011596227499023523 -0.4828368161954213 -0.00011596227499023523 1.0000080078081046 0.13366881029036196
391 1.0000022855196593 3.2246779287930724e-05 -0.010028316481070663 -3.2246779287930724e-05 1.0000022855196593 0.3358024459815009
392 1.0000492965962517 8.587885322492648e-05 -0.5918470154862727 -8.587885322492648e-05 1.0000492965962517 0.024580531358605273
393 1.0000291764363316 0.00014873636097713163 0.33201026951919993 -0.00014873636097713163 1.0000291764363316 0.0888500654063517
394 1.0001453491501648 7.980592248222144e-06 -0.08023005790080562 -7.980592248222144e-06 1.0001453491501648 -0.368831474378029
395 1.0000085703611599 7.201634376723432e-05 0.0823397834797802 -7.201634376723432e-05 1.0000085703611599 0.12271554761981066
396 0.999902658838041 -6.32005163040238e-05 0.5538671238600608 6.32005163040238e-05 0.999902658838041 0.2637101837851128
397 1.0000898573668955 3.159293106790595e-05 0.16501312006267924 -3.159293106790595e-05 1.0000898573668955 0.6223520404345436
398 0.9999266258768637 -2.6594192041634666e-05 0.1426167621425592 2.6594192041634666e-05 0.9999266258768637 -0.11402278979022246
399 1.0000731381492596 -5.3530168901671306e-05 -0.5068716235003056 5.3530168901671306e-05 1.0000731381492596 -0.34414460217281106
400 1.0000882739727308 -1.4641070477138349e-05 -0.49911718635237606 1.4641070477138349e-05 1.0000882739727308 0.5159742293235985
401 1.0000313317987646 -6.893996766736572e-05 -0.12179547841566427 6.893996766736572e-05 1.0000313317987646 -0.15504890180359757
402 0.9998648250936489 0.00010502574547480929 0.6478014440193873 -0.00010502574547480929 0.9998648250936489 0.39500001352097547
403 1.0001187434770078 -1.3834237378733178e-05 -0.030015726107326467 1.3834237378733178e-05 1.0001187434770078 -1.005879713632622
404 0.9998888072909756 0.00012535217546834001 0.23669282323617977 -0.00012535217546834001 0.9998888072909756 0.42603018702016465
405 0.9999993898741528 -0.00012611703974052202 0.1442473799675293 0.00012611703974052202 0.9999993898741528 -0.031532120263801554
406 1.0000386377001491 0.0001985145844128017 0.6798688537205667 -0.0001985145844128017 1.0000386377001491 0.1691763490200177
407 0.9999953428565064 -0.00010161479501647002 0.08867285926450774 0.00010161479501647002 0.9999953428565064 -0.8863054724173842
408 1.0000696752975113 -0.00024459921183623434 0.2745918916294019 0.00024459921183623434 1.0000696752975113 -0.02674508384045975
409 0.9999389860507062 8.007012154725618e-05 0.7651668594020782 -8.007012154725618e-05 0.9999389860507062 -0.03490443439802914
410 1.0000804748724132 3.5562405501628487e-06 0.7819599141300709 -3.5562405501628487e-06 1.0000804748724132 -0.4384703757356853
411 1.000091146161868 6.85517784454677e-05 1.287797419107295 -6.85517784454677e-05 1.000091146161868 0.1359319925179119
412 0.9998748542886692 -0.00020536812886424554 3.16680393379147 0.00020536812886424554 0.9998748542886692 -0.30826371837897104
413 1.0000069131358227 -0.0001235704612340885 2.1864549221961616 0.0001235704612340885 1.0000069131358227 0.2161568090627876
414 1.000091134358097 1.2308879551846223e-05 4.3903404672027975 -1.2308879551846223e-05 1.000091134358097 -0.49018382308479325
415 1.0000129927068575 -0.0001129485626336322 2.3980699221501087 0.0001129485626336322 1.0000129927068575 -0.44890700083949653
416 1.0000416182515142 -0.00011093559354789917 2.5777048932636557 0.00011093559354789917 1.0000416182515142 -0.9022707903429351
417 0.9999353074693885 6.747031219399752e-05 0.9791189998040104 -6.747031219399752e-05 0.9999353074693885 -0.2514453111006082
418 0.9999474276784845 -3.7944095109502185e-06 1.5963676668907063 3.7944095109502185e-06 0.9999474276784845 -1.0765327992179434
419 1.000186586648919 -6.150105351644311e-05 1.1410511686202818 6.150105351644311e-05 1.000186586648919 -0.7703202363454822
420 0.9999886944350054 -9.949944690765614e-05 0.9003033122363991 9.949944690765614e-05 0.9999886944350054 -0.8388042072338755
421 1.0000632184307954 6.781901345961768e-05 0.42037350320762656 -6.781901345961768e-05 1.0000632184307954 -0.7506056111238101
422 1.0000294064242272 4.2573677379844965e-06 -0.11611740093627029 -4.2573677379844965e-06 1.0000294064242272 -0.34386454862356874
423 0.9999635671274466 5.0123005113702004e-05 0.16127335860876513 -5.0123005113702004e-05 0.9999635671274466 -0.5624360394502692
424 1.0001340710194304 -4.1324525162072825e-05 -0.08833184295666748 4.1324525162072825e-05 1.0001340710194304 -0.6372825419960321
425 0.9999591746135151 -1.248678281503526e-05 0.0375012903859764 1.248678281503526e-05 0.9999591746135151 -0.047477454222647146
426 0.9999840993739832 -7.675290918807635e-05 -0.03407825456946571 7.675290918807635e-05 0.9999840993739832 -0.2770606991064692
427 1.000033083903846 -0.00011703479507501007 0.10247451456870371 0.00011703479507501007 1.000033083903846 -0.29193085430070553
428 1.0000359931427458 -5.0212424260187576e-05 0.019406861434883623 5.0212424260187576e-05 1.0000359931427458 0.07907730991890471
429 1.0000799243760785 -0.00013032679338910254 0.020424841292365527 0.00013032679338910254 1.0000799243760785 -0.0022104922105743285
430 1.0000303821751149 -0.00022108942685514056 0.36746110631921125 0.00022108942685514056 1.0000303821751149 -0.027977491205304707
431 0.9998163138700906 -0.00013897282396253943 0.4392275436967417 0.00013897282396253943 0.9998163138700906 0.594140205616449
432 1.0002342790024652 0.00019244339803355597 -0.0896939450052722 -0.00019244339803355597 1.0002342790024652 -0.16162957533285313
433 0.9999012758386978 9.438005719582057e-06 0.7679433448610555 -9.438005719582057e-06 0.9999012758386978 0.1439395986938632
434 0.9996915796924774 -3.6256977713193345e-05 0.6820992568575186 3.6256977713193345e-05 0.9996915796924774 0.07587558738932537
435 1.0005474732705912 4.9430009677972006e-05 -0.3145531172802381 -4.9430009677972006e-05 1.0005474732705912 -0.2641425877462576
436 0.9995590853283657 0.00020763021003385488 1.165065770816192 -0.00020763021003385488 0.9995590853283657 0.25332288245673296
437 1.0003220080015998 -6.4635523577585325e-06 0.33619683460824984 6.4635523577585325e-06 1.0003220080015998 -0.6273091348082723
438 1.000023652859298 2.650879892117658e-05 0.9482215268750034 -2.650879892117658e-05 1.000023652859298 0.29186580386905986
439 0.9998195563085559 -9.88553904939005e-05 1.081822857878044 9.88553904939005e-05 0.9998195563085559 -0.2916460065403495
440 1.00042531925629 -5.0922177148121514e-05 1.2979902155141672 5.0922177148121514e-05 1.00042531925629 -0.09928202154782213
441 0.9998704100730944 0.00012685499767016643 1.9206781315448753 -0.00012685499767016643 0.9998704100730944 0.1838669210068155
442 0.9999899063912897 -3.368897433405342e-05 3.3598846236504993 3.368897433405342e-05 0.9999899063912897 -0.03691408785116247
443 1.000113223038923 -0.0001707920373106852 2.4656737780316798 0.0001707920373106852 1.000113223038923 -0.6533178431352695
444 0.9997129963098778 -4.95023806069885e-05 5.1309876234862735 4.95023806069885e-05 0.9997129963098778 -0.4105976092789066
445 1.0001544249795262 -0.00012763726589568302 4.03850852281364 0.00012763726589568302 1.0001544249795262 -0.22606683573457523
446 0.9997883491566057 -5.9422476082329316e-05 5.867012230967273 5.9422476082329316e-05 0.9997883491566057 -0.12008294453512589
447 1.0000612493024736 7.733098956486302e-05 3.896529763143941 -7.733098956486302e-05 1.0000612493024736 -0.2958586938555642
448 0.9999948418467491 -0.00017779614838239576 5.89153693412143 0.00017779614838239576 0.9999948418467491 -0.5580442194570335
449 1.0002640033044428 -0.00028739990692150125 2.126692923937669 0.00028739990692150125 1.0002640033044428 -0.4194778860301937
450 1.0000593995468001 8.507711766783812e-05 2.172489798941254 -8.507711766783812e-05 1.0000593995468001 -0.08089475436458246
451 1.0001550889190431 -0.00013174959017056776 0.06087264052989393 0.00013174959017056776 1.0001550889190431 -0.06616903996380458
452 1.000069625176616 4.359407952532468e-05 -0.20328122432345336 -4.359407952532468e-05 1.000069625176616 0.5810622795781132
453 1.0000484317254292 7.823848523961904e-05 0.05330229480030513 -7.823848523961904e-05 1.0000484317254292 -0.3716031480423031
454 0.999786848276164 -0.000250628724874503 -0.21172887911693986 0.000250628724874503 0.999786848276164 0.3546818277047489
455 0.9998414228652118 0.00011338357516390075 -0.10295539919528747 -0.00011338357516390075 0.9998414228652118 0.3554431353878434
456 0.9999810415631385 0.00023833236114001878 -0.1483839610527925 -0.00023833236114001878 0.9999810415631385 0.5913040488214525
457 0.999731508160785 0.00013954525955518876 -0.28742547918135136 -0.00013954525955518876 0.999731508160785 0.11442716491214146
458 0.999818346373162 0.00032381815137264664 -1.6112703496986143 -0.00032381815137264664 0.999818346373162 0.5081685972226688
459 0.9996591814352866 -0.00010971224116638051 -0.6697860301242267 0.00010971224116638051 0.9996591814352866 0.5102497343238279
460 1.0000663108745 -0.00018120709407058497 -3.472084229321297 0.00018120709407058497 1.0000663108745 0.014534215729960196
461 0.9998651638972492 -0.0003915078266708911 -2.425878791989206 0.0003915078266708911 0.9998651638972492 0.3162986292921127
462 0.9998658785538143 -3.977446849278641e-05 -7.271549603152181 3.977446849278641e-05 0.9998658785538143 -1.4246701375835324
463 0.999901681575186 0.0002953298404235333 -4.676216762929554 -0.0002953298404235333 0.999901681575186 0.6884083302764581
464 0.9998328722018113 -0.00016632749213049778 -5.474271337626768 0.00016632749213049778 0.9998328722018113 0.23361153393196427
465 0.9997424269075608 8.648137958063353e-05 -3.003316707594129 -8.648137958063353e-05 0.9997424269075608 0.7493468877621863
466 0.9998833022332819 -8.196347385877302e-05 -3.173931652969339 8.196347385877302e-05 0.9998833022332819 0.11935788369459271
467 0.999681930719972 0.00027958660655910586 -2.7183035892018945 -0.00027958660655910586 0.999681930719972 0.40899448812090405
468 1.0000622834740844 2.9354273822497717e-05 -4.488219063023444 -2.9354273822497717e-05 1.0000622834740844 0.05707873712112545
469 0.9998142868670884 1.4607144962094656e-05 -2.422690471269542 -1.4607144962094656e-05 0.9998142868670884 1.3166511903490565
470 0.9999181612133106 0.0002113282338742185 -3.745942690195493 -0.0002113282338742185 0.9999181612133106 -0.6263983692554886
471 0.9998577323230686 -5.051871367056191e-05 -2.831937688196348 5.051871367056191e-05 0.9998577323230686 0.3583922880348342
472 0.9999064345023461 0.0001922811996318897 -5.337531160959651 -0.0001922811996318897 0.9999064345023461 -0.33393803652848286
473 1.0000013156482077 -0.0002708031945026039 -4.974943038885327 0.0002708031945026039 1.0000013156482077 -0.07135898086360161
474 0.9999486295892102 -0.00012589631760417827 -8.762349357144178 0.00012589631760417827 0.9999486295892102 1.466798152530592
475 0.9998515859346303 0.0001406987916206148 -5.489493008409043 -0.0001406987916206148 0.9998515859346303 -0.03876724414867819
476 0.9999509023251381 0.00046008941623401335 -6.418752293391479 -0.00046008941623401335 0.9999509023251381 1.059664492430351
477 1.0000838365977636 0.0001470207985279096 -4.412455564870516 -0.0001470207985279096 1.0000838365977636 -0.20846326972130927
478 1.000093059260198 7.392092871602945e-06 -6.996369447909428 -7.392092871602945e-06 1.000093059260198 1.0774734315886405
479 0.9998214765518365 0.00036050075797680565 -2.769603900439491 -0.00036050075797680565 0.9998214765518365 0.4995290955068781
480 1.0001138174292228 0.0001800133218134751 -3.245439183279666 -0.0001800133218134751 1.0001138174292228 1.222668455037574
481 1.0000780052489129 0.00011828251605261811 -2.7041330248988857 -0.00011828251605261811 1.0000780052489129 0.21910270657706318
482 0.999979133312146 0.00010752664777670187 -3.3117145889835458 -0.00010752664777670187 0.999979133312146 0.6880174202018617
483 1.000144125253761 -7.165182146115609e-05 -2.9694069472804703 7.165182146115609e-05 1.000144125253761 -0.227989057349401
484 0.9999532338838496 0.00020103763287772017 -2.686178332156068 -0.00020103763287772017 0.9999532338838496 -0.0831417751712814
485 1.0000659997595645 -0.00012479478145942463 -0.3385290805231058 0.00012479478145942463 1.0000659997595645 -0.8723244941906404
486 1.000032822720974 5.8017408599780066e-05 0.12145275887273313 -5.8017408599780066e-05 1.000032822720974 0.6206255055674668
487 0.9996872331184206 3.853280420196815e-05 0.7065618438529283 -3.853280420196815e-05 0.9996872331184206 -0.07707327322831986
488 1.0001119645456795 -2.2071938991308183e-05 0.3175225328383855 2.2071938991308183e-05 1.0001119645456795 0.10738671403290911
489 0.9998814828939848 0.00019643907760351494 0.14123747805689393 -0.00019643907760351494 0.9998814828939848 -0.23658040418476192
490 0.9998839646166049 -0.00015782391078847683 -0.42061652140089917 0.00015782391078847683 0.9998839646166049 0.04928205471416297
491 1.0001672048433772 -5.166127490423578e-05 -0.603087774795281 5.166127490423578e-05 1.0001672048433772 -0.18789917238072107
492 0.9998551994134097 0.00011379168387029754 -0.13615177820170538 -0.00011379168387029754 0.9998551994134097 -0.3440926024467889
493 0.9999669929634747 0.00012892003435867216 -0.39277820152860526 -0.00012892003435867216 0.9999669929634747 -0.10572181609719529
494 1.0000697822001496 -0.00024175782854888022 1.0093263346408314 0.00024175782854888022 1.0000697822001496 -0.6499499300196745
495 0.9997221886879878 0.00038132416937998063 0.15578972580663203 -0.00038132416937998063 0.9997221886879878 0.5080330693592005
496 1.00006201382677 6.953313803210166e-05 0.564090444647079 -6.953313803210166e-05 1.00006201382677 -1.224376594137347
497 0.9998256073587013 -6.683450654179347e-05 0.06943218675777613 6.683450654179347e-05 0.9998256073587013 0.6967330966009722
498 0.9998858907481644 0.00020015994230898143 -0.4976667465720901 -0.00020015994230898143 0.9998858907481644 0.03759988946063084
499 1.0001065547197687 1.9374671802115007e-05 0.5822097056768925 -1.9374671802115007e-05 1.0001065547197687 0.37259974226810905
500 0.9999003591665764 6.0180288147218e-05 -0.569055940549854 -6.0180288147218e-05 0.9999003591665764 0.6476329149112479
501 1.0000198449780868 0.000191670438664601 0.008919736160528328 -0.000191670438664601 1.0000198449780868 -0.05614877310873782
502 1.000057504378911 -6.284830360094899e-05 -0.45946377479850015 6.284830360094899e-05 1.000057504378911 0.4934048152347766
503 0.9996616052931898 -4.480441151092688e-05 0.31731676994565444 4.480441151092688e-05 0.9996616052931898 0.12524534652395736
504 1.0001270820363415 0.00010068194244521313 -0.933353218229742 -0.00010068194244521313 1.0001270820363415 0.42139003822404364
505 0.9998196501597493 -9.996938812189542e-06 -0.3248675721918285 9.996938812189542e-06 0.9998196501597493 0.5332914563072388
506 0.9999213623577221 -7.291244853503676e-05 -0.780214463333756 7.291244853503676e-05 0.9999213623577221 0.030480865115010004
507 1.0000603617065282 -8.370934316308351e-05 -1.8740201410691777 8.370934316308351e-05 1.0000603617065282 0.4613231952361837
508 1.000011036446721 8.096370211126029e-05 -2.979058222909457 -8.096370211126029e-05 1.000011036446721 -0.024226002176043687
509 1.0001915609816316 2.0968751591819495e-05 -1.8648561858107549 -2.0968751591819495e-05 1.0001915609816316 0.3333301099018118
510 1.0021060615913653 -4.4704506730714895e-05 -6.240822811048427 4.4704506730714895e-05 1.0021060615913653 -1.0308616430082438
511 1.0018174617097773 -6.763372730128302e-05 -3.62573017377983 6.763372730128302e-05 1.0018174617097773 -0.9235669195748439
512 1.0041721684073999 -0.0001720103989322094 -6.86669665993758 0.0001720103989322094 1.0041721684073999 -2.158808273918117
513 1.0036088585534693 -0.00033065820593988554 -5.215890178698986 0.00033065820593988554 1.0036088585534693 -1.9265323758299866
514 1.0074023600375368 -0.00012816904737744452 -9.677825933403323 0.00012816904737744452 1.0074023600375368 -3.691836044136466
515 1.0065466118406443 -4.679966991738294e-05 -7.466731573687664 4.679966991738294e-05 1.0065466118406443 -3.0227970507648574
516 1.011999113874509 0.00015023694554971897 -13.583951221746396 -0.00015023694554971897 1.011999113874509 -5.025659151721037
517 1.0087183568214821 0.000172575754866994 -9.693087902794803 -0.000172575754866994 1.0087183568214821 -4.120208121374161
518 1.0135555718295062 -1.425820943402455e-05 -14.209921796370265 1.425820943402455e-05 1.0135555718295062 -6.8702241681181615
519 1.008770867325103 0.00014563376232784873 -10.045366927674317 -0.00014563376232784873 1.008770867325103 -3.672488293501317
520 1.0133385648977076 7.171635233212081e-05 -13.342696956198845 -7.171635233212081e-05 1.0133385648977076 -7.384287524753195
521 1.0085697145949992 -3.0166472406645563e-05 -8.046285461419538 3.0166472406645563e-05 1.0085697145949992 -4.322763706896144
522 1.0136586828518637 -0.0001500629436300701 -12.137144976442785 0.0001500629436300701 1.0136586828518637 -6.863131433990388
523 1.0093451343004742 -0.0001638392576526181 -10.065955999490534 0.0001638392576526181 1.0093451343004742 -4.890908831566766
524 1.0135609225443587 -8.502276983867493e-05 -12.789132789900089 8.502276983867493e-05 1.0135609225443587 -6.447048050941126
525 1.0090864689872887 -3.3945739667645825e-05 -9.23404137264006 3.3945739667645825e-05 1.0090864689872887 -4.523967133333287
526 1.0135923249903898 -6.194073090087282e-05 -13.38271148166993 6.194073090087282e-05 1.0135923249903898 -6.620598076131166
527 1.0091019951170075 -0.00014101471357627694 -9.58012511715833 0.00014101471357627694 1.0091019951170075 -4.609896699155116
528 1.0123962622341385 -9.695974916157809e-05 -16.31374702996139 9.695974916157809e-05 1.0123962622341385 -5.845746385892292
529 1.0069172315570711 0.00014181662925458538 -8.291285201592077 -0.00014181662925458538 1.0069172315570711 -3.6538841189232136
530 1.0093891433901818 0.00010701247103193778 -15.908920936816013 -0.00010701247103193778 1.0093891433901818 -4.501513269391935
531 1.0051732739067303 0.00011034874144460915 -9.926954820299587 -0.00011034874144460915 1.0051732739067303 -2.581705303860126
532 1.0068877390333033 -3.246811038198061e-05 -14.200186358085572 3.246811038198061e-05 1.0068877390333033 -3.759463612391988
533 1.002906841875981 0.00022465886340506015 -8.125785931453088 -0.00022465886340506015 1.002906841875981 -1.3423559147056048
534 1.003182744318175 0.00021742779992189952 -7.741539931341064 -0.00021742779992189952 1.003182744318175 -1.5949779098485977
535 1.0009584734179404 3.852259538166223e-05 -3.6945735345190935 -3.852259538166223e-05 1.0009584734179404 -0.7077474588436764
536 1.0005726619337276 -0.00012512633128011893 -2.916099501051257 0.00012512633128011893 1.0005726619337276 -0.1325885290669646
537 0.9999097451074319 0.0001004570150411166 -2.66680165416453 -0.0001004570150411166 0.9999097451074319 0.11354322574135883
538 0.9999690107583304 0.00022032137108590587 -4.649003203107548 -0.00022032137108590587 0.9999690107583304 0.19239364856342553
539 0.9997761438967053 0.00027363279838758727 -1.6597297709710241 -0.00027363279838758727 0.9997761438967053 0.48944702292734177
540 1.0002655928098239 -1.6118864711304023e-05 -3.3049418354747737 1.6118864711304023e-05 1.0002655928098239 -0.21032879696606463
541 1.0000176311932527 0.00025096037025917737 -1.5615981944348538 -0.00025096037025917737 1.0000176311932527 0.1685357384651705
542 0.9999212896259337 0.00019968561645844127 -0.6775283913399973 -0.00019968561645844127 0.9999212896259337 0.046493059623223254
543 0.9999598145806012 0.00013203700124569617 0.5133916308494922 -0.00013203700124569617 0.9999598145806012 0.6619354195896735
544 0.9999602491408709 0.0002808552145123259 -0.9486639080819737 -0.0002808552145123259 0.9999602491408709 0.27756916250873553
545 0.9997688689246006 0.0006019370917562845 0.3520352402861014 -0.0006019370917562845 0.9997688689246006 0.8460989659296283
546 1.0000528313980466 0.00012787899280230835 -2.073740948275061 -0.00012787899280230835 1.0000528313980466 -0.3222569985132132
547 0.9997806912564008 0.00034844020818196943 -1.492859184797841 -0.00034844020818196943 0.9997806912564008 0.6284251666188287
548 1.0002290202721513 3.467781334266067e-05 -2.3356127828313515 -3.467781334266067e-05 1.0002290202721513 -0.006044824407878283
549 0.9999281233129027 0.0002484018447317327 -1.0060603334537244 -0.0002484018447317327 0.9999281233129027 -0.07458274743076258
550 1.0001763098310679 0.00024364100555372594 -3.2788079882108705 -0.00024364100555372594 1.0001763098310679 -0.10186085817137415
551 0.9998761882751398 0.0004534887963281261 -2.5058266850387314 -0.0004534887963281261 0.9998761882751398 0.8877970234327435
552 1.0000178532188257 0.00024823562905697564 -2.2478799737099076 -0.00024823562905697564 1.0000178532188257 0.5981783698631704
553 0.9996598634132831 0.0005708764253290692 -1.437212260820426 -0.0005708764253290692 0.9996598634132831 0.9463706240199119
554 1.000113805309488 7.847025753136518e-05 -2.778674474994689 -7.847025753136518e-05 1.000113805309488 -0.0869580334548753
555 1.0000147908670924 4.6296417924473076e-05 -2.222339706312697 -4.6296417924473076e-05 1.0000147908670924 0.6978178078296403
556 1.0003777496570132 4.233517033165033e-06 -2.6023386414080645 -4.233517033165033e-06 1.0003777496570132 -0.5091329701965089
557 0.999920083260746 0.00016352760330256595 -1.6540723257163983 -0.00016352760330256595 0.999920083260746 0.687566417837094
558 0.9999707648896776 0.00035797166356600646 -2.641163430420668 -0.00035797166356600646 0.9999707648896776 0.01299835863302906
559 0.9997905943228041 0.00010781755742656086 -0.6894876673658425 -0.00010781755742656086 0.9997905943228041 1.0457176897901606
560 0.9998363758621778 0.00023105274908052166 -2.1600364897813997 -0.00023105274908052166 0.9998363758621778 0.1747473045683665
561 0.9995743942397651 0.00018178945285847272 -1.441490121349727 -0.00018178945285847272 0.9995743942397651 0.46786025498690637
562 0.9998602101862215 0.0002493285980063763 -2.2945459407786117 -0.0002493285980063763 0.9998602101862215 0.2300096589755042
563 0.9997327670892336 0.0005459345561511155 -2.1006661036292757 -0.0005459345561511155 0.9997327670892336 0.7812157503823185
564 0.999876379488995 0.00023698417207754783 -2.906846676011331 -0.00023698417207754783 0.999876379488995 0.23080488694122314
565 1.0000059549779052 0.0002822377849066341 -1.9504711746822376 -0.0002822377849066341 1.0000059549779052 0.39865255983494746
566 1.0001000175304195 -9.417229200799304e-05 -2.7417201335611607 9.417229200799304e-05 1.0001000175304195 0.5019607067761913
567 1.00019007851967 -2.627286323115156e-05 -3.3903557037252843 2.627286323115156e-05 1.00019007851967 0.23483732677508318
568 0.9997951197445554 7.807655926280911e-05 -6.229289051507553 -7.807655926280911e-05 0.9997951197445554 0.8089491351879042
569 0.9999923352661602 -3.4597678709869144e-05 -4.300999860624056 3.4597678709869144e-05 0.9999923352661602 0.4402504849015792
570 0.9998194844591222 7.439942666620758e-05 -6.730842383292346 -7.439942666620758e-05 0.9998194844591222 0.5784493400727926
571 0.999896106617879 5.5936845532236126e-05 -5.04219045318957 -5.5936845532236126e-05 0.999896106617879 0.022489032374564833
572 1.0002024149815438 0.00029745556282885396 -6.588353969371257 -0.00029745556282885396 1.0002024149815438 0.6039556580435244
573 1.0002115095652189 -3.276924552201591e-05 -3.915053377894798 3.276924552201591e-05 1.0002115095652189 0.4608028800732401
574 1.0000711213628974 6.632497213880469e-05 -8.02180477401229 -6.632497213880469e-05 1.0000711213628974 0.5840617725099034
575 1.0004117397379144 -4.046956998454254e-05 -4.798724317585982 4.046956998454254e-05 1.0004117397379144 -0.20584639393969395
576 0.999914918265916 -0.0002583081738015809 -7.405715032126077 0.0002583081738015809 0.999914918265916 -0.2782516397567901
577 1.0000625604712523 -0.00014190206177251726 -6.574735787282743 0.00014190206177251726 1.0000625604712523 0.3078207696479853
578 0.9999729601662737 -6.916375360493411e-05 -6.3734610228246655 6.916375360493411e-05 0.9999729601662737 0.4650342497855089
579 0.9997624174440726 -9.813947631808128e-05 -3.7011119842237945 9.813947631808128e-05 0.9997624174440726 0.06062709366855046
580 1.000219356614997 -0.00012812669792680985 -4.89826938856191 0.00012812669792680985 1.000219356614997 0.34503090203902936
581 1.0000799139344545 -5.266587210753241e-05 -2.836889051962918 5.266587210753241e-05 1.0000799139344545 0.030940036805610797
582 1.0002061141467498 -0.00013247772718766407 -2.5445526503775726 0.00013247772718766407 1.0002061141467498 0.44111123158215093
583 0.9999484579142337 -0.0002539146810906646 -0.2814904997591473 0.0002539146810906646 0.9999484579142337 -0.8602427248180116
584 1.000044004944781 -0.00012761658924203287 0.3781447530819855 0.00012761658924203287 1.000044004944781 -0.34788904534010356
585 1.0000749574928867 -0.00018866848986351817 0.6138405870716356 0.00018866848986351817 1.0000749574928867 -0.3792934577893429
586 1.0001355918599932 1.426742493055807e-05 0.6563200863408345 -1.426742493055807e-05 1.0001355918599932 -0.3987538828554391
587 1.0002283247739818 -1.4641862841249788e-05 1.166301192781223 1.4641862841249788e-05 1.0002283247739818 -0.28487206903767814
588 0.9999768280897801 -8.052017342916344e-05 2.9471970513628554 8.052017342916344e-05 0.9999768280897801 -0.05954986771918436
589 1.0000261643720616 -2.952717707614341e-05 2.090111246771546 2.952717707614341e-05 1.0000261643720616 -0.04724009613536251
590 1.0000773013363147 -0.0001700935494978585 6.721666679585476 0.0001700935494978585 1.0000773013363147 -1.187111144975276
591 1.0002356968255866 -8.686383788292625e-05 2.5711494029363435 8.686383788292625e-05 1.0002356968255866 -0.0791385824574592
592 0.9999222860498963 -0.0002584805995633642 4.857807996593206 0.0002584805995633642 0.9999222860498963 -0.685387896447225
593 1.0002737725257367 8.611840251492953e-05 2.188508000649336 -8.611840251492953e-05 1.0002737725257367 -0.17922240545066923
594 0.9998323089969124 -0.00020658736894741913 3.621647856814654 0.00020658736894741913 0.9998323089969124 -0.5326851144685266
595 1.0002139078982262 7.762059738621206e-05 1.973802524411812 -7.762059738621206e-05 1.0002139078982262 0.14253871628963152
596 1.000057841300571 -0.0003664668126923279 4.2183292654764 0.0003664668126923279 1.000057841300571 -0.3139314279098431
597 1.0001525646887204 -0.00038773630709887505 4.205690605806867 0.00038773630709887505 1.0001525646887204 -1.290818826882227
598 1.0006560040830619 -0.0006037469352459937 3.1669478518298377 0.0006037469352459937 1.0006560040830619 -0.8683591104135078
599 1.000302940666708 -4.140066308267096e-05 2.3513473469060986 4.140066308267096e-05 1.000302940666708 -0.6506330898747841
600 1.0003296217891422 -0.00044571970757079066 5.21312961410648 0.00044571970757079066 1.0003296217891422 -0.9086115856794436
601 1.0002704962201174 -0.0004501775803790321 2.570917317505972 0.0004501775803790321 1.0002704962201174 -1.3050011637765162
602 1.000377764214668 -0.0003929576852446544 4.9000737129334055 0.0003929576852446544 1.000377764214668 -0.8467111318328713
603 1.000468100858153 -0.0005626556147122544 3.7498705986641276 0.0005626556147122544 1.000468100858153 -1.3654130693227844
604 1.0006409297870364 -0.0003537440850518457 5.786473393731475 0.0003537440850518457 1.0006409297870364 -1.2820441231768025
605 1.0003519391513145 -0.0005557363618215831 3.310011990831203 0.0005557363618215831 1.0003519391513145 -0.789512756604556
606 1.0005876647662681 -0.00022014657061000472 3.8595067367117637 0.00022014657061000472 1.0005876647662681 -1.3992433476019839
607 1.0005742309231176 -0.0002718460900745613 2.1377019901982974 0.0002718460900745613 1.0005742309231176 -0.4910945346254178
608 1.0001558051512907 -0.00016999788457623257 4.555241053527813 0.00016999788457623257 1.0001558051512907 -0.7016788444777873
609 1.0005051132780065 -0.00042042348532705026 3.420607894071757 0.00042042348532705026 1.0005051132780065 -0.9525702565439806
610 1.0004729526380174 -0.00037227039559019814 5.85281630297824 0.00037227039559019814 1.0004729526380174 -0.3009217397212628
611 1.0002028648213268 -0.000488413868414873 3.150049826809757 0.000488413868414873 1.0002028648213268 -1.0392223891085504
612 1.0003220546832856 -0.0003053974166916095 3.8803457178153535 0.0003053974166916095 1.0003220546832856 -0.5640865442994993
613 1.0003810916062639 -0.0009808600660390038 3.588426577501888 0.0009808600660390038 1.0003810916062639 -0.8854349176296945
614 1.0003317295094165 -0.0004643391098440703 5.287197627293373 0.0004643391098440703 1.0003317295094165 -1.0858196276564038
615 1.0003118465476801 -0.0007951729410780398 1.6986226283109487 0.0007951729410780398 1.0003118465476801 -0.6435376162255767
616 0.9999930017128743 -0.00022220926685938373 4.13367645912928 0.00022220926685938373 0.9999930017128743 -0.5876703924964799
617 1.0003717785208093 -0.0006010116665776786 2.105336764437507 0.0006010116665776786 1.0003717785208093 -0.9821777333076529
618 0.9999442370242057 -0.0004401627597625928 3.5510748247432726 0.0004401627597625928 0.9999442370242057 -0.6650461476989736
619 1.000196629815827 -0.0005055318014085817 1.8091614907713778 0.0005055318014085817 1.000196629815827 -0.49496008008278936
620 1.0000995288031604 -0.0002577595116397987 2.2368398321224885 0.0002577595116397987 1.0000995288031604 -1.4156603720633005
621 0.9999739918399319 -0.00011814662526564368 0.8299253514349894 0.00011814662526564368 0.9999739918399319 0.1634495911454763
622 1.0000209625683387 -0.00019663229922238152 1.4597776813808547 0.00019663229922238152 1.0000209625683387 -0.6317790286655762
623 1.0001991958580527 -0.00015437953597782772 1.0878547765062263 0.00015437953597782772 1.0001991958580527 -0.21217083880601595
624 1.0000239483368532 3.228497306803245e-05 2.1207184258532985 -3.228497306803245e-05 1.0000239483368532 0.04727614105947259
625 1.0000340599507451 -0.00012638695099748576 1.203763297718801 0.00012638695099748576 1.0000340599507451 -0.17050558819666103
626 1.000104742991853 6.611047923966109e-06 1.4770078668565294 -6.611047923966109e-06 1.000104742991853 0.014339905931811522
627 1.0001959278703978 -0.00010734236276772045 0.9028906786843884 0.00010734236276772045 1.0001959278703978 -0.10478166062566194
628 1.0000407198001235 -9.247129367920097e-05 3.2603112369247023 9.247129367920097e-05 1.0000407198001235 -0.4462140637682347
629 1.000103573280986 5.9022970665230205e-05 2.570607901201287 -5.9022970665230205e-05 1.000103573280986 0.142842688220697
630 0.9999022995618296 0.0002676094142163146 6.032321561269075 -0.0002676094142163146 0.9999022995618296 0.8701328995590557
631 1.0001879715956234 -0.00014544801140414123 5.037791640494104 0.00014544801140414123 1.0001879715956234 -0.23675006435964016
632 1.0002156885452305 -0.0003047069832652334 5.038399154398082 0.0003047069832652334 1.0002156885452305 0.24162068661974923
633 1.0000898645687115 -0.00029848342473220063 2.6917344736591553 0.00029848342473220063 1.0000898645687115 -0.33092409846833754
634 1.0000282967526641 -0.0002058589160660706 3.4554382009861397 0.0002058589160660706 1.0000282967526641 -0.345792658221894
635 1.0002290844376616 -0.0001939636511624039 1.971609212103902 0.0001939636511624039 1.0002290844376616 -0.11703702495591238
636 1.0002006915257593 0.00013891281414956188 2.8669198672765437 -0.00013891281414956188 1.0002006915257593 -0.3962397983713371
637 1.0002790515624793 5.8745937643739474e-05 1.6570199254800382 -5.8745937643739474e-05 1.0002790515624793 0.15750777302474886
638 0.9998596362867235 2.0783844830244635e-05 2.3596309788414294 -2.0783844830244635e-05 0.9998596362867235 -0.2050635691064272
639 0.9985436239769861 -6.45559419333513e-05 2.7847966705455933 6.45559419333513e-05 0.9985436239769861 0.7690557478881238
640 0.9964747809723687 -4.569839134165489e-05 5.824151558383795 4.569839134165489e-05 0.9964747809723687 1.8605167386509174
641 0.9970925882480111 9.003667952707896e-05 4.725485189006795 -9.003667952707896e-05 0.9970925882480111 1.3895503648154386
642 0.9944870291345436 -0.00015807052849446833 7.519063353221157 0.00015807052849446833 0.9944870291345436 2.1188249733489597
643 0.9955055599693416 -9.904260085241196e-05 5.244183286616865 9.904260085241196e-05 0.9955055599693416 2.537886236935032
644 0.9940794448172307 -0.0003112890270446527 6.527667790124891 0.0003112890270446527 0.9940794448172307 2.4999185807477304
645 0.9968500906226675 -0.00011106251096659723 4.001682136919623 0.00011106251096659723 0.9968500906226675 2.0377918208174095
646 0.9959352581160039 -0.0003569229424511375 3.9061780227437426 0.0003569229424511375 0.9959352581160039 1.3159397826069075
647 0.9984779242095734 -0.00014766212426943115 1.599966670057364 0.00014766212426943115 0.9984779242095734 0.981138941790132
648 0.9983346059674773 -0.00045199568573540787 1.6426905385892219 0.00045199568573540787 0.9983346059674773 0.7463845552986093
649 0.9999044456034162 -0.0001580006907278259 -0.23284473668619698 0.0001580006907278259 0.9999044456034162 -0.02755911562741939
650 0.9998458745510913 -0.0002953893831417957 0.9985170222225417 0.0002953893831417957 0.9998458745510913 -0.10232067442901681
651 1.0002001783485046 -0.0002522035196875472 1.2072050135123902 0.0002522035196875472 1.0002001783485046 -0.3491603777771974
652 1.0001638118042506 -0.0001716458362935984 4.118678699576624 0.0001716458362935984 1.0001638118042506 0.44056453797855794
653 1.0000897981738992 -0.00022930394099540438 2.070546637405156 0.00022930394099540438 1.0000897981738992 -0.20228173314258907
654 1.0001514513516445 -5.405230344656739e-05 0.9904226949261122 5.405230344656739e-05 1.0001514513516445 -0.4696983182397156
655 1.0002966515866907 3.04047233598241e-05 0.2739121968462024 -3.04047233598241e-05 1.0002966515866907 0.023536378182035703
656 1.0000810070689945 -6.726381158655946e-05 0.9927194566361692 6.726381158655946e-05 1.0000810070689945 -0.07530586299169706
657 1.000198024336543 5.3934527051570954e-05 0.16158985756987126 -5.3934527051570954e-05 1.000198024336543 0.15992675922012248
658 1.0002780215394538 5.6847448284711143e-05 0.22080407856925768 -5.6847448284711143e-05 1.0002780215394538 0.6760287823761558
659 1.000010995668549 -0.00014739267844369054 0.16610849112803347 0.00014739267844369054 1.000010995668549 0.5282060900810075
660 1.000573268137569 2.5985580071356904e-05 0.4464770508913643 -2.5985580071356904e-05 1.000573268137569 -0.6182008974252253
661 1.0002003964075077 -0.0002121183897283588 0.45709515427037106 0.0002121183897283588 1.0002003964075077 0.22918025077823231
662 1.0001066840074555 -0.0003481487945987473 0.34480070903246257 0.0003481487945987473 1.0001066840074555 -1.0776847465608912
663 1.0002996016256258 -0.00031849535026317016 0.45211944507549956 0.00031849535026317016 1.0002996016256258 -0.5566291513804777
664 1.0000456536831837 -0.00026684896002725233 1.3000993210846206 0.00026684896002725233 1.0000456536831837 -0.6576315298929879
665 1.0001570441678282 1.550960564578231e-05 1.1635638795001064 -1.550960564578231e-05 1.0001570441678282 -0.15615355261144398
666 0.9999644243993169 -9.47226088576909e-05 1.5893850141916055 9.47226088576909e-05 0.9999644243993169 -0.6420445997551473
667 1.0000992151352859 3.505174303923607e-05 0.7561506297717999 -3.505174303923607e-05 1.0000992151352859 0.0781879670715504
668 1.0003091537765019 -5.770491556974735e-05 0.8297909000342283 5.770491556974735e-05 1.0003091537765019 -0.4896504938887118
669 1.0001531600921285 -0.00010944229577462944 0.42632828130184275 0.00010944229577462944 1.0001531600921285 0.5809661923545844
670 1.0000987911530226 5.864590023568162e-05 0.3046654839289401 -5.864590023568162e-05 1.0000987911530226 -0.4099150426887185
671 1.00009964216281 -0.0002732211318032624 0.48276385262532373 0.0002732211318032624 1.00009964216281 -0.48824626992341874
672 0.9998801271948301 -2.1848990062892657e-05 0.7271795276075617 2.1848990062892657e-05 0.9998801271948301 0.22952599104443294
673 1.000120750100284 -9.302420710394112e-05 0.482341364529766 9.302420710394112e-05 1.000120750100284 -0.13331299626305051
674 1.0000745635470398 -4.042464915580087e-05 0.5421293730883061 4.042464915580087e-05 1.0000745635470398 0.44955099172472296
675 1.0000398777012482 -8.446048492120818e-05 0.8889028966313721 8.446048492120818e-05 1.0000398777012482 -0.4494416862190372
676 1.0001020823518547 -9.237912880333385e-05 1.6637023089743261 9.237912880333385e-05 1.0001020823518547 0.41610999593199866
677 1.0000711243625708 -6.6175199891147765e-06 0.9386067230173095 6.6175199891147765e-06 1.0000711243625708 -0.07990290513144854
678 0.9998496255288368 -1.5374960847908012e-05 1.1990064181381617 1.5374960847908012e-05 0.9998496255288368 -0.18915683558104712
679 1.0002309894516046 1.537212026085156e-05 0.3673124151284667 -1.537212026085156e-05 1.0002309894516046 -0.01956645013893408
680 0.999901470654336 0.00025005254167660874 1.2242880149100686 -0.00025005254167660874 0.999901470654336 0.07720768582926539
681 1.0001685786051486 -3.7907017260817065e-05 1.0918475314128293 3.7907017260817065e-05 1.0001685786051486 -0.6129632277743349
682 0.9999671906344504 -2.6025216376136303e-05 1.5611725087596773 2.6025216376136303e-05 0.9999671906344504 -0.09341114231326655
683 0.9999294500900323 7.398190216840447e-07 1.4207752623896353 -7.398190216840447e-07 0.9999294500900323 -0.019218311121910733
684 1.000178668181087 -0.0001425436778253862 2.3516999225173185 0.0001425436778253862 1.000178668181087 -0.2408960914727381
685 1.00001489405191 -6.179577806305692e-05 2.1408208613130446 6.179577806305692e-05 1.00001489405191 -0.11699396371220787
686 0.99992493726974 -2.2548789176345355e-05 3.2809637393756295 2.2548789176345355e-05 0.99992493726974 -0.0932545104323835
687 1.0003726921230653 -7.451929271597645e-05 2.4127895235157903 7.451929271597645e-05 1.0003726921230653 -0.17902428204118928
688 0.9998132599098724 7.79122308649927e-05 5.609669259253383 -7.79122308649927e-05 0.9998132599098724 0.10179307205715024
689 1.0003200769678582 -0.00017605608020735517 2.899171619748808 0.00017605608020735517 1.0003200769678582 -0.3020481729880128
690 1.0002633852007132 -4.5666412105874036e-05 4.617690657590425 4.5666412105874036e-05 1.0002633852007132 -0.12181308150203196
691 0.9996507720869292 -0.00021986265327194205 4.239744479290661 0.00021986265327194205 0.9996507720869292 0.09669052774108142
692 1.0006148930374124 -0.0002420224003716652 4.943162360254914 0.0002420224003716652 1.0006148930374124 -0.5298520156247857
693 0.9996358054912695 -0.0002245482256041174 4.101169402327106 0.0002245482256041174 0.9996358054912695 0.2621024058933946
694 1.0000296339956405 -0.00028591531778785634 4.658056174624345 0.00028591531778785634 1.0000296339956405 -0.6402108657108616
695 1.000438766035756 -0.0002917751224425639 1.8367960453775987 0.0002917751224425639 1.000438766035756 -0.519366074178229
696 0.9998188878488149 -6.651356535078453e-05 2.963259946023111 6.651356535078453e-05 0.9998188878488149 0.05175518140530933
697 1.0002187088403565 -6.695712378009658e-05 1.1264576911459927 6.695712378009658e-05 1.0002187088403565 -0.21534193052325715
698 1.0000031432053018 -6.219464976202384e-05 2.946863793439212 6.219464976202384e-05 1.0000031432053018 0.3992189475181923
699 0.9999318476048303 -0.00027973529990878046 2.3110819578590354 0.00027973529990878046 0.9999318476048303 -0.34994600050387886
700 1.0003000109130462 -0.00027011440768005227 2.1334411649040845 0.00027011440768005227 1.0003000109130462 -0.9573017326801356
701 0.9998641304732607 -0.00025303170579329856 1.6499928446965453 0.00025303170579329856 0.9998641304732607 0.08654266400698551
