0 1.0 0.0 0.0 0.0 1.0 0.0
1 0.9952894790017137 0.0001071500856357053 4.639568736900143 -0.0001071500856357053 0.9952894790017137 -2.1155181651635604
2 0.9954862782548763 5.049699653422138e-05 4.349825783982016 -5.049699653422138e-05 0.9954862782548763 -1.9821383101117322
3 0.9911584126946094 -0.00043922248120807704 8.739858103334521 0.00043922248120807704 0.9911584126946094 -3.4938748515936577
4 0.9862397031917013 0.00028799532375910924 12.940645587800667 -0.00028799532375910924 0.9862397031917013 -1.1515659108908043
5 0.9914821469218793 0.00033685832235341674 8.249570334054962 -0.00033685832235341674 0.9914821469218793 0.05262393646692663
6 0.9899151614336916 0.0013738069093079017 9.400052691073794 -0.0013738069093079017 0.9899151614336916 1.024542188720485
7 0.9934486581950797 0.0015049164483508643 5.984857389383896 -0.0015049164483508643 0.9934486581950797 2.139434060202169
8 0.9906239907792398 0.001790744366639408 8.204749005829004 -0.001790744366639408 0.9906239907792398 1.8176332388641572
9 0.9958974051972163 0.000524819988098888 3.3640745856736984 -0.000524819988098888 0.9958974051972163 -0.8736239235216122
10 0.9952378439957978 0.000715275287301707 3.1040774306116643 -0.000715275287301707 0.9952378439957978 -1.4411556832240837
11 0.9974999205764402 -1.793370264020294e-05 0.4319085569594265 1.793370264020294e-05 0.9974999205764402 -1.257158642119031
12 0.9973673145346821 0.0009267416049673476 -0.3662764445479261 -0.0009267416049673476 0.9973673145346821 -0.9444767990768022
13 0.9987895623135924 0.00048782736674067833 -0.8463974128226928 -0.00048782736674067833 0.9987895623135924 -0.033104735843204836
14 0.9992130241601694 0.0008948529012454486 -2.936927596565567 -0.0008948529012454486 0.9992130241601694 2.2236358730867716
15 0.9993224172314189 -0.0006449189220525941 -1.447983744007082 0.0006449189220525941 0.9993224172314189 1.2127288099692524
16 1.000121774562326 -8.14255312237502e-05 -1.9132787747504219 8.14255312237502e-05 1.000121774562326 -0.07500138051494443
17 1.0005886592447883 -0.00027049772976472133 -1.612726224094685 0.00027049772976472133 1.0005886592447883 -0.9070773803250314
18 1.0014182931984303 0.000284448896633947 -4.69405404659482 -0.000284448896633947 1.0014182931984303 -0.4522688584856594
19 1.0012321818771952 -0.00020238882373025674 -3.4204496266133195 0.00020238882373025674 1.0012321818771952 -1.3303933591815957
20 1.002178243288408 -0.0008431657210913529 -4.8962388873407265 0.0008431657210913529 1.002178243288408 -2.391935439183316
21 1.001425373185262 -0.0001488827061598457 -3.1317752844967433 0.0001488827061598457 1.001425373185262 -1.3081712543660657
22 1.003623541730876 0.0007252173079875483 -6.188294074683652 -0.0007252173079875483 1.003623541730876 -2.9067837870540285
23 1.0034210347718444 0.0003869645742683823 -5.474788369870279 -0.0003869645742683823 1.0034210347718444 -2.112490545919745
24 1.0053731372184498 0.0003889671883763714 -8.04904941478956 -0.0003889671883763714 1.0053731372184498 0.32925618919053257
25 1.0035907599280054 -0.0006818835038498857 -4.924524364067212 0.0006818835038498857 1.0035907599280054 -2.3676938911536274
26 1.0062164065627859 -0.0008821196057574495 -9.086320358406304 0.0008821196057574495 1.0062164065627859 -6.35484561084696
27 1.004030932208427 -0.0004721814129145783 -7.1843593624623345 0.0004721814129145783 1.004030932208427 -2.48556937838745
28 1.0056078375192832 -0.0006253379965165857 -11.678802704470117 0.0006253379965165857 1.0056078375192832 -3.838866665584637
29 1.0031375343380586 -0.0005919581035548115 -7.184613824698534 0.0005919581035548115 1.0031375343380586 -2.83963204468198
30 1.0040005523203255 -0.00043567029943718385 -10.05586497160823 0.00043567029943718385 1.0040005523203255 -3.057676667708931
31 1.0026521487624946 -0.0008748829779502945 -6.494327302718169 0.0008748829779502945 1.0026521487624946 -2.681919322211378
32 1.0034851952480055 -0.002563117022217336 -9.281263084446415 0.002563117022217336 1.0034851952480055 -5.1909042347090315
33 1.001825179576023 -0.0015509433027468557 -6.379346512963251 0.0015509433027468557 1.001825179576023 -3.1717612787034333
34 1.0018822479703084 -0.003063776051594797 -8.845969050813848 0.003063776051594797 1.0018822479703084 -5.116980837373501
35 1.0004183439381924 -0.002549397305179531 -5.246267841752946 0.002549397305179531 1.0004183439381924 -3.4518440073928196
36 1.0018100678773365 -0.0006034002248235707 -13.417251412104918 0.0006034002248235707 1.0018100678773365 -2.8414157715708157
37 1.0000302878789633 -0.001388377086466712 -7.050200165740866 0.001388377086466712 1.0000302878789633 -1.9836600578940353
38 0.9986300078773532 0.0005019513069751175 -13.283960845033395 -0.0005019513069751175 0.9986300078773532 -0.8119923825893544
39 1.0003141887023563 -0.0016695751615702728 -8.49807299194283 0.0016695751615702728 1.0003141887023563 -3.4895573149515697
40 1.00416536677514 -0.0008385106273086536 -18.505261965695233 0.0008385106273086536 1.00416536677514 -5.836592166547971
41 1.0013479557638822 -0.001897869694063745 -9.886205558610015 0.001897869694063745 1.0013479557638822 -4.628885029490091
42 1.0010884833502445 -0.0037781370003488806 -10.817016068986044 0.0037781370003488806 1.0010884833502445 -6.233415479653965
43 0.9996296377334625 -0.0030366752704700578 -5.732260728810947 0.0030366752704700578 0.9996296377334625 -3.8420961619660425
44 1.0005918394426014 -0.0017239746326364437 -5.926328595749787 0.0017239746326364437 1.0005918394426014 -1.7732806330010447
45 0.999174843756351 -0.00011354164712865968 -5.2337253368841825 0.00011354164712865968 0.999174843756351 3.1310200882774306
46 0.9951830002161657 -0.0015332393489616734 1.33440081375457 0.0015332393489616734 0.9951830002161657 5.326151213149563
47 0.9958971584390419 -0.0033320311980360416 3.8434576002255483 0.0033320311980360416 0.9958971584390419 2.028271344950389
48 0.9938967770061531 -0.00019455412705435347 2.2224954720775165 0.00019455412705435347 0.9938967770061531 4.6742971738864725
49 0.9960943377049009 -0.004120977063105226 3.267299137889047 0.004120977063105226 0.9960943377049009 0.11453706529941442
50 0.9950620608375652 -0.001579178717917743 -3.460025131255543 0.001579178717917743 0.9950620608375652 1.5948944910568459
51 0.9975773735057791 -0.0007737746691879389 -4.1185998812347595 0.0007737746691879389 0.9975773735057791 -0.6145605380806582
52 0.9934997260864079 -0.0012718792438151255 -4.835896265591803 0.0012718792438151255 0.9934997260864079 2.405998809977899
53 1.0014156035596997 -0.0036899353363888175 -4.695704099387377 0.0036899353363888175 1.0014156035596997 -3.6761317630790824
54 0.9923312152142502 -0.004927931508381285 1.2665747264910883 0.004927931508381285 0.9923312152142502 0.036983241381457296
55 0.9973935002924866 -0.0046806892598684775 2.2049560786672417 0.0046806892598684775 0.9973935002924866 -2.1198200282985806
56 0.997208293038444 -0.00260344637121698 1.0804333715729968 0.00260344637121698 0.997208293038444 -2.0461495285237508
57 0.9988067734070352 -0.0034197503420478927 5.484383452231139 0.0034197503420478927 0.9988067734070352 -4.215557818581301
58 0.9882106163435219 -0.004843327795606142 17.38990531893706 0.004843327795606142 0.9882106163435219 1.4037203993899094
59 1.0010486526229139 -0.004465285304429918 5.640535859628784 0.004465285304429918 1.0010486526229139 -4.539449134041761
60 1.0058527083862916 -0.008154755463994873 6.843369381752282 0.008154755463994873 1.0058527083862916 -12.054768394847892
61 0.9979868012856151 -0.005744208408771349 10.557808853539113 0.005744208408771349 0.9979868012856151 -4.008253879934162
62 0.9985178148560019 -0.007096616991747495 14.118387086963038 0.007096616991747495 0.9985178148560019 -5.170859067828568
63 0.9988195734574801 -0.003577040169169151 7.413752905018036 0.003577040169169151 0.9988195734574801 -2.026251497052885
64 0.9975572228013341 -4.8617197208077924e-05 5.715869774611297 4.8617197208077924e-05 0.9975572228013341 1.5728995370726153
65 0.9997936092387892 -0.0029392635394540354 6.361735554262203 0.0029392635394540354 0.9997936092387892 -1.9461769701953058
66 1.0026295545660724 -0.005488795926118712 3.970965723162187 0.005488795926118712 1.0026295545660724 -6.235291030899882
67 0.9996828646275705 -0.003796509316589097 5.162971941968722 0.003796509316589097 0.9996828646275705 -3.545725809466109
68 0.9941611404052194 -0.0014980679574242625 7.432009029822223 0.0014980679574242625 0.9941611404052194 0.3113297286535673
69 0.9998614349169966 -0.00431390703953536 3.191289618715423 0.00431390703953536 0.9998614349169966 -4.239116446428301
70 0.9964917170394598 -0.0023150941298937045 2.778592579226658 0.0023150941298937045 0.9964917170394598 -0.4250794439702623
71 1.0004475109032864 -0.0034588927409806127 0.5894160285863822 0.0034588927409806127 1.0004475109032864 -2.9866230011153334
72 0.9950157442912121 -0.0012827026147976084 0.9482124271940725 0.0012827026147976084 0.9950157442912121 1.2887100326758318
73 0.9990716591746795 -0.002430513816350589 -0.19111751861217843 0.002430513816350589 0.9990716591746795 -1.6590703975231325
74 0.9985369605528746 -0.0034435628219929657 -1.1822647428881865 0.0034435628219929657 0.9985369605528746 -2.427461853783493
75 0.9993005181797454 -0.002667168971921913 -0.2761499951039024 0.002667168971921913 0.9993005181797454 -2.547014703382135
76 0.9988869997473083 -0.0036645768002893245 0.9959573825626542 0.0036645768002893245 0.9988869997473083 -3.453379178933659
77 0.9990235481062363 -0.0018233047251716395 1.5349269766354012 0.0018233047251716395 0.9990235481062363 -1.3931454278617355
78 0.9986182287140062 -0.0022932437260167085 4.027303591762598 0.0022932437260167085 0.9986182287140062 -2.0573534548421613
79 0.9986474578936745 -0.0014337075623957192 4.024927858300257 0.0014337075623957192 0.9986474578936745 -1.0480950083863223
80 0.9982973954411248 -0.0014042036061985002 5.990089678382395 0.0014042036061985002 0.9982973954411248 -1.3990469108255683
81 0.9986678553905313 -0.0010609583884053082 4.5016727027575 0.0010609583884053082 0.9986678553905313 -1.1796989936362117
82 0.9986419226341987 -0.0010150582676992808 6.983665998881461 0.0010150582676992808 0.9986419226341987 -1.1001875509539332
83 0.9987589753777701 -0.00030267321046663625 5.903947027245772 0.00030267321046663625 0.9987589753777701 -0.2926329555967657
84 0.9983453194473222 -0.0005559946679595822 9.860813034621067 0.0005559946679595822 0.9983453194473222 -0.8471327310217318
85 0.9992285167100488 -0.0003019621126173343 7.073025463118164 0.0003019621126173343 0.9992285167100488 -0.6971793514986291
86 0.9986887768035417 0.0004110764548543829 10.92030370981772 -0.0004110764548543829 0.9986887768035417 -0.08220486630959939
87 0.999094730417912 0.0006123975359407106 7.250453330105407 -0.0006123975359407106 0.999094730417912 0.1267064383293688
88 0.9980117750947382 0.001163958213574526 11.572015433128495 -0.001163958213574526 0.9980117750947382 0.6843658120290319
89 0.9987758312554209 0.0005607808253980705 7.588560138830035 -0.0005607808253980705 0.9987758312554209 -0.29993744427325897
90 0.9982056478257031 0.002047684049780573 11.78884427546658 -0.002047684049780573 0.9982056478257031 1.633847814590529
91 0.9984987696237038 0.00106497012481215 8.958070823544592 -0.00106497012481215 0.9984987696237038 1.4607048757250014
92 0.9987512154298571 0.003513557409037819 11.533133631271133 -0.003513557409037819 0.9987512154298571 4.010736095951451
93 0.9992874075023591 0.0020470147478196038 8.044531234946552 -0.0020470147478196038 0.9992874075023591 2.4435465937718015
94 0.9979728329227575 0.005021144739688783 11.693462620260433 -0.005021144739688783 0.9979728329227575 6.99533781481101
95 0.99963075598886 0.0028750812884730677 7.996840392640581 -0.0028750812884730677 0.99963075598886 4.057882378700438
96 0.9969581318530195 0.005701940427551098 13.444629480717877 -0.005701940427551098 0.9969581318530195 7.51564100973893
97 0.9992436231886204 0.003250825640440733 8.788994680444151 -0.003250825640440733 0.9992436231886204 3.6696486737563916
98 1.0010756752378893 -0.0008821666637658996 15.928622753079445 0.0008821666637658996 1.0010756752378893 -1.7328233570961555
99 0.9999016593639901 0.003221993405870563 8.011452167785121 -0.003221993405870563 0.9999016593639901 3.1048426657718515
100 1.0030124539008984 -0.00017398651480712686 13.027139871679685 0.00017398651480712686 1.0030124539008984 -2.7145889985581024
101 1.0000012608278028 0.002858675068774971 8.324054883953837 -0.002858675068774971 1.0000012608278028 2.5128380393787433
102 1.000948766356539 0.005884519079764998 12.217748025634222 -0.005884519079764998 1.000948766356539 4.327391374064759
103 0.9998164491398325 0.006415334901121388 7.4319952173001 -0.006415334901121388 0.9998164491398325 6.42531118380315
104 1.0024474804402237 0.001056055815594774 15.976778168533277 -0.001056055815594774 1.0024474804402237 -1.0229419509832869
105 1.0019508817901612 0.004098557946216701 6.614663266244952 -0.004098557946216701 1.0019508817901612 3.6572652947187407
106 1.0007899203935189 0.010523595332518487 7.520434116957244 -0.010523595332518487 1.0007899203935189 12.50258100372794
107 1.001941271502578 0.00326595428215291 3.790965077127106 -0.00326595428215291 1.001941271502578 4.352001180010627
108 1.0080840711695604 0.0021918590100417903 2.191062161016827 -0.0021918590100417903 1.0080840711695604 -1.4588533573514357
109 1.0004337897883997 0.0037736598283605607 4.104792518725963 -0.0037736598283605607 1.0004337897883997 4.90865683929734
110 1.0098216943681575 0.002615453922732099 -0.32706281503626533 -0.002615453922732099 1.0098216943681575 -0.9950416036411468
111 1.004736296457712 0.0006622524640445185 2.3462236999612807 -0.0006622524640445185 1.004736296457712 -0.809570740126115
112 1.010172575471268 -8.442003864204701e-05 -0.588669839809606 8.442003864204701e-05 1.010172575471268 -4.110230491148568
113 1.0031430532435215 0.0011294297832699486 0.919578288942122 -0.0011294297832699486 1.0031430532435215 0.45036871625432656
114 1.0056568716425176 0.0004116318281703821 -0.8806648775366697 -0.0004116318281703821 1.0056568716425176 -0.8894612398828703
115 1.0027293855486286 0.0021967683873720507 -2.6129878005554827 -0.0021967683873720507 1.0027293855486286 1.8408677665381874
116 1.0000291420553764 0.002829015521692612 3.1869477276010607 -0.002829015521692612 1.0000291420553764 5.763679257243222
117 1.0057583174775229 0.0035232432671124534 -9.794122963888405 -0.0035232432671124534 1.0057583174775229 2.1450421433667826
118 0.9997236512249906 0.003877982251302146 -3.6861764400736905 -0.003877982251302146 0.9997236512249906 6.621251116141778
119 0.9991255738971779 0.011196115685427947 -8.796972195905258 -0.011196115685427947 0.9991255738971779 13.692190776170786
120 1.0160565673196287 0.009931809302648663 -23.320331779352333 -0.009931809302648663 1.0160565673196287 0.7252494966926322
121 1.0021966868871255 0.003485598875543577 -7.414514521853218 -0.003485598875543577 1.0021966868871255 3.0341497872115095
122 1.0173590175669247 0.009179540550040072 -21.241909654548483 -0.009179540550040072 1.0173590175669247 -1.4539639824761297
123 1.0046836338441962 0.007449828413574815 -9.117084016238612 -0.007449828413574815 1.0046836338441962 4.899808791138411
124 1.014439378558215 0.006174825360479972 -15.693675762601174 -0.006174825360479972 1.014439378558215 -1.5429911834560077
125 1.008322547690305 0.0023400058675201326 -7.8199737800512965 -0.0023400058675201326 1.008322547690305 -1.1042869791465715
126 1.0077046290254406 0.0035636738651942095 -10.954536127024157 -0.0035636738651942095 1.0077046290254406 1.2527666040041847
127 1.0091160314372332 0.0019096979136931811 -8.113133166483335 -0.0019096979136931811 1.0091160314372332 -1.5582448567614353
128 1.0086162345903802 0.001423834128991652 -5.386595747859712 -0.001423834128991652 1.0086162345903802 -1.2337796330160915
129 1.0082660083141206 0.003297834162681276 -7.5656197857674705 -0.003297834162681276 1.0082660083141206 -0.9139925115146834
130 1.0174417109838159 0.007486192700762164 -18.17673134173898 -0.007486192700762164 1.0174417109838159 -3.8649569111186275
131 1.0062234645434593 0.007710927220889695 -9.951816422908063 -0.007710927220889695 1.0062234645434593 3.589982774124363
132 1.0036834533607188 0.001753820901744925 -1.636616003005508 -0.001753820901744925 1.0036834533607188 0.07658002720473678
133 1.002638487859523 0.0016131233259630018 -0.5763646649278533 -0.0016131233259630018 1.002638487859523 0.17586489726933308
134 1.0159959509718806 0.003548269488202878 -15.614528512398115 -0.003548269488202878 1.0159959509718806 -3.806595423190154
135 1.0040996035860603 0.0034011071972788855 -4.777338965823324 -0.0034011071972788855 1.0040996035860603 2.285483604662801
136 0.999098073943278 0.0010114553042352718 5.655572508767259 -0.0010114553042352718 0.999098073943278 2.4321410419996714
137 1.005809899694609 0.00648298449146012 -7.010746170592746 -0.00648298449146012 1.005809899694609 4.474359252559935
138 1.0172693711574097 0.009414416999924825 -16.433504223656872 -0.009414416999924825 1.0172693711574097 -1.4414361784736966
139 1.0033992607991167 0.0015222198531913856 0.21962124245988557 -0.0015222198531913856 1.0033992607991167 -0.833663386214049
140 1.0134656605464711 0.006332485656157865 -10.5252355883891 -0.006332485656157865 1.0134656605464711 -1.7573408894825229
141 1.0060669044867252 0.00400812116487825 -5.15126212556098 -0.00400812116487825 1.0060669044867252 0.5151868411000324
142 1.0126276033445878 0.0007303788983791448 -5.904954860302161 -0.0007303788983791448 1.0126276033445878 -4.125264434377496
143 1.004598339293746 0.002697347534938945 -3.9445098384917814 -0.002697347534938945 1.004598339293746 1.2065080113045328
144 1.0133854688787463 0.004380083591020911 -9.728231741885672 -0.004380083591020911 1.0133854688787463 -2.2347754315715664
145 1.0057526695716545 0.0044216276900384335 -5.725752657650936 -0.0044216276900384335 1.0057526695716545 2.6961846242097924
146 1.0094257828167745 0.0011070334062214836 -3.4212503663030636 -0.0011070334062214836 1.0094257828167745 -1.92740529601851
147 1.0024049774441757 0.004066538600253967 -3.511408042795814 -0.004066538600253967 1.0024049774441757 3.2228238163097527
148 1.0075594979363232 0.0015758066109584242 -2.357939239695973 -0.0015758066109584242 1.0075594979363232 -2.1888406180137228
149 1.0066645932670906 0.0005457189754505436 -2.5257158614920225 -0.0005457189754505436 1.0066645932670906 -2.3087628585017117
150 1.010401082072115 0.0007024693115335046 -4.551901019748171 -0.0007024693115335046 1.010401082072115 -4.313742082160594
151 1.0031831652023804 0.004078930180154649 -5.2177323685974875 -0.004078930180154649 1.0031831652023804 3.0820728528349717
152 1.0104353808362374 0.005774013771230267 -11.280267511735648 -0.005774013771230267 1.0104353808362374 -0.35416301175231163
153 1.0054220646593215 0.0029325485681610027 -5.10435871071976 -0.0029325485681610027 1.0054220646593215 0.657989486610774
154 1.0055743060733116 0.00033233090116911116 -0.9332999261668213 -0.00033233090116911116 1.0055743060733116 -2.552244138637903
155 1.004637548826257 0.0034639907534564926 -5.548088756436659 -0.0034639907534564926 1.004637548826257 0.8416477477937208
156 1.0072818777328534 0.001129917543414224 -5.764535933405451 -0.001129917543414224 1.0072818777328534 -3.6526791146305495
157 1.0043381055993847 0.002401599174698391 -5.72674672048282 -0.002401599174698391 1.0043381055993847 0.5040303262021961
158 1.0058600607494401 0.0034352666391551084 -6.240329615825604 -0.0034352666391551084 1.0058600607494401 1.2669803281591252
159 1.0046116157525384 0.005145115952943762 -6.975472032076928 -0.005145115952943762 1.0046116157525384 3.434911358648102
160 1.006304450020147 0.005353172965863 -8.85553945082635 -0.005353172965863 1.006304450020147 2.848983060718831
161 1.0043881084523414 0.0038065844245057717 -4.326135093579875 -0.0038065844245057717 1.0043881084523414 2.5933542749988487
162 1.007089254177009 0.003003882563883266 -2.53806918993272 -0.003003882563883266 1.007089254177009 0.23951105518465687
163 1.0040764718358859 0.003315948775951765 -2.5948490963804063 -0.003315948775951765 1.0040764718358859 2.2269666727340023
164 1.0052382588474431 0.0020104927164209634 0.8830586485916535 -0.0020104927164209634 1.0052382588474431 1.3609294185959087
165 1.0037426800005387 0.0032566807474575478 -2.0299409165566753 -0.0032566807474575478 1.0037426800005387 1.9834875163585277
166 1.0051885280445074 0.00728312364302544 -6.559980450400566 -0.00728312364302544 1.0051885280445074 5.045445219893898
167 1.003220077768008 0.003307064953453873 -4.333612941236651 -0.003307064953453873 1.003220077768008 2.1041435716009187
168 1.004005673763286 0.00481643816400218 -6.947745130790803 -0.00481643816400218 1.004005673763286 3.7091016515449913
169 1.0021017948381354 0.0035300067774559187 -4.410791938250167 -0.0035300067774559187 1.0021017948381354 2.676117188086414
170 1.0018409529541894 0.00549002904055412 -7.824936914735549 -0.00549002904055412 1.0018409529541894 4.223277580350083
171 1.0007108792474833 0.002315054631108733 -4.986945290098488 -0.002315054631108733 1.0007108792474833 1.4581871698396525
172 1.0008207272829974 0.003926369188676862 -8.545733312649292 -0.003926369188676862 1.0008207272829974 2.356592248741162
173 1.0003707567097417 0.0019708355110133846 -5.765204204476586 -0.0019708355110133846 1.0003707567097417 1.4144254830173582
174 1.0006433186833534 0.003291934935372178 -7.661120249775009 -0.003291934935372178 1.0006433186833534 3.0301398492968152
175 0.9997252789687512 0.001777985045504351 -3.0310397389126345 -0.001777985045504351 0.9997252789687512 1.8781801254742057
176 0.9994190808928362 0.002833066755035821 -2.285071821716836 -0.002833066755035821 0.9994190808928362 2.2149319199886666
177 0.9995920556842515 0.0016192982852166722 -0.6423307970906977 -0.0016192982852166722 0.9995920556842515 1.0590129020364574
178 0.9995093049817979 0.0010809603262191502 -0.1050568984187627 -0.0010809603262191502 0.9995093049817979 1.296022085805164
179 0.9993783593898515 0.00037402758277470683 -0.0724952556187044 -0.00037402758277470683 0.9993783593898515 0.7931947518108906
180 0.9988394274272151 0.0007280633888397006 -1.7876972193719929 -0.0007280633888397006 0.9988394274272151 0.39357356798532533
181 0.9981559983894175 8.302167435312724e-05 -1.3050378377807965 -8.302167435312724e-05 0.9981559983894175 0.7926456957949402
182 0.9968863881415265 -0.00014581887565608926 -2.4198192355781476 0.00014581887565608926 0.9968863881415265 1.444101647416716
183 0.9987719572079358 0.00016020146017464568 -2.8444963062301016 -0.00016020146017464568 0.9987719572079358 0.861563747528722
184 0.997742316638285 0.00018966813843457938 -4.745847880083128 -0.00018966813843457938 0.997742316638285 0.910712028139586
185 0.9986815500005478 0.00012904871608692857 -4.076417557355969 -0.00012904871608692857 0.9986815500005478 0.024326764485289143
186 0.9980480001513901 -0.00025622054531835876 -7.165968086288584 0.00025622054531835876 0.9980480001513901 0.8566398841113712
187 0.9983981097890217 -0.00040190579565591505 -3.300418693252351 0.00040190579565591505 0.9983981097890217 0.9363751546227204
188 0.9964898230827804 -0.0018944445690991935 2.3425776862221226 0.0018944445690991935 0.9964898230827804 0.3174371314487635
189 0.9980400839856054 -0.0016430128185371648 2.590685607778778 0.0016430128185371648 0.9980400839856054 -0.04236468903825186
190 1.0011915195015955 0.0010665075453088464 -4.933758377947301 -0.0010665075453088464 1.0011915195015955 2.0499090867750716
191 0.9984246270214702 -0.0014232417396815571 0.4781253470430302 0.0014232417396815571 0.9984246270214702 0.659229460522397
192 0.9980132469122488 -0.0013651840945453388 0.482118580959229 0.0013651840945453388 0.9980132469122488 0.984038164235765
193 0.9969974038579262 -0.0022692071508113192 2.6142223663690185 0.0022692071508113192 0.9969974038579262 -0.10796582077784979
194 0.9947544777602995 -0.0042120366985124325 5.16416165812982 0.0042120366985124325 0.9947544777602995 -0.7033105231949438
195 0.9961127793027378 -0.002946746084310141 3.850308194590716 0.002946746084310141 0.9961127793027378 -1.027743398421161
196 0.993969967350136 -0.00398687807760149 5.824700450947687 0.00398687807760149 0.993969967350136 -0.7674084134604154
197 0.9958652333853931 -0.00276266405002296 4.673623322383451 0.00276266405002296 0.9958652333853931 -0.6050254560656045
198 0.9944939162230287 -0.0034996033419126263 6.091957683732839 0.0034996033419126263 0.9944939162230287 -0.3839435326785368
199 0.9935932796072151 -0.0007597015745756043 4.982958562913673 0.0007597015745756043 0.9935932796072151 2.7288801677960564
200 0.9922536141701934 -0.002051913526233482 5.904131233377852 0.002051913526233482 0.9922536141701934 2.2746591825769755
201 0.994024215394367 -0.001629275264969433 4.459352923496581 0.001629275264969433 0.994024215394367 1.041906902194557
202 0.9921704265304311 -3.841814810234251e-05 2.301944558124241 3.841814810234251e-05 0.9921704265304311 3.409003888195518
203 0.994989735021663 -0.0038108635066396047 4.321649576549588 0.0038108635066396047 0.994989735021663 -1.5833565839043606
204 0.9882483666030705 -0.010643494029732949 13.839739109586954 0.010643494029732949 0.9882483666030705 -4.238170731781914
205 0.9947103940568687 -0.0030945611502400413 5.529625856389296 0.0030945611502400413 0.9947103940568687 -1.1213160316747746
206 0.9920752192854726 0.0012434678413293142 4.673052378462609 -0.0012434678413293142 0.9920752192854726 3.65549417658099
207 0.9917314953196826 0.0014547933569306123 5.905529575264315 -0.0014547933569306123 0.9917314953196826 4.553055507528373
208 0.9875853252225388 0.0029494773532665265 9.23975700030994 -0.0029494773532665265 0.9875853252225388 6.962652970110747
209 0.9939188951143387 -0.0028243962502541723 7.891490845333487 0.0028243962502541723 0.9939188951143387 -1.0840756008774675
210 0.9918009297835279 -9.388542600084002e-05 5.746664270404095 9.388542600084002e-05 0.9918009297835279 1.9484529938541206
211 0.9934066688188092 -0.001821791288987485 5.1503849995341255 0.001821791288987485 0.9934066688188092 0.4422953430173018
212 0.9952323564384559 6.247510089665922e-05 -0.9061396164611505 -6.247510089665922e-05 0.9952323564384559 0.06056615993391349
213 0.9926675179593439 0.000747169630367276 3.1176320280281233 -0.000747169630367276 0.9926675179593439 3.468410997122371
214 0.9934773923815456 0.001343844285064401 1.0405606611548397 -0.001343844285064401 0.9934773923815456 3.493516068150171
215 0.9953357007011031 -0.004760697278887297 4.1078395949360615 0.004760697278887297 0.9953357007011031 -3.6757397252677224
216 0.9924826987485262 -0.0010731701112325115 1.4404092359829561 0.0010731701112325115 0.9924826987485262 0.9248101467762662
217 0.997043599714041 -0.0029064473108344198 1.3043743936416785 0.0029064473108344198 0.997043599714041 -2.924114148068541
218 0.9934405605012688 -0.006769243481651983 5.116390557963464 0.006769243481651983 0.9934405605012688 -5.4882724668573974
219 0.9960316134311951 -0.0036570131146764374 1.3274526693813944 0.0036570131146764374 0.9960316134311951 -2.8394241612855886
220 0.990444059856383 -0.006735162275209523 2.6298925213116338 0.006735162275209523 0.990444059856383 -1.2999842807064823
221 0.9958424314159101 0.0001257347754089254 -3.0696283998504095 -0.0001257347754089254 0.9958424314159101 1.8482376877541153
222 0.9961344807328635 -0.0021441349391218703 -6.201466499893642 0.0021441349391218703 0.9961344807328635 -2.9418828925379765
223 1.0021692290080344 -0.003663712057371686 -6.32858667659998 0.003663712057371686 1.0021692290080344 -7.622244861556537
224 1.007944241336523 -0.0031957488243404292 -16.983295375712608 0.0031957488243404292 1.007944241336523 -11.87762102419685
225 1.0029120179082194 -0.0029851385924947412 -6.3960550987371 0.0029851385924947412 1.0029120179082194 -5.961482249146686
226 1.0017635184930807 -0.00022333052067983827 -8.686757075479607 0.00022333052067983827 1.0017635184930807 -2.8083762432282144
227 1.0039599774702457 -0.002731649436285341 -5.689191929799972 0.002731649436285341 1.0039599774702457 -5.245853899662554
228 1.0030358042206342 -0.0045511255758214665 -7.065399206827744 0.0045511255758214665 1.0030358042206342 -7.02256345087754
229 1.0047034014785727 -0.002832100010316059 -6.956836012860615 0.002832100010316059 1.0047034014785727 -6.2308092082374245
230 1.0093461188347423 -0.005675514976072758 -13.137076244415876 0.005675514976072758 1.0093461188347423 -11.314860738301524
231 1.0061941397927119 -0.0030671164177871733 -10.122395869080268 0.0030671164177871733 1.0061941397927119 -7.067720778745352
232 1.010808226855968 -0.003912326989121323 -15.439950458095222 0.003912326989121323 1.010808226855968 -10.66579756285333
233 1.0083616856120428 -0.0018751341187516755 -10.319378192440041 0.0018751341187516755 1.0083616856120428 -7.204684877061181
234 1.0134472274978292 -0.0030095804215157446 -15.330615149751619 0.0030095804215157446 1.0134472274978292 -10.882506512434464
235 1.0100385469903637 -0.001642580992198405 -11.257835267305678 0.001642580992198405 1.0100385469903637 -6.777471867564071
236 1.0160586451129365 -0.0025566862456173206 -17.566640502031653 0.0025566862456173206 1.0160586451129365 -9.738707652802928
237 1.0109021479434868 -0.0014278146877046653 -12.013098244477671 0.0014278146877046653 1.0109021479434868 -5.363359462849913
238 1.0176609992103536 -0.0037326043718678686 -18.82756014615554 0.0037326043718678686 1.0176609992103536 -8.380049718916283
239 1.0116958410569055 -0.001828320217210752 -12.43847185815509 0.001828320217210752 1.0116958410569055 -4.395686565918968
240 1.0183370771772873 -0.0009715681890731656 -19.032129003504576 0.0009715681890731656 1.0183370771772873 -5.351523517293809
241 1.012355490694181 -0.0009721309957966583 -12.598944440486674 0.0009721309957966583 1.012355490694181 -3.0427834587075617
242 1.0167448369488516 -0.0013475635593887172 -17.141011082417673 0.0013475635593887172 1.0167448369488516 -3.1586572821150405
243 1.0131853035139156 -0.0016211998527817628 -12.697148977705375 0.0016211998527817628 1.0131853035139156 -2.9338477831259784
244 1.0197669430459715 -0.002340047976810485 -19.431408378718807 0.002340047976810485 1.0197669430459715 -1.1877757283546122
245 1.0133265588481228 -0.0016355020106702286 -13.618044669995154 0.0016355020106702286 1.0133265588481228 -0.49295065264241855
246 1.0210267794605385 -0.0032159533026048077 -22.45830819970937 0.0032159533026048077 1.0210267794605385 -2.9298346614623916
247 1.0142782651981292 -0.0019021276611370574 -15.167629583999462 0.0019021276611370574 1.0142782651981292 -0.48574672912629624
248 1.0209253991495033 -0.0031392450596487076 -21.49420278322398 0.0031392450596487076 1.0209253991495033 -0.6877167113722442
249 1.0149054506140938 -0.0018646963429988714 -15.709844482415045 0.0018646963429988714 1.0149054506140938 -1.2990666549898766
250 1.0211333914981462 -5.5198536716071986e-05 -24.697793688339523 5.5198536716071986e-05 1.0211333914981462 2.9139318965900602
251 1.0133923486447556 -0.0003153580418976069 -15.410932118571223 0.0003153580418976069 1.0133923486447556 0.6980053477204442
252 1.0207945281899797 -0.0010343465825913794 -24.734394515987955 0.0010343465825913794 1.0207945281899797 -2.0547759141388697
253 1.0130619357973683 -0.0005552909351982109 -15.612990922156081 0.0005552909351982109 1.0130619357973683 -1.1285627834069971
254 1.022852016108186 -0.0012794019081593289 -26.58695263384944 0.0012794019081593289 1.022852016108186 -5.4536312191141985
255 1.0126776575522924 -0.0013574626674996851 -14.424120060418835 0.0013574626674996851 1.0126776575522924 -3.795588451699229
256 1.01906486988697 -0.0017686258023426604 -22.25991512554624 0.0017686258023426604 1.01906486988697 -6.137661713269436
257 1.0121144763923609 -0.0008091761269267081 -14.432690541487606 0.0008091761269267081 1.0121144763923609 -3.8467878115554552
258 1.01956498053507 -0.00023476776572083568 -23.894202108374333 0.00023476776572083568 1.01956498053507 -5.357637082127034
259 1.0103461127865596 -0.0012084281030294583 -11.803143605880297 0.0012084281030294583 1.0103461127865596 -3.486466067883322
260 1.0146578022153594 -0.002426500062722534 -16.877703616174667 0.002426500062722534 1.0146578022153594 -5.002813273111968
261 1.007933790762735 -0.0007720949052771283 -10.209811992929977 0.0007720949052771283 1.007933790762735 -2.1455786286269296
262 1.0125990749649572 -0.002341002972161472 -15.570815185261594 0.002341002972161472 1.0125990749649572 -4.971344114805144
263 1.006823472353643 -0.0011175907458059677 -9.108460347408338 0.0011175907458059677 1.006823472353643 -1.4731885137946632
264 1.0086750047631783 -0.0007707595855698769 -13.031989575326481 0.0007707595855698769 1.0086750047631783 -0.7108753480566593
265 1.0042868985637448 0.0008393924154534393 -8.375051189739054 -0.0008393924154534393 1.0042868985637448 1.8022913537469452
266 1.002902481701403 0.0027625336232138583 -11.744397667085114 -0.0027625336232138583 1.002902481701403 5.55339566031775
267 1.0012705975934504 0.0007000982999862819 -5.170539669488176 -0.0007000982999862819 1.0012705975934504 2.6490922085228767
268 1.0007511131913915 0.0045494336221729775 -9.472261206582765 -0.0045494336221729775 1.0007511131913915 6.214614759947326
269 0.9991079130480182 0.0017881734546911512 -3.2379189047655803 -0.0017881734546911512 0.9991079130480182 4.9609625497665295
270 0.9998024248262231 0.0007763619579095709 -2.7487728626852013 -0.0007763619579095709 0.9998024248262231 3.2162237113926775
271 0.9983094492583326 0.0006195348712881079 -0.16876807137782657 -0.0006195348712881079 0.9983094492583326 2.0901411843484112
272 0.9948191850564165 -0.0010157628558311548 3.9820589216306552 0.0010157628558311548 0.9948191850564165 2.5372964561298215
273 0.9942311506199593 -0.000412585225562976 4.7331840089841 0.000412585225562976 0.9942311506199593 2.7691983839736936
274 0.9893788418653895 -0.0006298855364541287 8.366649592724963 0.0006298855364541287 0.9893788418653895 5.050938705789577
275 0.991585126518244 -0.0006234174098255441 7.528102007611032 0.0006234174098255441 0.991585126518244 3.831627635929348
276 0.9876253478000083 -0.0019037025494813846 11.790350859720903 0.0019037025494813846 0.9876253478000083 4.401898472110962
277 0.9898702493927561 -0.0011194847396318664 9.864321172277975 0.0011194847396318664 0.9898702493927561 3.1773149878241913
278 0.9830287880958605 -0.003875373471202416 18.3508471052742 0.003875373471202416 0.9830287880958605 2.476034953107536
279 0.9888651157368172 -0.001343542137373655 10.735456014190598 0.001343542137373655 0.9888651157368172 2.908381095312311
280 0.9802972981375124 -0.0034654500214995445 21.247487158574145 0.0034654500214995445 0.9802972981375124 3.4728975579564456
281 0.9860820369182822 -0.0016490036071885909 13.736903867979027 0.0016490036071885909 0.9860820369182822 4.341922047622709
282 0.9773182100354973 -0.0024507582466962697 21.592902873841023 0.0024507582466962697 0.9773182100354973 8.991992342433901
283 0.9843109330325889 -0.0001152955630837416 13.796220241682356 0.0001152955630837416 0.9843109330325889 7.211827803497162
284 0.9731115185502872 -0.0013589731133454859 23.7817774448997 0.0013589731133454859 0.9731115185502872 11.316509681949672
285 0.9837635465728148 -0.0001233497644188336 13.479825121990258 0.0001233497644188336 0.9837635465728148 7.163020848813315
286 0.9729867336205383 0.0003921158975053402 21.386589287670922 -0.0003921158975053402 0.9729867336205383 11.730851962308584
287 0.9857442101355585 0.00044748733299699965 10.09716297087084 -0.00044748733299699965 0.9857442101355585 6.32574396194809
288 0.9776561119195841 0.0009420571348121342 15.329826217111597 -0.0009420571348121342 0.9776561119195841 10.941068179079192
289 0.9839016816784305 0.0011215355636854801 10.685497445018825 -0.0011215355636854801 0.9839016816784305 8.801026110075497
290 0.9750702024702796 0.0020637115283280542 15.942931838216989 -0.0020637115283280542 0.9750702024702796 11.968643075473983
291 0.9830304835806084 0.0017958086933617513 10.732353315774578 -0.0017958086933617513 0.9830304835806084 6.97999332765489
292 0.9754733640745983 3.8278103337799636e-05 18.030728248372366 -3.8278103337799636e-05 0.9754733640745983 7.204894869041661
293 0.983571818103231 0.0006478726226478372 12.4483866985878 -0.0006478726226478372 0.983571818103231 5.5477676786012875
294 0.9777149396190468 0.0003959936585801307 17.769470579146084 -0.0003959936585801307 0.9777149396190468 5.751169820096939
295 0.9870451013939346 -2.4120225263466605e-05 10.512022675737299 2.4120225263466605e-05 0.9870451013939346 3.602207459523019
296 0.9824740290128707 0.0001864958845740861 15.127631924522973 -0.0001864958845740861 0.9824740290128707 5.804404932182387
297 0.9881847511199222 3.3265871131652796e-05 11.37748630387431 -3.3265871131652796e-05 0.9881847511199222 1.584674123639092
298 0.9819427747193054 0.00044455901794460524 16.760544720812113 -0.00044455901794460524 0.9819427747193054 1.5794540969339388
299 0.987893869379797 -0.00015890739030794573 10.978079810600258 0.00015890739030794573 0.987893869379797 2.3644863746292684
300 0.9812121666409134 -0.0005364324867941225 17.291891079774896 0.0005364324867941225 0.9812121666409134 2.1217749251260623
301 0.9888501031991056 -0.00015980725721269102 10.899659480154792 0.00015980725721269102 0.9888501031991056 -0.230465999437478
302 0.984168451889064 0.0009190022518072733 14.584443806680515 -0.0009190022518072733 0.984168451889064 3.3914881556752987
303 0.990574034650904 0.0007122696304674287 8.987378948405931 -0.0007122696304674287 0.990574034650904 2.0434747152997437
304 0.9864151957378406 0.0022757495825637243 11.641763353564553 -0.0022757495825637243 0.9864151957378406 2.273097714700989
305 0.9923898578767488 0.0009274545988637172 6.600660335220595 -0.0009274545988637172 0.9923898578767488 0.6265185481230718
306 0.9892834570770564 0.0011508448091604871 9.296128349790843 -0.0011508448091604871 0.9892834570770564 0.032816901930718956
307 0.9943405181805522 0.0012419447465172135 5.0462083146818175 -0.0012419447465172135 0.9943405181805522 0.06268875879433289
308 0.9907192906300536 0.0017085151646922074 8.360176873537943 -0.0017085151646922074 0.9907192906300536 0.8051780265288193
309 0.9937078643499004 0.0009172949595180268 5.8503777211714265 -0.0009172949595180268 0.9937078643499004 0.8574996075672363
310 0.9903657915334891 0.0020569550697427438 8.369133513506373 -0.0020569550697427438 0.9903657915334891 2.436124101324258
311 0.9937260886961676 0.000819669803085813 5.556160542520585 -0.000819669803085813 0.9937260886961676 1.4368804485780475
312 0.9910395264593064 -0.0008112073977675251 8.859128678481888 0.0008112073977675251 0.9910395264593064 0.9369202957147733
313 0.9939565866954484 -0.0012090435275913711 6.405374435448073 0.0012090435275913711 0.9939565866954484 0.07282341413848738
314 0.9910227286785683 -0.002381932990142373 10.65366777480712 0.002381932990142373 0.9910227286785683 -0.2576156589932566
315 0.9945642120129728 -0.0024743385686233615 7.077474393324344 0.0024743385686233615 0.9945642120129728 -1.7542154287738845
316 0.9946743453768142 -0.0009882685617473453 6.328771986716082 0.0009882685617473453 0.9946743453768142 -2.7835518552755096
317 0.9983194679643445 0.0010822519504709764 2.076813988198012 -0.0010822519504709764 0.9983194679643445 -2.0873149545776006
318 0.9952432448048594 0.003270493805195094 4.1439406784525215 -0.003270493805195094 0.9952432448048594 1.378464313060664
319 0.9980482243432386 0.0019902325340289536 1.8396582041485092 -0.0019902325340289536 0.9980482243432386 -0.6448070817617491
320 0.9958887077768609 0.001137344113515413 6.430515244363924 -0.001137344113515413 0.9958887077768609 0.17324671777346579
321 0.9981262552044692 0.0001440126863525181 5.629401526132959 -0.0001440126863525181 0.9981262552044692 -0.8284747495041129
322 0.9984151292202001 0.001849024779873889 7.235241174168693 -0.001849024779873889 0.9984151292202001 -0.5795734692648952
323 0.9981353012203373 0.0008410101628796943 6.396347304958106 -0.0008410101628796943 0.9981353012203373 0.7952299968574612
324 0.9974227943362322 -0.0005830989267946788 11.007675255473089 0.0005830989267946788 0.9974227943362322 0.09872601194128905
325 0.99859271975521 -0.00019719889549318418 7.456951365623703 0.00019719889549318418 0.99859271975521 -1.1242269776983642
326 1.0007502352905646 -0.0004993057204202825 7.685269247966786 0.0004993057204202825 1.0007502352905646 -4.935758958358579
327 1.0010866136765528 0.0013512774523528948 2.671121815680277 -0.0013512774523528948 1.0010866136765528 -3.0573794536486
328 1.0012012943208037 0.0013532837564617722 3.2917027600975133 -0.0013532837564617722 1.0012012943208037 -3.421246565328346
329 1.0012775873893136 0.0007262150278224925 1.2045948740432806 -0.0007262150278224925 1.0012775873893136 -1.6920091500389254
330 1.0018343709270643 -0.0006015246323695069 1.5567362356295846 0.0006015246323695069 1.0018343709270643 -1.94967902909176
331 1.0020317415536428 -0.0004066199298251434 0.29593829018988865 0.0004066199298251434 1.0020317415536428 -1.4809303364171198
332 1.00347768848339 0.0019423114831211997 -1.508788098501848 -0.0019423114831211997 1.00347768848339 0.19219760193876892
333 1.003224569806358 0.0006777845709627368 -1.9170620035064891 -0.0006777845709627368 1.003224569806358 -0.046636623312500625
334 1.0060526083754682 -0.0002682020061826832 -3.7192521354587837 0.0002682020061826832 1.0060526083754682 -2.059443126286322
335 1.0041573262645973 -6.439161843222667e-05 -3.377227983991489 6.439161843222667e-05 1.0041573262645973 -1.3465735658616338
336 1.007037009744957 -0.00012474581525540897 -6.281699100480703 0.00012474581525540897 1.007037009744957 -1.9563665821878455
337 1.004814297004405 0.000877597325371214 -4.779515861921901 -0.000877597325371214 1.004814297004405 -0.6147572655764644
338 1.0072261086022005 0.0011349413097591766 -6.962664886345147 -0.0011349413097591766 1.0072261086022005 -1.0181399799417163
339 1.0045335704710163 0.0006675152285449498 -4.6862175803380905 -0.0006675152285449498 1.0045335704710163 -0.050365906546987554
340 1.0078296397821767 -0.00022272144156686407 -7.500456875136043 0.00022272144156686407 1.0078296397821767 -1.469318693205889
341 1.0055870437712973 -0.0008776685423396852 -4.714860785087805 0.0008776685423396852 1.0055870437712973 -2.5081440313212195
342 1.008544944493602 -0.0016293629348773527 -7.566837474214838 0.0016293629348773527 1.008544944493602 -3.050774306576435
343 1.0054815923394997 -0.00048552013913425395 -5.291885052693163 0.00048552013913425395 1.0054815923394997 -0.23693626897068565
344 1.008788972586925 -0.0007454503433054734 -7.935563715217227 0.0007454503433054734 1.008788972586925 -2.603826329155723
345 1.0057569561823736 -0.0005454781798145854 -5.572799916435374 0.0005454781798145854 1.0057569561823736 -2.4113760121223384
346 1.0084949183467762 -0.001315108658924433 -9.378041184147026 0.001315108658924433 1.0084949183467762 -2.521111883406203
347 1.0064167169041929 -0.00155593019254986 -6.581162231069107 0.00155593019254986 1.0064167169041929 -2.4377618645647017
348 1.0108749651072932 -0.0021245583667529257 -11.704859535191297 0.0021245583667529257 1.0108749651072932 -3.827830840085978
349 1.0066253226627504 -0.002222448630740199 -7.059436197731878 0.002222448630740199 1.0066253226627504 -2.8120009179443946
350 1.0098643645610816 -0.0024886928891129784 -10.384401765378938 0.0024886928891129784 1.0098643645610816 -4.306117399484621
351 1.0077280736600547 -0.002439461239941902 -7.333801104428003 0.002439461239941902 1.0077280736600547 -4.093283474727436
352 1.0135663989676558 -0.005022657997558607 -12.532744965154214 0.005022657997558607 1.0135663989676558 -6.740546507391958
353 1.0082241186212613 -0.0025518920788396675 -8.003461393433938 0.0025518920788396675 1.0082241186212613 -2.9308699646587475
354 1.0131705371040831 -0.0018035849458497397 -14.590187368427967 0.0018035849458497397 1.0131705371040831 -1.9133606503085034
355 1.0103957677301463 -0.002876166117549762 -9.984744665261099 0.002876166117549762 1.0103957677301463 -1.1893089446171912
356 1.0144639076238826 -0.0050560766499676635 -10.466552876885054 0.0050560766499676635 1.0144639076238826 1.1671928743605933
357 1.0081120969949222 -0.001920749206069864 -6.417779828954587 0.001920749206069864 1.0081120969949222 3.061147004424763
358 1.0132073580503016 -0.006246735281655539 -9.779235387016946 0.006246735281655539 1.0132073580503016 0.646560295814524
359 1.007235485493303 -0.000994085998825403 -7.434685431757602 0.000994085998825403 1.007235485493303 4.506933882143143
360 1.0132301417414975 0.0007102032564118358 -15.841201699616873 -0.0007102032564118358 1.0132301417414975 8.214106810749584
361 1.0064817346758852 -0.0015346035092243895 -7.1502784609412 0.0015346035092243895 1.0064817346758852 4.245711419611304
362 1.0073874741588644 -0.0009196731789179691 -9.569238291338186 0.0009196731789179691 1.0073874741588644 7.933184591433021
363 1.004986802305796 -0.0016978223407047468 -6.624137763647271 0.0016978223407047468 1.004986802305796 3.881528218731771
364 1.010035304943425 -0.00786585929886011 -8.833200104708466 0.00786585929886011 1.010035304943425 -0.3096233098537805
365 0.999651297797004 -0.004301131153456245 -1.4350824867456418 0.004301131153456245 0.999651297797004 4.219478204082941
366 1.0017855370346866 -0.003311889885030506 -2.588934787482914 0.003311889885030506 1.0017855370346866 5.556456891942586
367 1.002515836103112 -0.0018663971150359663 -0.07235747135115943 0.0018663971150359663 1.002515836103112 2.1771502714907425
368 0.9980819252440929 -0.0029310828460964245 10.666614641846323 0.0029310828460964245 0.9980819252440929 5.024235379239454
369 0.999322667194165 -0.0031710981950739308 10.4641907997008 0.0031710981950739308 0.999322667194165 -2.093473673524889
370 0.9951493584210895 -0.006594054464698073 17.837235165159914 0.006594054464698073 0.9951493584210895 -3.437632401034805
371 0.999896473018838 -0.004965502587836363 9.334162058052012 0.004965502587836363 0.999896473018838 -6.548599034476036
372 0.9932701994330363 -0.008348889365524142 18.1298296026454 0.008348889365524142 0.9932701994330363 -7.52318243501729
373 0.9967609103014002 -0.006038173740527782 11.192084354545369 0.006038173740527782 0.9967609103014002 -7.319271230765601
374 0.9982251850286196 -0.0043179266220962935 12.259502929807926 0.0043179266220962935 0.9982251850286196 -9.735608179952811
375 0.9978422823715829 -0.0050524106670578085 7.628525120634058 0.0050524106670578085 0.9978422823715829 -8.755295982786523
376 0.9963322102707445 -0.005871268502081582 10.651459155512104 0.005871268502081582 0.9963322102707445 -8.491640835323583
377 0.9992467810897783 -0.004802767918972106 5.265344171322252 0.004802767918972106 0.9992467810897783 -6.5154166301558885
378 0.9932948387257383 -0.004590675550262591 11.753509944806215 0.004590675550262591 0.9932948387257383 -5.485886595693034
379 0.9989876776227447 -0.007328010452509581 6.285021832602301 0.007328010452509581 0.9989876776227447 -9.682570200196
380 0.9949669121880721 -0.01117504808115193 10.500030361619897 0.01117504808115193 0.9949669121880721 -11.215319012911586
381 0.9975592655111283 -0.004977934204177306 4.7221083807915205 0.004977934204177306 0.9975592655111283 -5.449642176510595
382 0.9929287949588588 -0.005713034075298239 5.319388301887942 0.005713034075298239 0.9929287949588588 -2.7904497359098683
383 1.0017364926321428 -0.005541963846129711 -1.7234620517212458 0.005541963846129711 1.0017364926321428 -6.996800435974303
384 0.9928930584728081 -0.009921481672880338 7.710998405266274 0.009921481672880338 0.9928930584728081 -3.337157707734672
385 1.0014425096387753 -0.005698860201015616 -0.8521155159118283 0.005698860201015616 1.0014425096387753 -5.9926554020835425
386 0.9959645120970059 -0.010226812654143057 5.47191868301473 0.010226812654143057 0.9959645120970059 -5.513141430488715
387 0.9991066856390065 -0.003807341548035294 1.6544849527234187 0.003807341548035294 0.9991066856390065 -2.7681741775421678
388 0.9945641151590793 -0.003959325869578043 4.772193108855404 0.003959325869578043 0.9945641151590793 -0.6298091461211357
389 0.9978691571242185 -0.004272875056623403 2.848586900139678 0.004272875056623403 0.9978691571242185 -2.24151364961681
390 0.9940873584612513 -0.002594361312754958 0.9212223154019057 0.002594361312754958 0.9940873584612513 2.2119816769990583
391 0.9975202476615923 -0.0047504499594986736 2.463470683341813 0.0047504499594986736 0.9975202476615923 -2.8414893493951965
392 0.9886425941814708 -0.008226456447541218 7.029022587571848 0.008226456447541218 0.9886425941814708 0.8121316144789587
393 0.9995884420275647 -0.00453675759269812 -3.7429292066819237 0.00453675759269812 0.9995884420275647 -2.439952623221261
394 0.9956066645195428 -0.0029263548693497575 -6.708787344831018 0.0029263548693497575 0.9956066645195428 1.1100798559356635
395 1.0000533101795352 -0.0035064195522295154 -7.479039902884352 0.0035064195522295154 1.0000533101795352 -2.8937528849354273
396 1.0014231832397806 -0.006570931081554811 -10.206911190436578 0.006570931081554811 1.0014231832397806 -5.704860066841289
397 0.9991277144222008 -0.002815764281915707 -6.111414351777632 0.002815764281915707 0.9991277144222008 -2.3092047417424757
398 0.9957074892443294 -0.001875032459042385 -6.7352957770998625 0.001875032459042385 0.9957074892443294 0.6479160404785118
399 1.0005914986596147 -0.0025662690463773732 -4.862477976943666 0.0025662690463773732 1.0005914986596147 -2.6564677289598633
400 1.0013821071224829 -0.0031146314923495956 -7.648523135413953 0.0031146314923495956 1.0013821071224829 -2.9220085026683664
401 1.0007839852817786 -0.002699995035452947 -4.2503707313743595 0.002699995035452947 1.0007839852817786 -1.632541187187158
402 0.9995154117923759 -0.004942273504371643 -3.149500925792535 0.004942273504371643 0.9995154117923759 -3.275065560558626
403 0.9998543130504562 -0.00450440984996354 -0.8361354775938777 0.00450440984996354 0.9998543130504562 -4.607451632540967
404 1.0012430835938084 -0.00552638201853001 -4.09699745885628 0.00552638201853001 1.0012430835938084 -6.351031077689879
405 0.9991617931913284 -0.003883428051570552 0.006467117283651902 0.003883428051570552 0.9991617931913284 -3.3469736770032594
406 1.0008041610522687 -0.00494133943115902 -0.3579857034742889 0.00494133943115902 1.0008041610522687 -5.443759031909321
407 1.0009518461041256 -0.0006058949747470795 -1.8013536039545988 0.0006058949747470795 1.0009518461041256 -1.4998485563953086
408 1.0017417104859545 -0.0011092605911348814 -1.4946531881258254 0.0011092605911348814 1.0017417104859545 -2.2284040465773103
409 1.0005251618432351 -0.0007994595909795847 1.1448108697103838 0.0007994595909795847 1.0005251618432351 0.7238226109665659
410 1.0005516653628335 -0.00047682155471832736 1.4787739856611575 0.00047682155471832736 1.0005516653628335 2.860601158126895
411 0.999821396232608 -0.000491872166309258 1.9007890696103535 0.000491872166309258 0.999821396232608 3.8102288103945963
412 1.0008231329935775 -2.8136031678344677e-05 0.9768996239605422 2.8136031678344677e-05 1.0008231329935775 6.7377259138519765
413 1.0007217858889226 0.0002643671870970964 0.36823258590655256 -0.0002643671870970964 1.0007217858889226 5.035163837300886
414 1.0011865936942812 0.0021125510930854485 0.1677538966969805 -0.0021125510930854485 1.0011865936942812 8.580081909493183
415 1.0008237653388974 0.0010063692299268243 0.07654125129865808 -0.0010063692299268243 1.0008237653388974 3.6817434589682914
416 1.0003102406268907 0.0012354817604731127 2.3533457895167866 -0.0012354817604731127 1.0003102406268907 5.087916695297079
417 0.9987098108191633 0.000247428218291852 3.352671100077864 -0.000247428218291852 0.9987098108191633 2.5568493629310147
418 0.995034076178058 -0.00016542710461521718 8.452678686145697 0.00016542710461521718 0.995034076178058 0.9840999906648109
419 0.9970856749640223 0.0009761935857739287 4.449353971434568 -0.0009761935857739287 0.9970856749640223 1.2879217297540937
420 0.9975168723036301 0.0003682854531780642 5.683011522999117 -0.0003682854531780642 0.9975168723036301 -4.072994180354659
421 0.9977665839828576 0.0014011178064024666 4.236936880205244 -0.0014011178064024666 0.9977665839828576 -5.357735421251873
422 0.9977990063533215 0.0013979406495918819 6.991296169295488 -0.0013979406495918819 0.9977990063533215 -6.840171666492648
423 0.9966643412197292 0.0018634896283251353 7.671278357170277 -0.0018634896283251353 0.9966643412197292 -3.1905908744820923
424 0.9940238985938468 0.002684786563144204 17.535658382869507 -0.002684786563144204 0.9940238985938468 -6.710272219869606
425 0.999098183635778 0.002240648827138188 9.333241775718157 -0.002240648827138188 0.999098183635778 -3.8822342310738547
426 0.9999164430331773 0.005548782653113186 8.183212391229954 -0.005548782653113186 0.9999164430331773 -1.6454024824886364
427 1.0011759790928054 0.0023466577153776202 -0.21822587937735305 -0.0023466577153776202 1.0011759790928054 -0.74758689415291
428 1.0013760441974595 0.004688620537544646 -6.434798411200251 -0.004688620537544646 1.0013760441974595 3.04607453664255
429 0.9979777730271209 0.0038144195472705924 -4.612097059341538 -0.0038144195472705924 0.9979777730271209 3.768025146328017
430 1.001316850262247 0.001247638292410954 -15.424451803756458 -0.001247638292410954 1.001316850262247 -1.428628251105971
431 1.002678592171864 0.0015415946891792626 -13.794632161179717 -0.0015415946891792626 1.002678592171864 -0.023844553865246754
432 1.012291358563897 0.008964121984849022 -26.35055941154513 -0.008964121984849022 1.012291358563897 -0.35195599579479875
433 1.0023969372528387 0.010022272187277163 -12.917503925837801 -0.010022272187277163 1.0023969372528387 6.181003892745663
434 1.0004388518050307 0.005731859447330772 -14.468501330584552 -0.005731859447330772 1.0004388518050307 4.581712064392343
435 1.0049450463642289 0.009154644911548666 -11.715837090552434 -0.009154644911548666 1.0049450463642289 5.995823471125205
436 1.007237353057625 0.008800311609027339 -12.409791597742858 -0.008800311609027339 1.007237353057625 4.446848733972769
437 1.0003311270971078 0.004984333475815122 -7.247946674746768 -0.004984333475815122 1.0003311270971078 4.348571418944701
438 1.0043135770912728 0.004241173154990089 -4.08251314939531 -0.004241173154990089 1.0043135770912728 2.0456813373285927
439 1.0035524858507545 0.005372866660290285 -3.9932089364531653 -0.005372866660290285 1.0035524858507545 2.9718384277186902
440 1.0106056798415655 0.005479155173251184 -9.079699096812458 -0.005479155173251184 1.0106056798415655 0.6701403132133292
441 1.0014688484485055 0.006398100330813206 -0.3938018478442198 -0.006398100330813206 1.0014688484485055 5.790373051879816
442 1.0040814398164537 0.008690484291319587 0.630877565973511 -0.008690484291319587 1.0040814398164537 6.3268302657140705
443 1.0003963954772133 0.007852211739693426 3.2085645449548803 -0.007852211739693426 1.0003963954772133 7.516124531705052
444 0.9995176035460666 0.011734226878906427 7.601731861496826 -0.011734226878906427 0.9995176035460666 12.606677648093099
445 1.0002782675186874 0.004160970815316516 6.917415364836407 -0.004160970815316516 1.0002782675186874 4.768351742641393
446 0.9997733491574464 0.0006960905353747715 11.883786549792172 -0.0006960905353747715 0.9997733491574464 2.862587628889454
447 0.9985075934429489 0.003967918871920005 8.422544321447901 -0.003967918871920005 0.9985075934429489 5.617561640785733
448 0.9986983741166595 0.0067801942728012606 10.062667449012023 -0.0067801942728012606 0.9986983741166595 9.314528672346613
449 0.9990771184773725 0.006607935291856087 6.1150807229205135 -0.006607935291856087 0.9990771184773725 8.537607492487526
450 0.9972739606757185 0.0062010809535292906 10.201316997875095 -0.0062010809535292906 0.9972739606757185 9.723797790203925
451 0.997780832566251 0.006695366350421203 5.580924090922055 -0.006695366350421203 0.997780832566251 8.999936519859556
452 1.0020102597188196 0.006631895545082827 4.395063753981351 -0.006631895545082827 1.0020102597188196 6.98842233799041
453 1.0003856095574488 0.013874808990926697 -0.8303149296200898 -0.013874808990926697 1.0003856095574488 13.830307895028982
454 1.0030256832815392 0.010477999756754494 5.340510632501629 -0.010477999756754494 1.0030256832815392 9.63266426898769
455 1.0012701363209475 0.003961143944019262 5.666695254301228 -0.003961143944019262 1.0012701363209475 3.3684817181977698
456 1.00451676588004 0.00531711450468171 8.610169227069871 -0.00531711450468171 1.00451676588004 3.526586879550925
457 1.0055850847451753 0.006778817116893761 0.8706057015379333 -0.006778817116893761 1.0055850847451753 4.257586947589488
458 1.0083423368102529 0.005468699348696154 5.223907699050503 -0.005468699348696154 1.0083423368102529 2.75025576122659
459 1.0046943960181007 0.003991332781181721 4.270034824083834 -0.003991332781181721 1.0046943960181007 2.9041997473829397
460 1.0124241441826007 0.016355074455073764 -3.744470318919612 -0.016355074455073764 1.0124241441826007 9.734361602925775
461 1.0063829375550475 0.006250731163152074 1.3650660986021368 -0.006250731163152074 1.0063829375550475 4.081975208646206
462 1.0073988937886629 0.004528511827583302 6.856737949886909 -0.004528511827583302 1.0073988937886629 2.721630704321783
463 1.0011945279071262 0.002023755060004793 9.732930410254665 -0.002023755060004793 1.0011945279071262 2.706720004416308
464 1.0027749045142629 0.0015899037421490297 13.617606932761841 -0.0015899037421490297 1.0027749045142629 2.4974002772796977
465 1.001035629028507 0.002530074747077545 9.893903641927682 -0.002530074747077545 1.001035629028507 3.448659439059955
466 0.9973875718525135 0.0006541434359344117 20.024717035805896 -0.0006541434359344117 0.9973875718525135 3.9272813423790778
467 1.0010598615298332 0.003053439301688197 8.16391676933176 -0.003053439301688197 1.0010598615298332 4.176746330956788
468 1.0034204277213978 0.0035945253395710357 9.029765131758085 -0.0035945253395710357 1.0034204277213978 4.35730771348613
469 1.0010177744879194 0.003980481394795881 4.855879324658716 -0.003980481394795881 1.0010177744879194 4.3046716000646725
470 1.0029498261051744 0.004119786714808181 2.2547795294354986 -0.004119786714808181 1.0029498261051744 -0.8128447873667236
471 1.0029933389127255 0.005084467169697851 -1.6317154122387751 -0.005084467169697851 1.0029933389127255 1.017342748222697
472 1.0046414471131744 0.004620227749613993 3.8608621313952622 -0.004620227749613993 1.0046414471131744 -1.7202142178515536
473 1.0036827517366622 0.0026541736046841484 2.6712479635131405 -0.0026541736046841484 1.0036827517366622 0.10417777993538513
474 1.006804563388355 0.008362567487649512 -1.6599641625704826 -0.008362567487649512 1.006804563388355 3.0560405545558877
475 1.0044530860466183 0.003587582063901421 -0.0699017734825509 -0.003587582063901421 1.0044530860466183 -0.06994072389994728
476 1.0064176535288887 0.007382520435049669 -3.0502717964860566 -0.007382520435049669 1.0064176535288887 2.3468431882347254
477 1.0039939909266222 0.005774422691607948 -0.5177544299932834 -0.005774422691607948 1.0039939909266222 2.8070913791783925
478 1.005296836579183 0.00431311357618816 4.190923216772062 -0.00431311357618816 1.005296836579183 1.6774610456168537
479 1.0040947286885857 0.003038741886388747 3.647246650721315 -0.003038741886388747 1.0040947286885857 2.2532074141501135
480 1.0020963330502082 0.004405965193057095 7.558338156009745 -0.004405965193057095 1.0020963330502082 4.192288257416787
481 1.003247193253674 0.0036872517454451287 2.605697230163788 -0.0036872517454451287 1.003247193253674 3.3256020810973594
482 1.004368959281166 0.0023274091168863286 6.236203966276477 -0.0023274091168863286 1.004368959281166 1.884717511513954
483 1.0024701689104492 0.00279320391635881 2.3945277283349493 -0.00279320391635881 1.0024701689104492 3.2191105828120934
484 1.00307566270375 0.0039819620659162416 3.5169303443257354 -0.0039819620659162416 1.00307566270375 4.295315638828588
485 1.0011515074315414 0.002419407363536363 2.692161938069514 -0.002419407363536363 1.0011515074315414 2.6105358164703723
486 1.0014113422839197 0.003628997780145268 3.068184334895758 -0.003628997780145268 1.0014113422839197 3.3370686996962915
487 1.0000877156370684 0.002039026347629318 1.7427440619182768 -0.002039026347629318 1.0000877156370684 1.742441144128897
488 0.9982872356346882 0.002615670992156212 2.837568042805736 -0.002615670992156212 0.9982872356346882 2.601723258196704
489 0.9989294186375484 0.0017996765763331466 0.7473109800029873 -0.0017996765763331466 0.9989294186375484 1.813751971945221
490 0.9974977369609193 0.002037253048039261 0.955960346400239 -0.002037253048039261 0.9974977369609193 1.9951126440644749
491 0.9977537019498218 0.0010231263341072912 0.39206805989421284 -0.0010231263341072912 0.9977537019498218 1.113520945727323
492 0.9961607791416227 0.0004350425812914372 0.23957554384398472 -0.0004350425812914372 0.9961607791416227 0.10376948776511621
493 0.9975427639680838 0.0005531631735787761 -0.8755528501796057 -0.0005531631735787761 0.9975427639680838 0.24574022745137958
494 0.996362689174101 0.0006228312501663127 -1.8481058465306481 -0.0006228312501663127 0.996362689174101 -0.23578320377923703
495 0.9967034846463395 0.0005472533485878105 -0.9811915070548749 -0.0005472533485878105 0.9967034846463395 0.31390612145218866
496 0.9937460962062232 0.0007351628684341227 -1.4446237361866756 -0.0007351628684341227 0.9937460962062232 0.8486447223026898
497 0.9966873646000528 4.802811038977211e-05 -1.544505382191526 -4.802811038977211e-05 0.9966873646000528 -0.4052161704783492
498 0.9957280330395738 -0.0011446801487383848 -3.3751058809667858 0.0011446801487383848 0.9957280330395738 -1.8720610182821604
499 0.9959824541951899 -0.00035702461677659513 -1.8897736879487166 0.00035702461677659513 0.9959824541951899 -0.1935098113585525
500 0.9930893379704125 -0.0014205200925576772 -2.099002257595706 0.0014205200925576772 0.9930893379704125 -1.2798192963720474
501 0.9957331142930957 -0.0010006544800102055 -2.228003506971587 0.0010006544800102055 0.9957331142930957 -1.1466977199952488
502 0.9959441728995126 -0.0016208450315087026 -5.008901329663611 0.0016208450315087026 0.9959441728995126 -2.5620859089412646
503 0.9956633192264409 -0.001593235842521959 -1.550143393141813 0.001593235842521959 0.9956633192264409 -1.8844132176011503
504 0.9950351523410544 -0.003462771574809827 -2.9675111861088928 0.003462771574809827 0.9950351523410544 -4.418838490912308
505 0.9970686706629298 -0.0029934671333469343 -1.580442708135928 0.0029934671333469343 0.9970686706629298 -3.77580816551323
506 0.9919633462652746 -0.005632829647963849 1.7689244339817987 0.005632829647963849 0.9919633462652746 -3.5718323793061373
507 0.9983939843498321 -0.003649433377343021 -1.5045432554863556 0.003649433377343021 0.9983939843498321 -2.4369213720886425
508 0.9923830419227373 -0.004634818213977198 0.23774901642387802 0.004634818213977198 0.9923830419227373 -2.091454280836762
509 0.9963645310311988 -0.0015577039531091206 -0.6202415017022234 0.0015577039531091206 0.9963645310311988 0.5353729346424796
510 0.993366842959661 -0.003183054323805631 2.871337287217064 0.003183054323805631 0.993366842959661 1.246018289083033
511 0.9967459749821527 0.00022463933408981533 0.3599864195653851 -0.00022463933408981533 0.9967459749821527 3.0007775518591684
512 0.9938802813818391 -0.0006396350899500407 4.755617899199843 0.0006396350899500407 0.9938802813818391 0.6484539227445805
513 0.9957239833194763 -0.0017620184120232 5.516615291384566 0.0017620184120232 0.9957239833194763 -0.21734421138191373
514 0.9924273588667433 -0.007745901043906843 12.841970167340364 0.007745901043906843 0.9924273588667433 -1.3212070562523106
515 0.9931118935400661 -0.003901746471377117 8.373018015071427 0.003901746471377117 0.9931118935400661 1.5617275709740288
516 0.9932651605107422 -0.010326931901846522 13.974185047735096 0.010326931901846522 0.9932651605107422 -3.5573714928648883
517 0.994384974357344 -0.00261941226244566 4.638266901561824 0.00261941226244566 0.994384974357344 3.6845362435700038
518 0.9908994415589758 -0.0015749542780300041 8.379483023819242 0.0015749542780300041 0.9908994415589758 9.583198767995965
519 0.9951324014295143 -0.006098900623642591 10.110148628868464 0.006098900623642591 0.9951324014295143 0.4374972100480004
520 0.9881210854929925 -0.0027914647509996384 17.713285491331124 0.0027914647509996384 0.9881210854929925 10.363651356394808
521 0.9943086666224357 -0.005382837312734605 11.602094590675216 0.005382837312734605 0.9943086666224357 0.9933715933941694
522 0.9906104452948908 -0.006371235841697896 17.693785872872613 0.006371235841697896 0.9906104452948908 2.547640604256764
523 0.9945964660945791 -0.004539158809882985 12.65681924561419 0.004539158809882985 0.9945964660945791 0.7642448100259561
524 0.99491961302582 -0.00425226895987977 16.62660923206603 0.00425226895987977 0.99491961302582 2.2573966010831867
525 0.9965075399584531 -0.006797424605107777 11.723637242863047 0.006797424605107777 0.9965075399584531 -4.2005866431334
526 0.9885939188505655 -0.0022311999043182866 19.19458697928739 0.0022311999043182866 0.9885939188505655 5.386635814393229
527 0.9952161378096288 -0.005073283470435069 10.377758074826833 0.005073283470435069 0.9952161378096288 -1.619778178881662
528 0.9930531084302389 -0.003437651201499296 14.820771832501153 0.003437651201499296 0.9930531084302389 2.6491697264334264
529 0.995444410075608 -0.006305228399294878 10.076790401533017 0.006305228399294878 0.995444410075608 -3.372771880907548
530 0.9933614157095447 -0.004404763870652827 9.510124298130775 0.004404763870652827 0.9933614157095447 -0.5737808265193564
531 0.9932151936262117 -0.00645862687436998 10.019111479968101 0.00645862687436998 0.9932151936262117 -2.3065095958624844
532 0.9983648104026819 -0.0022719333566289615 1.4242572988371087 0.0022719333566289615 0.9983648104026819 -0.547521920809908
533 0.9941928922027731 -0.007603564793054213 12.080286433010807 0.007603564793054213 0.9941928922027731 -3.4934165693924872
534 0.990908489227708 -0.009144918800514263 15.446566366787586 0.009144918800514263 0.990908489227708 -3.8695180130758686
535 0.9950213471845032 -0.005792294645566334 10.19128006521037 0.005792294645566334 0.9950213471845032 -3.511615345533152
536 0.9912521307237306 -0.010445605630288011 17.61218367205847 0.010445605630288011 0.9912521307237306 -7.817003732868332
537 0.9988043868287534 -0.004953455757485202 7.245309473482897 0.004953455757485202 0.9988043868287534 -6.6114351274893846
538 0.997129845463185 -0.009190298710962717 11.183646825408609 0.009190298710962717 0.997129845463185 -11.910363482397932
539 0.9979589732424101 -0.005631865444471794 6.5982514205387846 0.005631865444471794 0.9979589732424101 -7.079073127090068
540 0.9914349600139846 -0.006030787687557515 11.938039599415367 0.006030787687557515 0.9914349600139846 -4.47065690662326
541 0.9948347489411914 -0.0024278905522917213 6.816480495927571 0.0024278905522917213 0.9948347489411914 -1.5564160645979577
542 0.9938592511486964 -0.00259933926945237 10.250314760580988 0.00259933926945237 0.9938592511486964 -1.8131679947056767
543 0.9922780574221808 -0.004364624026096073 9.55168771726149 0.004364624026096073 0.9922780574221808 -3.6278658693936974
544 0.9933214399071073 -0.003326046837176226 7.902918901793303 0.003326046837176226 0.9933214399071073 -6.812688162260805
545 0.9944112147462096 -0.003715019554253546 6.114586396027036 0.003715019554253546 0.9944112147462096 -5.600335629598427
546 0.9935053405800236 -0.003604058894979037 6.74464551077087 0.003604058894979037 0.9935053405800236 -6.4171972141689775
547 0.9950873609913748 -0.0036493959075809784 3.6127372125185646 0.0036493959075809784 0.9950873609913748 -5.072598365299576
548 0.9889703457207063 -0.006021188233463842 10.636313399664106 0.006021188233463842 0.9889703457207063 -4.6831399840318015
549 0.9957350673272343 -0.0023706880857592124 3.7537984333120744 0.0023706880857592124 0.9957350673272343 -2.888503520853312
550 0.9885511352071563 -0.004599354366129225 7.562841620296695 0.004599354366129225 0.9885511352071563 -1.6592310161832302
551 0.9946453598443795 -0.003982288078780047 1.4106049563643914 0.003982288078780047 0.9946453598443795 -4.421274230575489
552 0.9915493618919418 -0.004100657823455125 -2.2322900113791806 0.004100657823455125 0.9915493618919418 -4.629046991701657
553 0.9971364754911102 -0.0028720705998450916 -4.122397403578818 0.0028720705998450916 0.9971364754911102 -3.312532275049267
554 0.989693260497612 -0.003387730838793154 1.2732228057862782 0.003387730838793154 0.989693260497612 -0.5583542930343435
555 0.996542682930733 -0.0035536708673210597 0.8944860197912909 0.0035536708673210597 0.996542682930733 -4.038421129826816
556 0.9947296907723515 -0.003591679639967534 0.30106758964348024 0.003591679639967534 0.9947296907723515 -4.461053814060174
557 0.9947335236534354 -0.003850938669381472 3.4468250388988233 0.003850938669381472 0.9947335236534354 -2.486867879556879
558 0.9928045176394753 -0.003341024326204504 3.8417461395888535 0.003341024326204504 0.9928045176394753 -0.2980419498900203
559 0.9975802700974915 -0.0021057436120036515 0.5628887329587361 0.0021057436120036515 0.9975802700974915 -1.3607683569023137
560 0.9982736620420652 -0.0015753173740445763 -2.6909969554521194 0.0015753173740445763 0.9982736620420652 -1.9908488715495734
561 0.9990259479540385 -0.0033411211568628437 -1.0252017118375303 0.0033411211568628437 0.9990259479540385 -3.713679228632104
562 0.9980821758838447 -0.0015015261707773276 -3.2756048408619023 0.0015015261707773276 0.9980821758838447 -0.8316969530574294
563 0.9963849596448039 -0.004779469856572611 1.5312123598129883 0.004779469856572611 0.9963849596448039 -2.769504778132892
564 0.9978760833469491 -0.003850414269026858 -3.6351226881844987 0.003850414269026858 0.9978760833469491 -2.258429090304784
565 0.9994805093087706 -0.0033739496046848944 -2.5541533541816057 0.0033739496046848944 0.9994805093087706 -2.939381198023793
566 0.9987868438731772 -0.003769109852020993 -4.310793798575717 0.003769109852020993 0.9987868438731772 -2.5174183032354827
567 0.9995108624050841 -0.004117742514265416 -2.1631312263937885 0.004117742514265416 0.9995108624050841 -3.1542687140241346
568 0.9938269030648501 -0.00636585580147434 0.5073751712084862 0.00636585580147434 0.9938269030648501 -0.7123088243958486
569 0.9993603005233188 -0.0034489859880273265 -3.298003719847326 0.0034489859880273265 0.9993603005233188 -1.1782937688703408
570 0.9954172464772753 -0.0057391116826167295 -3.5468548852736417 0.0057391116826167295 0.9954172464772753 -0.8872663558656348
571 0.9994474801184412 -0.00430607166552505 -5.183575568068758 0.00430607166552505 0.9994474801184412 -2.9344374911225377
572 0.9994500130494778 -0.009657274457941597 -5.62323036320641 0.009657274457941597 0.9994500130494778 -7.425708428641314
573 1.0011955692835712 -0.0046579222844340155 -5.565164723413299 0.0046579222844340155 1.0011955692835712 -4.528543813015055
574 0.9972718650876631 -0.0043176712081743306 -3.2025499087208003 0.0043176712081743306 0.9972718650876631 -1.4772931431035827
575 1.0009767681669672 -0.0034189045863144752 -4.991841559777674 0.0034189045863144752 1.0009767681669672 -2.7641200204704583
576 0.9983269725080139 -0.0030677895792342357 -5.632274386467445 0.0030677895792342357 0.9983269725080139 0.4020716542607889
577 1.0005702669844434 -0.0032106673772124986 -4.4212940761498905 0.0032106673772124986 1.0005702669844434 -1.521979371928106
578 1.0011486603818627 -0.00424419731085808 -7.443978684626492 0.00424419731085808 1.0011486603818627 -2.2751946044377203
579 0.9999617111719489 -0.003179181899688992 -3.5811807187270603 0.003179181899688992 0.9999617111719489 -2.552911926928546
580 0.996088322899063 -0.0034650194387498196 -2.61324740944353 0.0034650194387498196 0.996088322899063 -0.08958971413501438
581 1.0001269444192942 -0.0028174803226354924 -3.590925357107921 0.0028174803226354924 1.0001269444192942 -1.7564375124580578
582 1.0018018975829022 -0.0035677341546418795 -7.513523086615699 0.0035677341546418795 1.0018018975829022 -1.9404158117923704
583 0.9986880187112687 -0.0020738807722570462 -3.163877070505793 0.0020738807722570462 0.9986880187112687 0.026917759156726007
584 1.000428299817007 -0.003890782617431199 -5.846281539385248 0.003890782617431199 1.000428299817007 -2.6777438803157616
585 0.9995764931490055 -0.002716451336325115 -2.739820701180803 0.002716451336325115 0.9995764931490055 -1.5627778367090892
586 0.997721500433143 -0.005745468494147368 -2.1072500412545825 0.005745468494147368 0.997721500433143 -4.420052420114252
587 0.9996203197584891 -0.0022706780454150016 -2.7764462997950847 0.0022706780454150016 0.9996203197584891 -1.5970194714253372
588 0.9996766826832338 -0.0031580479279099114 -5.7370282798363625 0.0031580479279099114 0.9996766826832338 -0.8368497652933065
589 0.9999267323150698 -0.002478941999709361 -4.570956072421313 0.002478941999709361 0.9999267323150698 -2.7554895198996707
590 0.9998481000093867 -0.0036487048689603763 -6.7085288502059335 0.0036487048689603763 0.9998481000093867 -2.7553207902144923
591 0.9994611337820328 -0.002359930210979983 -3.7931838700657003 0.002359930210979983 0.9994611337820328 -2.544255913230027
592 0.9996949080026063 -0.002847247773149592 -4.598057371652802 0.002847247773149592 0.9996949080026063 -4.943087633035571
593 0.9997341839622355 -0.0017727679652231386 -2.199712768629679 0.0017727679652231386 0.9997341839622355 -1.9740758086406391
594 0.9991704138056008 -0.0020690950239817553 -1.508686859015127 0.0020690950239817553 0.9991704138056008 -1.719825437659649
595 0.9994435445583163 -0.001029018604022538 -0.20638293498379434 0.001029018604022538 0.9994435445583163 -1.061611694553172
596 0.9991271814946868 -0.001355365225106068 1.018153351563855 0.001355365225106068 0.9991271814946868 -0.7112970308752233
597 0.9993717371640612 -0.0007515760901419128 1.4459473071490916 0.0007515760901419128 0.9993717371640612 -0.21160709859743076
598 0.9993385532258522 -0.00039938452693753877 3.4766447981639432 0.00039938452693753877 0.9993385532258522 -0.07189434741858092
599 0.9997576255700371 -0.0001662665328046219 3.3399075017235313 0.0001662665328046219 0.9997576255700371 -0.03287680198426435
600 0.9993234368386495 4.0074362248357765e-05 6.546306222663517 -4.0074362248357765e-05 0.9993234368386495 -0.1758503510189685
601 0.999565592902846 0.00022007861067319546 5.200095162480656 -0.00022007861067319546 0.999565592902846 -0.32760740328706733
602 0.9997347304918852 0.001312925738366936 8.18681609595339 -0.001312925738366936 0.9997347304918852 0.4399902023337745
603 0.9998906742663439 0.0008699782343843516 6.222696961999594 -0.0008699782343843516 0.9998906742663439 0.25879632586316487
604 0.9991851740744585 0.0011029026174564378 12.042468182111133 -0.0011029026174564378 0.9991851740744585 0.7026728140740155
605 1.0001736254393803 0.002543128103476024 6.5772612971520275 -0.002543128103476024 1.0001736254393803 1.8249318259499547
606 0.9991010821145652 0.003040839081304352 12.157217176355125 -0.003040839081304352 0.9991010821145652 2.8332313630002557
607 0.9999902324788941 0.0022663663754578342 7.43534749575875 -0.0022663663754578342 0.9999902324788941 1.8635049070827692
608 1.0014274308376643 0.0014439494049409043 11.98557082006543 -0.0014439494049409043 1.0014274308376643 0.3766266427621304
609 1.0003069327746472 0.0022661667491403453 7.437491036276294 -0.0022661667491403453 1.0003069327746472 2.346341229587633
610 1.0005269922508946 0.0034846239947717537 10.67274511919806 -0.0034846239947717537 1.0005269922508946 3.9773360157807454
611 1.0007722914342445 0.002316034399638833 5.88378697424673 -0.002316034399638833 1.0007722914342445 2.5350746256493872
612 1.0020619213131772 0.0017971647390840149 9.184695973633401 -0.0017971647390840149 1.0020619213131772 0.6238120620220249
613 1.0006376794686775 0.001846383538887316 6.415285356870607 -0.001846383538887316 1.0006376794686775 1.3858494974324493
614 1.0016442052702068 0.0019410773153732863 10.589199445999766 -0.0019410773153732863 1.0016442052702068 0.9681797600014322
615 1.000716419633638 0.002197507103270689 6.4134594618157 -0.002197507103270689 1.000716419633638 1.7303902320373807
616 1.0045208949793458 0.003671040296308705 7.093054631366216 -0.003671040296308705 1.0045208949793458 0.8434289702791221
617 1.001191723074487 0.0026155441045585927 6.844033149563761 -0.0026155441045585927 1.001191723074487 1.9367407671066628
618 1.004527127517163 0.002089090474654668 10.256164844366454 -0.002089090474654668 1.004527127517163 -0.5611632649546241
619 1.0017921958971523 0.0030067450830930237 6.569112959073757 -0.0030067450830930237 1.0017921958971523 2.165974601032536
620 1.0048347320953115 0.0024074436289311368 9.2900744213568 -0.0024074436289311368 1.0048347320953115 0.1019829667494093
621 1.001565116734939 0.003465095250578936 5.885685062703823 -0.003465095250578936 1.001565116734939 3.2660580297706305
622 1.0035262826635765 0.003279014235664615 6.36930752165036 -0.003279014235664615 1.0035262826635765 3.3235426944850417
623 1.0042005186142042 0.003444310982022628 0.4685234966984986 -0.003444310982022628 1.0042005186142042 2.192301872988189
624 1.0061589689026456 0.0024804248434730394 3.3724780675456287 -0.0024804248434730394 1.0061589689026456 -0.38923313178984054
625 1.0019428738276732 0.0033194294737210884 3.9558959594185796 -0.0033194294737210884 1.0019428738276732 3.682714988569461
626 1.0077153056104096 0.003650196408543665 3.4633268848281644 -0.003650196408543665 1.0077153056104096 0.11647771712670629
627 1.0033684232543951 0.0031859857709143485 2.9479027041278236 -0.0031859857709143485 1.0033684232543951 2.196928521101605
628 1.0059002157451806 0.0042673481712247816 3.348204747792737 -0.0042673481712247816 1.0059002157451806 3.540537072011582
629 1.0023991708326359 0.0031396078728469245 2.1390251018352977 -0.0031396078728469245 1.0023991708326359 3.930579849082683
630 1.0045124117239446 0.003117311372418866 1.845785102508498 -0.003117311372418866 1.0045124117239446 3.6470324708457458
631 1.0019644671536487 0.0036782989484720674 -2.1795728648553694 -0.0036782989484720674 1.0019644671536487 4.073642924334297
632 1.0025891327928935 0.0026618724333126067 -3.0358464871045903 -0.0026618724333126067 1.0025891327928935 3.8695720681262005
633 1.0028823388425923 0.0027589897009262427 -4.917747513158036 -0.0027589897009262427 1.0028823388425923 1.9289952954179803
634 1.004937957436019 0.004930398513501247 -10.609084514569236 -0.004930398513501247 1.004937957436019 3.338701943976732
635 1.001531186701877 0.004620018460298358 -7.39737095533416 -0.004620018460298358 1.001531186701877 5.286235776591661
636 0.9963853510117637 0.0031051513611209647 -4.647456008121534 -0.0031051513611209647 0.9963853510117637 5.18265317750519
637 0.9986375254103117 0.004709220125556131 -3.989011714549691 -0.004709220125556131 0.9986375254103117 4.8402011581213245
638 1.0003141895203955 0.007141117723499745 -8.234218594163602 -0.007141117723499745 1.0003141895203955 5.462181970734973
639 0.9984488495613792 0.003260750728875742 -5.373609099080844 -0.003260750728875742 0.9984488495613792 3.0127384216741357
640 1.0001907865560307 0.005341910128548483 -10.39055524994148 -0.005341910128548483 1.0001907865560307 4.200604877852018
641 1.0005858712609512 0.0021058775550017363 -7.907484870167134 -0.0021058775550017363 1.0005858712609512 1.5235214731491187
642 1.0001137382039462 0.004520333442365729 -12.488023163114633 -0.004520333442365729 1.0001137382039462 4.704454783387732
643 0.9980208392435359 0.0029409520957557026 -6.092163177130015 -0.0029409520957557026 0.9980208392435359 3.867293024529774
644 1.0028334729028543 0.006293505380995876 -16.370957267826814 -0.006293505380995876 1.0028334729028543 4.3466286564887415
645 0.9999589842846851 0.002902891489226866 -8.015198387950342 -0.002902891489226866 0.9999589842846851 2.5678965971145638
646 0.9965759578259823 0.0052094402555132755 -7.486669052222174 -0.0052094402555132755 0.9965759578259823 6.736096152506072
647 0.9998210454078138 0.0023880311081025058 -7.867863244937403 -0.0023880311081025058 0.9998210454078138 2.0520700150440594
648 0.9992948673531525 0.004120109576955832 -12.662961460973001 -0.004120109576955832 0.9992948673531525 3.899511150502126
649 1.0001296889503615 0.0016000690774181292 -9.407449117020024 -0.0016000690774181292 1.0001296889503615 1.0934048181722833
650 0.9998323830793627 0.0006742301710466643 -13.688730380703493 -0.0006742301710466643 0.9998323830793627 -0.4060499160846396
651 0.9998983982208309 0.0035965640528919053 -9.393612567394747 -0.0035965640528919053 0.9998983982208309 2.7063876143505636
652 0.998895910165771 0.00451582664787859 -12.396106108641828 -0.00451582664787859 0.998895910165771 3.6384993625379822
653 0.9996866542292835 0.002690779563772942 -8.31508219596322 -0.002690779563772942 0.9996866542292835 1.9413075258164725
654 1.0017208274318512 0.005456801421450393 -12.682009845927473 -0.005456801421450393 1.0017208274318512 1.8410006683696891
655 0.9987123200198742 0.0013446602582356363 -4.818672405476056 -0.0013446602582356363 0.9987123200198742 0.2218045797786516
656 0.9978066207493312 0.00419498182233476 -5.05900314510063 -0.00419498182233476 0.9978066207493312 2.832059582035437
657 1.0000645288404213 0.0030086302388943743 -3.6502466314956226 -0.0030086302388943743 1.0000645288404213 1.2444011264365358
658 1.0000120590171218 0.0030899630378322077 -3.017576296258886 -0.0030899630378322077 1.0000120590171218 0.5446324226780276
659 1.0005279148937627 0.0028027173546707404 -1.5966371922608733 -0.0028027173546707404 1.0005279148937627 0.7616933710258742
660 0.9999905402911696 0.003970496869856587 -0.5906522266696191 -0.003970496869856587 0.9999905402911696 1.4078725085151975
661 0.9995254679644906 0.0029144950086450513 0.3836656882344061 -0.0029144950086450513 0.9995254679644906 1.7869789560394633
662 1.0009194173633513 0.004777399650082149 -1.4562822373587738 -0.004777399650082149 1.0009194173633513 2.5319533820733016
663 0.999802594520634 0.002565009835650175 0.5348311426217954 -0.002565009835650175 0.999802594520634 1.1364013554111603
664 0.9995789916027832 0.005075570881449066 0.8925007636258674 -0.005075570881449066 0.9995789916027832 2.841080817026309
665 0.9989955091045536 0.0022552237453841214 1.0339448515542076 -0.0022552237453841214 0.9989955091045536 0.9778574175350566
666 0.9983751309028397 0.0033766600383645464 -0.06182514837250257 -0.0033766600383645464 0.9983751309028397 1.3523561626557628
667 0.9990649736103866 0.00240841716352587 -1.3632528132937438 -0.00240841716352587 0.9990649736103866 1.0748674728519227
668 0.9988562278018425 0.002267847319307125 0.29590621236796966 -0.002267847319307125 0.9988562278018425 0.5156707171788647
669 0.9987923939783782 0.0010746842469836926 1.2152431604276144 -0.0010746842469836926 0.9987923939783782 0.5690498329534557
670 0.9990113491533547 0.0006861872646508672 -1.6557008155949544 -0.0006861872646508672 0.9990113491533547 -0.37372812034319125
671 0.9991068403355868 0.00047991397632234805 -1.8669805904102927 -0.00047991397632234805 0.9991068403355868 0.21291364161904022
672 0.9988597200655157 0.0007011210053890892 -2.0036777762545914 -0.0007011210053890892 0.9988597200655157 0.31633865384881316
673 0.9991582576874402 0.0002161724223755222 -1.248873596650088 -0.0002161724223755222 0.9991582576874402 -0.35463322578346934
674 0.9989282626957815 4.21063173656395e-05 -2.3973472748117954 -4.21063173656395e-05 0.9989282626957815 -0.3226099803946356
675 0.9996712481121847 0.0001431251041692182 -2.261803819082164 -0.0001431251041692182 0.9996712481121847 -0.8358476866398269
676 0.9989012178134308 0.0003717080046080215 -2.680377593904711 -0.0003717080046080215 0.9989012178134308 -0.3736242179047087
677 0.9986763372094516 0.0001490165974634526 -1.2516493302361122 -0.0001490165974634526 0.9986763372094516 -0.22185936089704153
678 0.9977355475282349 -0.0011564349282731793 -2.157597567682015 0.0011564349282731793 0.9977355475282349 -1.7171660725476645
679 0.9984646998213758 -0.00022759951254129937 -2.251895348225219 0.00022759951254129937 0.9984646998213758 -0.4637094105231938
680 0.9969462759601972 -0.0014048029961330692 -3.3834154191126706 0.0014048029961330692 0.9969462759601972 -1.748023251856964
681 0.9974710538297656 -0.0005466188384153346 -2.7752559191129236 0.0005466188384153346 0.9974710538297656 -0.5342264848759193
682 0.997490757680879 -0.002466576877951593 -5.236859304291917 0.002466576877951593 0.997490757680879 -3.4325706839949426
683 0.997946663729124 -0.0006583151098860651 -3.6604293908066223 0.0006583151098860651 0.997946663729124 -1.3518543949568738
684 0.9967551992605956 -0.0004830507753658009 -5.6058852611971455 0.0004830507753658009 0.9967551992605956 -1.7138314703181885
685 0.9979644068333157 -0.0006823517183137921 -3.74890382432396 0.0006823517183137921 0.9979644068333157 -1.2000425636258292
686 0.9960168590898536 -0.0020671372191479126 -4.637320601415416 0.0020671372191479126 0.9960168590898536 -1.6556689558371882
687 0.9973042150876925 -0.0012539560795615152 -3.295646540776898 0.0012539560795615152 0.9973042150876925 -0.44667571469403833
688 0.9950321478543183 -0.0022734929739651653 -4.336260120769629 0.0022734929739651653 0.9950321478543183 -0.7880202187844461
689 0.9975844097035057 -0.0011402393039487682 -4.0101973788824505 0.0011402393039487682 0.9975844097035057 -0.50396834935913
690 0.9970181864255819 -0.0014452470746920223 -6.40003226093711 0.0014452470746920223 0.9970181864255819 -0.9994276389493094
691 0.9973490072224159 -0.0013075971947718512 -3.4475320288527884 0.0013075971947718512 0.9973490072224159 -1.597267356978894
692 0.9980182769471306 -0.0017145549500067253 -6.031363834574246 0.0017145549500067253 0.9980182769471306 -3.95629311974952
693 0.9996328921443919 -0.0008719366708130236 -4.715507121224354 0.0008719366708130236 0.9996328921443919 -3.570691896312283
694 1.0000223865127529 -0.001981992029424208 -7.4018234401800695 0.001981992029424208 1.0000223865127529 -7.137297773631421
695 1.0001122671581915 -0.0007389602514969337 -5.315779526478845 0.0007389602514969337 1.0001122671581915 -2.8489394977413953
696 1.0000420523178477 -0.0017359903639023394 -6.831543230194141 0.0017359903639023394 1.0000420523178477 -4.0342979305794575
697 0.9997668132463761 -0.001106384385588811 -3.7608814516105182 0.001106384385588811 0.9997668132463761 -3.1224649071703894
698 0.9990825705894872 -0.0016387636907754081 -4.003382756848395 0.0016387636907754081 0.9990825705894872 -4.569344261818029
699 0.9992015904591609 -0.000800948149739742 -1.9075795807510456 0.000800948149739742 0.9992015904591609 -2.268337459345522
700 0.9992963199556649 -0.0013911232354179512 -2.62906714790218 0.0013911232354179512 0.9992963199556649 -4.676451352637096
701 0.9997855946824935 -0.0004534658555232496 -1.5801212019216377 0.0004534658555232496 0.9997855946824935 -3.548641850331583
702 1.0010341355678343 -0.0004469680945853962 -4.22256756423756 0.0004469680945853962 1.0010341355678343 -7.718716715716816
