0 1.0 0.0 0.0 0.0 1.0 0.0
1 1.011331645966918 -0.00378602562032024 5.425446882011994 0.00378602562032024 1.011331645966918 -9.218249877154626
2 1.0056716975339504 -0.004448580078402236 8.471323915492068 0.004448580078402236 1.0056716975339504 -8.269821515507637
3 1.0027083212632457 -7.928649589684441e-05 6.838197961291592 7.928649589684441e-05 1.0027083212632457 -1.2107679408711907
4 1.0009739806793465 2.9166594174642896e-05 8.011887995091511 -2.9166594174642896e-05 1.0009739806793465 0.41303705300717525
5 1.0006577808726922 0.0024390048507734294 5.237605644818048 -0.0024390048507734294 1.0006577808726922 2.832254416863059
6 1.0013916486755685 0.0029226791376667028 4.133095188601247 -0.0029226791376667028 1.0013916486755685 2.5366606733023893
7 1.0000149888645546 0.003524326059488428 6.188828164380016 -0.003524326059488428 1.0000149888645546 4.191350714546347
8 0.9882071543617645 -0.0060237835060518935 20.76825920252318 0.0060237835060518935 0.9882071543617645 5.011909222156167
9 0.999100105452829 0.0005806071884823499 8.215351328529506 -0.0005806071884823499 0.999100105452829 1.8871518022431224
10 0.9985042908022087 -0.0005891882144493501 8.406637767089933 0.0005891882144493501 0.9985042908022087 -0.6411522832694234
11 1.0111157529536399 0.0013053958352613542 -1.5200910002005559 -0.0013053958352613542 1.0111157529536399 -12.71739898856006
12 1.0124885909814871 0.00880280057292198 -6.986023126945672 -0.00880280057292198 1.0124885909814871 -8.862457029052218
13 1.0009338814870798 -0.000740762002709794 2.5640109701297207 0.000740762002709794 1.0009338814870798 -1.5417339146830786
14 1.0148588650352945 -0.0005776275751701563 -7.3824202236598415 0.0005776275751701563 1.0148588650352945 -16.426130022917334
15 1.0102448441852612 -0.0008688192129543899 -3.192258782696139 0.0008688192129543899 1.0102448441852612 -13.095765717069908
16 1.0158788498172602 -0.0038131823316196207 -7.8884821329395916 0.0038131823316196207 1.0158788498172602 -17.455319468500136
17 1.0132994741940045 0.0002427007119386879 -8.696967736694896 -0.0002427007119386879 1.0132994741940045 -7.868349974469936
18 1.0008157116330865 0.0003097708283783824 -1.4609232565394439 -0.0003097708283783824 1.0008157116330865 0.24226098547300703
19 0.9993410427981668 0.00338448836185729 0.4808829541546163 -0.00338448836185729 0.9993410427981668 6.498921072223249
20 0.9998960431789673 0.0003027143476473566 0.1370299250661886 -0.0003027143476473566 0.9998960431789673 1.2366100415422148
21 0.9948629792246189 0.008756125408944956 -0.34595245444486744 -0.008756125408944956 0.9948629792246189 19.640540121520573
22 0.9962061519965357 0.004534366850680383 0.9774883077251557 -0.004534366850680383 0.9962061519965357 13.090950717590449
23 0.9992680420020242 0.0011739659624400082 -1.1826457833843869 -0.0011739659624400082 0.9992680420020242 1.6090315798303991
24 1.0021855325062117 0.0032665450918918505 -4.524317346146742 -0.0032665450918918505 1.0021855325062117 0.10421858327249223
25 1.008932649973933 0.0025806602174650436 -10.605288071686772 -0.0025806602174650436 1.008932649973933 -5.726840218385552
26 0.9998176957808126 0.0005772390609625984 -1.5238008256339768 -0.0005772390609625984 0.9998176957808126 0.27323441562660544
27 1.0011099120224856 0.0016496246882172264 -3.149047372417494 -0.0016496246882172264 1.0011099120224856 0.28850135793503373
28 0.9987969765852347 -0.0020756398176753313 -1.067510765546743 0.0020756398176753313 0.9987969765852347 -2.716408554394224
29 1.0013951440882074 -0.0009890627925624583 -1.451366269264339 0.0009890627925624583 1.0013951440882074 -2.349790640853315
30 1.009694943746456 -0.001203194938504834 -9.377519274242378 0.001203194938504834 1.009694943746456 -8.396069894315573
31 1.0016618796489012 -7.0481483326069515e-06 -1.40285380297837 7.0481483326069515e-06 1.0016618796489012 -1.0546929125216122
32 1.008520680962942 0.0033524997703635075 -12.10735191775305 -0.0033524997703635075 1.008520680962942 -1.8160788443350082
33 1.0012761539566521 -0.00022968212464051486 -1.778606305202405 0.00022968212464051486 1.0012761539566521 -1.976571648398838
34 1.0053219790620909 1.4611789851035604e-05 -5.813333077368268 -1.4611789851035604e-05 1.0053219790620909 -4.101915758132816
35 1.0054098544360515 -0.0012523987724241572 -5.922400273574666 0.0012523987724241572 1.0054098544360515 -5.023808942394007
36 1.0026100366948072 -0.0014996552585747514 -2.3589709531241176 0.0014996552585747514 1.0026100366948072 -3.153174878281208
37 1.0006797286597577 -0.001646372600037532 -0.44843476296112733 0.001646372600037532 1.0006797286597577 -1.6549043840161881
38 0.9984531122286254 -0.0008268123466507586 -1.4652388034744588 0.0008268123466507586 0.9984531122286254 -1.2205790097571088
39 0.9985312718453343 0.0008408679677783657 -1.1776593567112772 -0.0008408679677783657 0.9985312718453343 -1.0452310172729617
40 0.9981292593865269 0.003910470903589575 -3.4528534956557673 -0.003910470903589575 0.9981292593865269 -0.3083907255175
41 0.9990699304889736 0.0052228026410167695 -6.1466557016247885 -0.0052228026410167695 0.9990699304889736 0.27510630138916126
42 1.0009099075969516 -0.0019134253107326521 -1.4924477939557856 0.0019134253107326521 1.0009099075969516 -6.411790205858443
43 0.9972490376385745 -0.0017772537702815624 0.5572393733440668 0.0017772537702815624 0.9972490376385745 -3.160726346530493
44 0.9986875456090387 -0.00032688171272700394 0.059235653458255315 0.00032688171272700394 0.9986875456090387 0.351270738896714
45 0.9981618983823963 0.0009274331821714438 -0.02676846441991446 -0.0009274331821714438 0.9981618983823963 3.0990094436018456
46 0.9990586915555972 -0.0012284016229304068 1.3719699879889937 0.0012284016229304068 0.9990586915555972 -0.8034510953161528
47 0.9991233406032668 -0.00166180316568702 1.398649801276206 0.00166180316568702 0.9991233406032668 -0.7818350835363362
48 0.9982549723121342 -0.001306417184341187 1.3680300610534022 0.001306417184341187 0.9982549723121342 0.6647819884606926
49 0.9997671127433321 -0.00866719187796895 6.124081749421755 0.00866719187796895 0.9997671127433321 -8.917454733015198
50 0.9967999249221423 -0.007252777079519202 8.45956176558922 0.007252777079519202 0.9967999249221423 -5.533022881727854
51 0.998679053531057 -0.0003740993461313914 0.9365571684054348 0.0003740993461313914 0.998679053531057 -0.10123607482727616
52 0.9960289835353848 -0.0028372646195895376 6.363722343128148 0.0028372646195895376 0.9960289835353848 -1.7622689315101498
53 0.9959372485472147 0.0026947568479913095 2.980832327608921 -0.0026947568479913095 0.9959372485472147 7.346810573540667
54 0.9991250796310092 0.0024350001572282956 -0.8410146811700037 -0.0024350001572282956 0.9991250796310092 6.299888766387403
55 0.9914178528836166 0.015410724566609428 -2.8452823921942216 -0.015410724566609428 0.9914178528836166 28.259293171019046
56 1.000614887582134 0.0002850941362010204 -0.9966841823202914 -0.0002850941362010204 1.000614887582134 0.8119803298283049
57 0.9998968994187215 0.00025536776602887737 0.6804620976088979 -0.00025536776602887737 0.9998968994187215 0.5322898249029054
58 0.999579105302141 0.00048699710244603915 0.208413000841918 -0.00048699710244603915 0.999579105302141 0.9009448113791177
59 0.9998739992202673 0.0004781828593552374 -0.2721440023683219 -0.0004781828593552374 0.9998739992202673 0.5956025875885926
60 0.9894386803183384 -0.003984235983289114 24.44454351647027 0.003984235983289114 0.9894386803183384 1.7282055055589085
61 1.0092275146215388 0.0035969594730881423 -3.258655683294561 -0.0035969594730881423 1.0092275146215388 -7.717465480312462
62 1.008428940908127 -0.0001818390646470316 0.7917899512857 0.0001818390646470316 1.008428940908127 -9.029482087326983
63 0.9977789437849646 0.0009949544481133304 -1.36029426803232 -0.0009949544481133304 0.9977789437849646 2.871510833633388
64 1.0209288158176575 -0.0078340482399882 -10.18432429885429 0.0078340482399882 1.0209288158176575 -24.06256081456989
65 0.9911916928427761 -0.008882366972029035 31.253249603820564 0.008882366972029035 0.9911916928427761 -9.456066279480877
66 1.012031690809969 0.0001922947510820306 -1.4364191731071903 -0.0001922947510820306 1.012031690809969 -12.538117607976403
67 1.027869807057467 -0.012636535744698961 -19.369484093312572 0.012636535744698961 1.027869807057467 -39.96921929802183
68 1.0549780920206255 0.04233674883488567 -81.4308061042152 -0.04233674883488567 1.0549780920206255 8.966532598417299
69 0.972734014773516 0.04386301190220732 22.150040608721913 -0.04386301190220732 0.972734014773516 65.07484891905801
70 0.9906037058148919 0.030437684535516176 9.720611775426532 -0.030437684535516176 0.9906037058148919 42.44119929345989
71 0.9862779829667767 0.006155615501369603 26.19407728160882 -0.006155615501369603 0.9862779829667767 11.382339791140943
72 1.0043073135613394 -0.001911160317669919 2.4824782176150144 0.001911160317669919 1.0043073135613394 -6.274625070345873
73 0.9906919353690967 0.0017219655562564617 23.21279799018376 -0.0017219655562564617 0.9906919353690967 5.316037874592427
74 0.9851390572305128 -0.0014369188054009694 42.981939832905034 0.0014369188054009694 0.9851390572305128 5.780857253883209
75 0.9901509648379209 -0.002718966080379412 23.4155245283687 0.002718966080379412 0.9901509648379209 3.02631096306903
76 0.9859496944398042 0.0032407473919992694 22.39240281701907 -0.0032407473919992694 0.9859496944398042 9.200476974229009
77 1.0069684263825172 -0.002025341929784323 -13.330330880912076 0.002025341929784323 1.0069684263825172 -10.994485678928406
78 0.9802546167199575 0.015413971177926486 16.914575132502044 -0.015413971177926486 0.9802546167199575 26.18656190777434
79 0.9796956832165302 -0.00387332202451597 4.506629952511977 0.00387332202451597 0.9796956832165302 20.786663807544926
80 0.96224464422636 -0.006952938616959224 46.48976862583448 0.006952938616959224 0.96224464422636 19.001283948713123
81 0.9687466606590607 -0.0036616948651656263 36.0417361997826 0.0036616948651656263 0.9687466606590607 20.81507472399453
82 0.9756747406156053 -0.011271637416838252 30.719750788409705 0.011271637416838252 0.9756747406156053 6.6881100075872775
83 0.9862262390531538 -0.0018856168252937577 14.610053989628563 0.0018856168252937577 0.9862262390531538 8.420486233173019
84 0.9977548186911238 0.028789988650114805 -15.295867937425868 -0.028789988650114805 0.9977548186911238 30.021556123879517
85 0.9960441512542462 0.020921429469084887 -11.104513847201197 -0.020921429469084887 0.9960441512542462 24.365013883013958
86 1.010185927538593 0.00222765030776942 -28.793379426750615 -0.00222765030776942 1.010185927538593 -5.449422857467707
87 0.9876505549519373 0.002019895729042433 6.554468288161974 -0.002019895729042433 0.9876505549519373 8.329866829316511
88 0.979834931271861 -0.000623268930063455 15.353702862027033 0.000623268930063455 0.979834931271861 11.798248534243026
89 0.9259367911588743 -0.02470455236819809 72.11538920660323 0.02470455236819809 0.9259367911588743 21.446274937694522
90 0.9633417969140504 -0.02146340790029372 37.06391115180133 0.02146340790029372 0.9633417969140504 4.443824471223261
91 0.986217448760881 -0.0032852405920499733 3.843614701671202 0.0032852405920499733 0.986217448760881 12.569774123399144
92 0.9889146727233341 -0.007092678495070451 1.4316451035228277 0.007092678495070451 0.9889146727233341 10.591988432748348
93 0.9795065459724632 -0.02315593422208474 17.636992284193923 0.02315593422208474 0.9795065459724632 -1.4839079979160688
94 0.997110617790288 -0.009907118804187149 -26.71491044489802 0.009907118804187149 0.997110617790288 -7.812583471589417
95 0.9965832006331478 -0.003714626389827627 -10.300033484352271 0.003714626389827627 0.9965832006331478 -3.0778617279066927
96 0.9952307150037258 -0.005697408327744713 -7.682679762171549 0.005697408327744713 0.9952307150037258 -19.21421788927324
97 1.0057493330495408 0.0060084963763119 -22.70150981540865 -0.0060084963763119 1.0057493330495408 -17.207407053817374
98 0.990916909303251 -0.01338190528838635 5.447460100913677 0.01338190528838635 0.990916909303251 -16.9054693502696
99 0.9969487615043438 -0.006663014288886941 -7.822158998752117 0.006663014288886941 0.9969487615043438 -6.858723648480751
100 0.9949696600022224 0.003973550239315997 -7.532789142167081 -0.003973550239315997 0.9949696600022224 5.804092655048495
101 0.9955682451589231 0.0016978955238265976 -4.202389971308736 -0.0016978955238265976 0.9955682451589231 5.836692733969971
102 1.0004317189009009 0.006100999874265783 -10.184650717496442 -0.006100999874265783 1.0004317189009009 11.357670670231622
103 0.9969059887974531 -0.0009932416743615939 0.2010839269784913 0.0009932416743615939 0.9969059887974531 3.439215021068742
104 0.998422191644321 -0.0012606523535573489 -1.4229011088649623 0.0012606523535573489 0.998422191644321 0.24942935644344577
105 1.0011322943504477 -0.0009010329285757724 -3.312066866137341 0.0009010329285757724 1.0011322943504477 -1.0592361168110624
106 1.0003107121784955 -0.002776270138394887 -0.7798318566692383 0.002776270138394887 1.0003107121784955 -1.847317835509665
107 0.9997930159562846 -0.0006902395344721696 -0.8763878004540208 0.0006902395344721696 0.9997930159562846 -0.48749451322865356
108 0.9992198069478565 -0.0004889326096510624 -0.04875831722748286 0.0004889326096510624 0.9992198069478565 -0.04032672799970172
109 0.9991489055051381 0.00020021383863928505 -0.26776235929557457 -0.00020021383863928505 0.9991489055051381 0.4392724256963443
110 0.9993972073217526 0.00019456648447063437 0.27819323478576724 -0.00019456648447063437 0.9993972073217526 -0.8907452240668738
111 1.0003654940548046 -0.004437234278024542 1.2377599445234124 0.004437234278024542 1.0003654940548046 -6.844146230920734
112 0.9996526628923184 -0.0003906077868078362 -0.6329416205857314 0.0003906077868078362 0.9996526628923184 -1.2906335954487893
113 1.0009224468106632 -0.00049158663517972 -1.950250203312506 0.00049158663517972 1.0009224468106632 -1.7426675807570593
114 1.0018802440899917 0.00305247784473886 -8.360265710999316 -0.00305247784473886 1.0018802440899917 3.11792986348154
115 0.9962126102541728 -0.0010268653325901846 2.239307014308504 0.0010268653325901846 0.9962126102541728 3.348791572362482
116 0.9988336832646371 -0.0022437666979839123 0.5952210294446062 0.0022437666979839123 0.9988336832646371 0.8414984223450694
117 1.0076319150419482 0.0032741322444660836 -15.223236269505671 -0.0032741322444660836 1.0076319150419482 8.993832161587584
118 1.0190930546106214 -0.004494275582415417 -26.59433105808338 0.004494275582415417 1.0190930546106214 -6.162578996462624
119 0.9996713535845533 -0.0004127484756468782 -1.1684583001140907 0.0004127484756468782 0.9996713535845533 -0.14154853134265966
120 0.9958867954746622 -0.0026227702815967043 1.8073387888060577 0.0026227702815967043 0.9958867954746622 0.7049557306382769
121 0.9930032170782829 -0.0020493082860461183 3.5031113224779555 0.0020493082860461183 0.9930032170782829 1.3224384212107136
122 1.0005566317829229 -0.0005320702992606456 -2.148743428246869 0.0005320702992606456 1.0005566317829229 -1.386831488669381
123 1.0003734689477513 -0.0006785433807109516 -0.9914022739281577 0.0006785433807109516 1.0003734689477513 -0.17731923658063575
124 1.0002335381096432 0.0002051968133234472 -1.2909469946387748 -0.0002051968133234472 1.0002335381096432 -0.5206105909307099
125 0.999809652058912 0.0003941040096974003 -0.481031502166195 -0.0003941040096974003 0.999809652058912 0.22086012482687753
126 0.9999581218427726 -0.0007967815120304136 0.07613404289953318 0.0007967815120304136 0.9999581218427726 -1.4265581676284667
127 1.0002840862369613 -0.0010226240056811495 -0.1621037720636202 0.0010226240056811495 1.0002840862369613 -1.3002464892383316
128 1.0003284788702516 -0.00033991135326473076 -0.8940306606462516 0.00033991135326473076 1.0003284788702516 -0.8292144453560436
129 0.9994826516454393 -0.0002839764416211615 -0.34168700237981586 0.0002839764416211615 0.9994826516454393 -0.45079397209671523
130 0.9999201416804044 0.00020099228854688584 -1.5791921903628017 -0.00020099228854688584 0.9999201416804044 -0.2558841765189908
131 1.0004584643722645 0.00013358339790017423 -2.0571100496073034 -0.00013358339790017423 1.0004584643722645 -0.923199604011423
132 0.9994288398109168 0.003025639273145018 -3.328271107010304 -0.003025639273145018 0.9994288398109168 1.3290766002447112
133 1.0003351138260885 0.0007296178600740422 -2.188805980279626 -0.0007296178600740422 1.0003351138260885 -0.7543318077559871
134 1.0051280381215935 -7.686559635824404e-05 -6.105421772958357 7.686559635824404e-05 1.0051280381215935 -6.139631246391533
135 1.006769072619159 0.006399644723515783 -14.021250642845319 -0.006399644723515783 1.006769072619159 3.6530996318552296
136 1.0006892262678877 0.00012435262944062933 -0.37499211474934496 -0.00012435262944062933 1.0006892262678877 -0.03548531698603667
137 1.0011812966229912 0.0003902473226137846 -2.6108729900793604 -0.0003902473226137846 1.0011812966229912 -0.5438144327994698
138 1.0004982702039162 0.00010626517916451149 -0.857848421321362 -0.00010626517916451149 1.0004982702039162 -1.3049820454275138
139 1.000793927625753 -0.00043415625221920645 -0.008474279811691965 0.00043415625221920645 1.000793927625753 -1.7920602614093917
140 1.0011878443467248 -0.0004069259287706665 -1.5581302421737757 0.0004069259287706665 1.0011878443467248 0.030051234531746508
141 1.0035078336677283 -0.0018480142162294409 -2.5857412388005834 0.0018480142162294409 1.0035078336677283 -1.1037072253630718
142 0.9998481832581997 -6.660735657697927e-05 1.1842803990537556 6.660735657697927e-05 0.9998481832581997 1.5588351229733424
143 1.0002056326891398 0.00033824018092550815 0.2541248542410423 -0.00033824018092550815 1.0002056326891398 0.17186019198168667
144 1.0005810068977836 0.00025763243164949776 -0.0850369075501407 -0.00025763243164949776 1.0005810068977836 0.05068193471392854
145 1.000185628623493 0.00043793426600137567 0.05330955476135533 -0.00043793426600137567 1.000185628623493 1.3523893723045912
146 1.0001482007338593 0.00044045696879879605 0.06039012185411313 -0.00044045696879879605 1.0001482007338593 0.8885887514439572
147 1.0008863243782238 0.0007738592850087694 -0.3669467769092087 -0.0007738592850087694 1.0008863243782238 0.2929279956261402
148 1.001731910984895 0.00013103724431123625 -0.6120029002404321 -0.00013103724431123625 1.001731910984895 -1.4531863079024445
149 1.0040513278814396 -0.00023713449553984918 -0.3453523449915417 0.00023713449553984918 1.0040513278814396 -3.8429221885033957
150 1.0021206475070485 -0.0010874904875168147 0.5161180929857319 0.0010874904875168147 1.0021206475070485 -2.957286610318702
151 1.0024391457567026 -0.0006208453733108094 0.22464413572034148 0.0006208453733108094 1.0024391457567026 -2.448919031062135
152 1.0014300485015488 6.43910251886448e-05 0.22168335133254446 -6.43910251886448e-05 1.0014300485015488 -1.1067001669300158
153 1.0009340122632935 0.0003531659816050487 0.34434534324409566 -0.0003531659816050487 1.0009340122632935 -0.31860066702126205
154 1.0018223684955256 0.00014164508477754103 1.0219758227767508 -0.00014164508477754103 1.0018223684955256 -1.6435177699972086
155 1.0008532094991347 2.5763688967125894e-05 0.4569704157360172 -2.5763688967125894e-05 1.0008532094991347 -0.7913863104715287
156 1.0006998461648093 -0.0001744679276847106 0.8518232054243161 0.0001744679276847106 1.0006998461648093 -1.132437711123741
157 1.0006767372703553 -2.559056847861816e-05 0.4938496148186462 2.559056847861816e-05 1.0006767372703553 -1.1768040293591844
158 1.0004080591423008 -0.00013093540659509764 0.8846317068031004 0.00013093540659509764 1.0004080591423008 -0.8550909388225955
159 1.0005526791360146 -0.0003598835557423159 2.174183744372344 0.0003598835557423159 1.0005526791360146 -0.7033611849328933
160 1.000604492300276 -4.756905711539487e-05 1.0257875590718983 4.756905711539487e-05 1.000604492300276 -0.6901862009679144
161 1.0004602597993713 1.4819484371062268e-05 1.190525805806834 -1.4819484371062268e-05 1.0004602597993713 -0.740872222247256
162 1.0002689351116183 -0.00014393959939110757 1.285810489823457 0.00014393959939110757 1.0002689351116183 -0.27334921771147364
163 1.0001387586955295 0.0003737058026441007 0.6852570017735444 -0.0003737058026441007 1.0001387586955295 0.9360217895856197
164 1.000709322016977 -0.00014269083287063824 0.7158563709404769 0.00014269083287063824 1.000709322016977 -1.6000903961901154
165 0.9999819136287916 -0.00014366623469839503 1.454553808697447 0.00014366623469839503 0.9999819136287916 0.07317559493123582
166 1.0000471298042697 0.00017234586398953678 0.7065384818617569 -0.00017234586398953678 1.0000471298042697 -0.6765929792513423
167 1.000241059804834 0.0007545682571915586 -0.5895810966123047 -0.0007545682571915586 1.000241059804834 -0.5367634289140197
168 1.000277461319694 0.0007412181887690242 -1.8515928617639046 -0.0007412181887690242 1.000277461319694 -0.6437863053225334
169 1.0004703989703996 0.0015081434941617512 -5.120236755193254 -0.0015081434941617512 1.0004703989703996 -0.02914781665557646
170 1.0017650623436456 0.00023275729194253286 -4.777014376953567 -0.00023275729194253286 1.0017650623436456 -0.5580578534351457
171 1.0030472049255659 0.0009688212933643471 -5.673398725370974 -0.0009688212933643471 1.0030472049255659 -0.9327866957875198
172 1.0058968251055151 0.007773234669730686 -13.244237861158158 -0.007773234669730686 1.0058968251055151 5.3196424732268985
173 1.0003668419265606 0.0001936597300134227 -1.535640347578671 -0.0001936597300134227 1.0003668419265606 -0.15134069883382748
174 1.0004038688083818 -3.731942456759012e-05 -3.067539991681642 3.731942456759012e-05 1.0004038688083818 -0.15332422093949735
175 1.0015307690746817 -0.00037654217699476325 -1.8850620186967355 0.00037654217699476325 1.0015307690746817 -0.47534725480727796
176 1.0023123899202544 0.0020122147213674094 -4.383224256282851 -0.0020122147213674094 1.0023123899202544 1.7915364579267563
177 1.0007165929784205 7.552447891153499e-05 0.3316153715763946 -7.552447891153499e-05 1.0007165929784205 0.4318570061146807
178 1.0011060985669273 -0.0003214671026374077 -0.7367005948925403 0.0003214671026374077 1.0011060985669273 -2.8341158546059773
179 1.013428913257827 -0.015978738773194428 -6.212486460577181 0.015978738773194428 1.013428913257827 -39.47092574047806
180 0.9997813510086895 0.001739210714640262 -1.5232653706781445 -0.001739210714640262 0.9997813510086895 0.03603886586895122
181 0.9990932084995183 0.0004345474322394899 0.01584448708547881 -0.0004345474322394899 0.9990932084995183 1.254953937881641
182 0.9962226496334693 -0.0044034680683728055 4.776706001880663 0.0044034680683728055 0.9962226496334693 1.578063035691504
183 1.000088532542295 0.0009637169975574155 -0.49153567428732825 -0.0009637169975574155 1.000088532542295 1.933853583399133
184 1.000177272871903 -0.0002213511678481309 0.2581768170537891 0.0002213511678481309 1.000177272871903 0.04932796012297032
185 1.0007953701461607 0.00048109687957434384 -1.0697208698868612 -0.00048109687957434384 1.0007953701461607 -0.0682201054992166
186 1.0002699988079788 -0.0004889894382699093 0.004731518711248217 0.0004889894382699093 1.0002699988079788 0.5331905805405106
187 1.0000995298960909 -0.0007598593554910858 -0.16006665212235038 0.0007598593554910858 1.0000995298960909 0.5536892409797659
188 1.000165820881826 -0.0006639040429948849 -0.08735122256257039 0.0006639040429948849 1.000165820881826 -0.6032841987747877
189 0.9998844912600864 -0.00010916848496149384 -0.5745540820046016 0.00010916848496149384 0.9998844912600864 -0.8632193677522971
190 1.0026699176073153 0.003104646534287051 -4.298589571583242 -0.003104646534287051 1.0026699176073153 -1.719793560543942
191 1.0030267413668013 0.004629589858695852 -5.206892793934221 -0.004629589858695852 1.0030267413668013 -1.4452707111539453
192 1.0017050738356783 -0.0023762646388731192 -0.5740691036350363 0.0023762646388731192 1.0017050738356783 -7.176425823296109
193 1.002665128750016 0.003786940571004066 -5.481575561393816 -0.003786940571004066 1.002665128750016 -2.883935582155496
194 1.0003031338155486 -0.0006063264464509665 -0.6965020299646528 0.0006063264464509665 1.0003031338155486 -0.4625878635176335
195 1.0028988737541946 -0.0013320445922066634 -2.9468477765397663 0.0013320445922066634 1.0028988737541946 -3.6288263329965744
196 1.0004942031782038 0.0026706482946432363 -3.7584846650601964 -0.0026706482946432363 1.0004942031782038 5.103097820132183
197 1.005322508113119 1.6854768871166223e-05 -4.942441791417704 -1.6854768871166223e-05 1.005322508113119 -0.4559768572415098
198 1.0018821525482204 -0.00019707077770994262 -2.454156126716632 0.00019707077770994262 1.0018821525482204 -1.8277940325156958
199 1.0003787755850018 1.3932569611645315e-05 -2.752317462430074 -1.3932569611645315e-05 1.0003787755850018 0.8618206191340039
200 1.0002343712112136 -1.8661917881915456e-05 -1.2864158670579589 1.8661917881915456e-05 1.0002343712112136 0.06925561121736416
201 1.0003876038232948 -0.0009409620855795678 -0.6183086752426676 0.0009409620855795678 1.0003876038232948 -1.846027503742187
202 0.9999722406625576 0.0002543322387006671 -1.354500981899437 -0.0002543322387006671 0.9999722406625576 0.1972224935571357
203 1.0061624255016872 -0.0010082732776570157 -11.978810119232373 0.0010082732776570157 1.0061624255016872 -8.748848592167025
204 0.9784366510875334 -0.008807746494895677 23.594788760684374 0.008807746494895677 0.9784366510875334 -6.379538429423917
205 0.9987956728159887 -0.001783232665946087 0.5225217143174192 0.001783232665946087 0.9987956728159887 -1.3476936262834698
206 0.9994843638574742 -0.006367455268272248 2.07585904785092 0.006367455268272248 0.9994843638574742 -5.511242621797772
207 1.0002834905876763 -0.0012980989902566255 -0.29000044881051096 0.0012980989902566255 1.0002834905876763 -0.6712171958288305
208 0.9999158830185843 8.247341483102934e-05 -1.4491529173955142 -8.247341483102934e-05 0.9999158830185843 2.086473044812155
209 0.9987665618120082 -0.001109292250880238 -0.5023832251762084 0.001109292250880238 0.9987665618120082 0.08628228092622736
210 1.0008971625048237 7.233684078256542e-05 -2.441045197075306 -7.233684078256542e-05 1.0008971625048237 -1.7282549154836049
211 1.0007357620040431 0.0010733992652278324 -2.484736508050664 -0.0010733992652278324 1.0007357620040431 0.059874955323577846
212 1.006901014427437 0.0011320564955050534 -10.553395284324475 -0.0011320564955050534 1.006901014427437 -6.250561352670856
213 1.0022444738901923 0.001243072875234589 -3.7862236711134933 -0.001243072875234589 1.0022444738901923 -2.6022438667608947
214 1.001291565992976 0.0011132796983581285 -3.487051876212812 -0.0011132796983581285 1.001291565992976 -0.6847908347221213
215 1.0033688465545727 0.0003169743291342643 -6.064210454691883 -0.0003169743291342643 1.0033688465545727 -1.966318149814228
216 1.0013894628154139 -8.234478512959073e-05 -3.284159654718818 8.234478512959073e-05 1.0013894628154139 -0.7087264558856505
217 1.001128340154654 0.00023934764315162803 -3.0082965359104574 -0.00023934764315162803 1.001128340154654 0.6791516207905801
218 1.0022708572371173 0.003337546502013276 -5.5858451964302525 -0.003337546502013276 1.0022708572371173 3.178242923888294
219 1.0000841641779805 -0.000830916091341852 -1.2685523894131359 0.000830916091341852 1.0000841641779805 0.015131985018417726
220 0.9993012465952638 -0.0006073922796662112 0.7195236942369987 0.0006073922796662112 0.9993012465952638 1.9446836955936204
221 1.0001927331349978 -0.00027602314124053166 -0.8651092745669545 0.00027602314124053166 1.0001927331349978 -0.056598050392733495
222 1.0001925709463098 0.0004604813854555913 -1.5655071907250109 -0.0004604813854555913 1.0001925709463098 0.09809104730621743
223 1.0002638561203219 -5.6999873248870886e-05 -1.5477845181105672 5.6999873248870886e-05 1.0002638561203219 0.7473903887070342
224 1.000272797614044 0.0006128212353274639 -2.3443373212663383 -0.0006128212353274639 1.000272797614044 -0.11300748783558467
225 0.9994582947229519 0.00044330381406617117 -0.20862579595702246 -0.00044330381406617117 0.9994582947229519 -1.2857604885066836
226 0.999655197410078 0.0006049463743606728 -0.3797752290822505 -0.0006049463743606728 0.999655197410078 -0.790317821422976
227 1.0002003919485045 0.000755241025317556 -1.32414443510654 -0.000755241025317556 1.0002003919485045 -0.016314558125439582
228 1.0006466456425975 0.0007491437752765601 -1.8126796104895344 -0.0007491437752765601 1.0006466456425975 0.13510425406112161
229 1.0013905132657797 0.0009558979356549475 -3.29831675568861 -0.0009558979356549475 1.0013905132657797 -0.36536958074625214
230 1.0003170226692095 8.117628047462555e-05 -1.4377513332737564 -8.117628047462555e-05 1.0003170226692095 -0.07048431051113105
231 1.0002815100940539 -1.628868588412677e-05 -1.1353709501367555 1.628868588412677e-05 1.0002815100940539 -0.00387363485276789
232 1.0003228060458473 2.2851571632347975e-05 -0.7121245386228935 -2.2851571632347975e-05 1.0003228060458473 -0.5382464339874795
233 1.0000834947045083 -0.000154423945015232 -0.346521661484541 0.000154423945015232 1.0000834947045083 -0.6494836925428276
234 1.000116096431962 -0.0005803763003902853 -0.6380375515204532 0.0005803763003902853 1.000116096431962 -0.9498041545042496
235 1.0000817018519539 -8.085302599092846e-05 -0.15156659032404768 8.085302599092846e-05 1.0000817018519539 -0.5248635635583975
236 1.0000297571726542 -2.8932715926857687e-05 0.06981509032641231 2.8932715926857687e-05 1.0000297571726542 -0.006760607532545482
237 1.0000299045128582 6.080235751222629e-06 -0.29240758934787003 -6.080235751222629e-06 1.0000299045128582 0.12310016080619562
238 1.000031726732678 -0.00011289204116960839 -0.2825883755587679 0.00011289204116960839 1.000031726732678 0.4864612489263732
239 1.0000551969931106 -0.0002102946960993743 -0.2904234525923643 0.0002102946960993743 1.0000551969931106 0.2211068100314899
240 0.999923402875988 -0.0002604116118828767 0.44119641210589977 0.0002604116118828767 0.999923402875988 0.15424217249130345
241 0.9998338318765586 -0.0001480053318157111 0.3829199144177041 0.0001480053318157111 0.9998338318765586 0.5650405215616557
242 0.9998553123336585 -0.00016071800899585597 0.4030292315238114 0.00016071800899585597 0.9998553123336585 -0.05139628289559765
243 0.9999267936076284 0.00015734427813364948 0.41211278092170084 -0.00015734427813364948 0.9999267936076284 0.006800164528525428
244 0.9999340503681581 -1.0372669246065008e-05 0.7130657016580051 1.0372669246065008e-05 0.9999340503681581 0.40177757170251127
245 0.9998301070087044 2.1761576632214983e-05 2.107325996204732 -2.1761576632214983e-05 0.9998301070087044 -0.13616816312784774
246 0.999694481921975 0.0001502956694030337 0.888512204584663 -0.0001502956694030337 0.999694481921975 0.6502307119867917
247 0.9998182314855809 -5.05820303524395e-06 1.441107901192129 5.05820303524395e-06 0.9998182314855809 -0.0629163050525145
248 0.9998022929137871 -0.0002538912442667499 1.905143016204634 0.0002538912442667499 0.9998022929137871 -0.43642582081960385
249 0.9997752989174471 -0.0003622526714655907 2.5218568661227527 0.0003622526714655907 0.9997752989174471 -0.18950743153311245
250 0.9994809956086506 -0.0003543347371356113 4.589120369179387 0.0003543347371356113 0.9994809956086506 -0.042547863995523065
251 0.999608094966156 0.00046234063990326454 1.7192574568583918 -0.00046234063990326454 0.999608094966156 1.072821936786173
252 0.9993317099092923 1.3525071383350035e-05 2.55472219025767 -1.3525071383350035e-05 0.9993317099092923 1.1307122937531349
253 1.0005506683187417 -0.001610418493459616 1.5824303310044963 0.001610418493459616 1.0005506683187417 -1.7167405842372714
254 0.9999664219057032 0.000508819254095902 0.9026778020382915 -0.000508819254095902 0.9999664219057032 0.8194544594617919
255 1.0008325299964551 -0.00014424143037044287 0.6147024794834108 0.00014424143037044287 1.0008325299964551 -2.163175119850443
256 1.0002469631526034 -0.0005226491184830496 0.9394733060605246 0.0005226491184830496 1.0002469631526034 -1.6442497748123794
257 1.0032714880749147 -0.0015522726792457017 -3.5299227362578547 0.0015522726792457017 1.0032714880749147 -6.234700262134524
258 0.9993296009081688 0.002246312627595584 -4.038388812624049 -0.002246312627595584 0.9993296009081688 -0.3916909378679658
259 0.9988198293758 0.0010378850978009766 -2.239596994675105 -0.0010378850978009766 0.9988198293758 1.5769269656386262
260 1.001801709060249 0.0011880661052056274 -2.9377479099312658 -0.0011880661052056274 1.001801709060249 0.8685245998452558
261 0.9998228914139698 0.0026555181882421852 -1.3261596433454605 -0.0026555181882421852 0.9998228914139698 4.662112903086532
262 0.9974353430805465 -0.0005043889574494115 5.303872055026908 0.0005043889574494115 0.9974353430805465 2.623156359146293
263 0.9988001916297233 -0.0007513397002131232 4.305583636161035 0.0007513397002131232 0.9988001916297233 0.7573429036496441
264 1.0006599789302755 -0.0008446547413418256 1.9372125579327244 0.0008446547413418256 1.0006599789302755 -1.0876163456460008
265 0.9989452834568656 0.0016220481577427712 2.862213207987388 -0.0016220481577427712 0.9989452834568656 2.8345368104944395
266 1.000645671646764 -0.0015332677707832953 4.124570136170828 0.0015332677707832953 1.000645671646764 -4.160446097334826
267 1.0002083644142543 -0.0050888070297105984 4.723539257530366 0.0050888070297105984 1.0002083644142543 -9.64893352482026
268 1.0028500218904683 -0.005561224774660037 1.3224747166604693 0.005561224774660037 1.0028500218904683 -11.018837757735291
269 0.9997189638879616 -0.0009708725052216896 -1.0899418548384292 0.0009708725052216896 0.9997189638879616 -6.971315902219615
270 1.0028439362412573 -0.0015174794119846866 -3.915300237228553 0.0015174794119846866 1.0028439362412573 -5.072692837845536
271 1.0000646823158366 0.0015705028519177823 -3.8366220004015585 -0.0015705028519177823 1.0000646823158366 3.1750079608397765
272 1.0002607034698299 0.0029799374001598447 -4.809579727297523 -0.0029799374001598447 1.0002607034698299 7.051608113752603
273 1.0027276788518948 0.0037559117328461785 -6.96323170669973 -0.0037559117328461785 1.0027276788518948 8.724326885060306
274 1.0005742186329212 0.0037243452281225855 -3.4318551476664556 -0.0037243452281225855 1.0005742186329212 7.652042893842506
275 1.0000573533978685 0.0006885089142392171 2.093901186070895 -0.0006885089142392171 1.0000573533978685 0.9802594296277072
276 1.0029744532688558 -0.002592150157574761 2.8458732965531484 0.002592150157574761 1.0029744532688558 -2.8939320467780654
277 1.002084239776282 -0.002651676413451768 6.663264557539606 0.002651676413451768 1.002084239776282 -1.9855142127873409
278 0.9991822921474767 0.0009848841586588516 3.5600457733386595 -0.0009848841586588516 0.9991822921474767 1.678316923316995
279 1.00018051489665 0.00022018475268254718 2.307408171283923 -0.00022018475268254718 1.00018051489665 -0.2742182543565646
280 0.9989194748066614 -0.0009655190777777734 2.294240459860518 0.0009655190777777734 0.9989194748066614 -0.4415942864727177
281 0.9980192686642533 0.0029875175193516817 -2.4558652287722227 -0.0029875175193516817 0.9980192686642533 -2.144792521839767
282 1.0024816595241057 -0.003538303583280898 -2.180025883519021 0.003538303583280898 1.0024816595241057 -9.793624014330627
283 1.0020407219443233 -0.0009422295846485311 -3.5840752513204723 0.0009422295846485311 1.0020407219443233 -3.0076419691234326
284 1.0022955505514424 -0.0011141405539869548 -4.583677680418342 0.0011141405539869548 1.0022955505514424 0.7990603966630782
285 1.007036414197042 0.012016570178144597 -21.6477735964818 -0.012016570178144597 1.007036414197042 19.296153950177803
286 1.0047006247839303 0.008034912563300533 -10.583686230297964 -0.008034912563300533 1.0047006247839303 10.615676291447144
287 1.0031437194984336 0.004879020664912316 -4.196390029762111 -0.004879020664912316 1.0031437194984336 6.822536519675982
288 0.9962972217087045 0.00022861072810384162 7.655104219663189 -0.00022861072810384162 0.9962972217087045 4.198765919509872
289 0.9934791503205368 -0.002432941905438855 13.826995402642238 0.002432941905438855 0.9934791503205368 2.3178737690558053
290 0.9960678377051395 -0.005600133379591599 25.12338422075589 0.005600133379591599 0.9960678377051395 6.023695892006062
291 0.996450201897483 -0.0009897151703319794 8.705909643494538 0.0009897151703319794 0.996450201897483 1.3880758249504854
292 0.9994573308314425 0.0010366486970255135 1.7839317329611628 -0.0010366486970255135 0.9994573308314425 0.12351622754957803
293 0.9993353879349117 -0.005517749309769418 5.077846707236431 0.005517749309769418 0.9993353879349117 -9.917057705224993
294 1.0021133830836582 -0.005512247873471427 1.160589064180911 0.005512247873471427 1.0021133830836582 -10.98238315414337
295 1.002564029852108 -0.003569929772534168 -1.5360429567794562 0.003569929772534168 1.002564029852108 -8.116930016795543
296 0.9998914607211041 0.0006917500800853786 -2.656488967203429 -0.0006917500800853786 0.9998914607211041 1.405785887462223
297 1.001205166023101 0.0036212229636130595 -5.944837309347177 -0.0036212229636130595 1.001205166023101 5.519997672475618
298 1.0027777224071142 0.006681453060499189 -9.455937605817747 -0.006681453060499189 1.0027777224071142 9.126424380819662
299 1.004022557942683 0.008019170096752737 -9.128919381765726 -0.008019170096752737 1.004022557942683 9.169329353293167
300 1.0024006271748553 0.00201963849698652 -0.45484147755293525 -0.00201963849698652 1.0024006271748553 1.2640070461946853
301 0.9961013224287296 0.0005807850997902811 7.052326349622966 -0.0005807850997902811 0.9961013224287296 2.5944044135532236
302 1.0011377101912722 -0.005583291906079275 10.068956116130689 0.005583291906079275 1.0011377101912722 -3.1659212166175483
303 0.9941521359515887 -0.003033984330158372 12.933425394820796 0.003033984330158372 0.9941521359515887 2.1604952441138736
304 0.9985029046705229 -0.0004533252142784279 4.7435601267803325 0.0004533252142784279 0.9985029046705229 0.7148444386939741
305 0.9995765252558697 0.0001891557646253111 0.9586796044785069 -0.0001891557646253111 0.9995765252558697 0.012639614009898544
306 0.9995543660008543 -0.004859131225784774 4.687229298285573 0.004859131225784774 0.9995543660008543 -8.470826036380702
307 1.0007477464744063 -0.008280918703356222 6.131351758295505 0.008280918703356222 1.0007477464744063 -12.269361556862016
308 0.9994987367876771 -0.0013438206985926567 1.2645257718887986 0.0013438206985926567 0.9994987367876771 -2.463573691407495
309 1.001980264144919 -0.007887334663953053 4.009125303771563 0.007887334663953053 1.001980264144919 -15.081656858171522
310 1.0000966916853138 -0.00023806040315178621 1.076060614187492 0.00023806040315178621 1.0000966916853138 -0.8031854572492634
311 1.002458813517616 0.0008658209296765738 -3.5033059923599166 -0.0008658209296765738 1.002458813517616 -2.275915236003346
312 1.002370983042328 0.0012801684318087027 -3.7754207796395503 -0.0012801684318087027 1.002370983042328 -1.3922725675327623
313 1.0023497708853462 0.00129900258488879 -2.8523526060288766 -0.00129900258488879 1.0023497708853462 -1.1356808080802308
314 1.0006096374216416 0.000484859879132595 -1.6269308207161268 -0.000484859879132595 1.0006096374216416 -0.36075187898821337
315 1.0048944474004118 -0.00036815393624214205 -6.807653356377861 0.00036815393624214205 1.0048944474004118 -4.854033150070199
316 1.0020673038158883 -0.0006190595690999401 -2.574422896776741 0.0006190595690999401 1.0020673038158883 -2.264905304094532
317 1.0017948103535579 9.977955758897462e-05 -3.102422882579701 -9.977955758897462e-05 1.0017948103535579 -1.4459502748257453
318 1.001143716745187 0.0004316895962531509 -2.6553492166814903 -0.0004316895962531509 1.001143716745187 -0.5157953491320015
319 1.001188135270962 0.0008516956761020878 -3.461683252128454 -0.0008516956761020878 1.001188135270962 -0.35438792168534095
320 1.003848109176097 0.006567295801938715 -15.439730662038174 -0.006567295801938715 1.003848109176097 4.875886104488709
321 0.9993997522728839 -0.0006260104741443537 -1.05631688516555 0.0006260104741443537 0.9993997522728839 -0.09771281426550082
322 1.000391020435107 8.705063899850125e-05 -1.6091490535629527 -8.705063899850125e-05 1.000391020435107 0.26268360627669535
323 0.9997114560738409 -0.0012405390531227264 -0.02761577115166938 0.0012405390531227264 0.9997114560738409 -0.008580396490107783
324 0.9991554628168863 0.0002641910446531915 0.9037379067099804 -0.0002641910446531915 0.9991554628168863 0.1956916448897683
325 0.9987165770750343 -8.457420931072691e-05 4.24048383053863 8.457420931072691e-05 0.9987165770750343 0.4374324164512334
326 0.9991112847967416 0.0010257703981593818 2.9649025842819716 -0.0010257703981593818 0.9991112847967416 0.3907564695506496
327 0.9996376446101148 -0.0003538050161118985 4.5513216953657745 0.0003538050161118985 0.9996376446101148 -0.5415567383562463
328 0.999064347950266 -1.7459572303993665e-05 5.236554122885086 1.7459572303993665e-05 0.999064347950266 0.1923893151576627
329 1.0011965301259147 0.00019407049971306934 3.350397526417154 -0.00019407049971306934 1.0011965301259147 -0.9565328498976767
330 0.9990717401507493 0.001551866034308164 10.375879327954344 -0.001551866034308164 0.9990717401507493 1.4377602387840225
331 0.9989770407475392 -0.0011182179620292047 3.6454002799563976 0.0011182179620292047 0.9989770407475392 -1.971574775099994
332 1.0005737909313928 -0.001240919411724856 -0.07227469375667983 0.001240919411724856 1.0005737909313928 -4.569308367304994
333 1.0018101141274178 0.002529463462280743 -4.077610416888891 -0.002529463462280743 1.0018101141274178 -3.6300080083229602
334 1.0005044178291216 -0.0016233622170088546 -0.9397639643478941 0.0016233622170088546 1.0005044178291216 -3.389159967643734
335 1.0000022061939546 -0.0008195771950513722 -2.7546554533109067 0.0008195771950513722 1.0000022061939546 -0.7271418507630986
336 1.002434829254359 7.411459972198942e-05 -5.158060457869308 -7.411459972198942e-05 1.002434829254359 -1.5521144659379842
337 1.0034720846775742 0.0005204169939830189 -6.711978639430894 -0.0005204169939830189 1.0034720846775742 -2.427665223460745
338 1.0033667288366126 0.001988605283559555 -7.561213754625458 -0.001988605283559555 1.0033667288366126 0.30620498402666996
339 1.0037188043900234 0.002399033761461873 -8.588624358124575 -0.002399033761461873 1.0037188043900234 0.6594128181950865
340 1.0034694394245611 -0.0006390436182606909 -7.3647116874580005 0.0006390436182606909 1.0034694394245611 -2.0694423207095407
341 1.003155962948283 0.0005717741139294421 -6.6073198844475085 -0.0005717741139294421 1.003155962948283 -0.2375603320376251
342 0.9999624879803047 0.001167320392071958 -2.8548565524821696 -0.001167320392071958 0.9999624879803047 1.6384707422433218
343 0.9989138402437681 0.00045934044644451794 -1.2544563058735858 -0.00045934044644451794 0.9989138402437681 1.690232623140415
344 0.9998825012324651 0.0008120718603857763 -3.519832284620893 -0.0008120718603857763 0.9998825012324651 0.9013242486723989
345 0.981474153926782 0.00712636109625858 9.001640492238423 -0.00712636109625858 0.981474153926782 26.916497585166063
346 0.9945527547885677 0.0036759737288244733 1.4550908564217173 -0.0036759737288244733 0.9945527547885677 13.94775113839048
347 0.9979766461718196 -0.0029071289746890375 1.7053904277765386 0.0029071289746890375 0.9979766461718196 -0.5348432698729024
348 1.00002076980044 -0.0001037842214058055 -1.2671379357808767 0.0001037842214058055 1.00002076980044 -0.9063872121844732
349 1.0000109314627548 -0.001094060144130363 -0.9303453238187807 0.001094060144130363 1.0000109314627548 -0.2913600648047786
350 1.0027793906794848 -0.011197969634149825 0.34848700837576885 0.011197969634149825 1.0027793906794848 -17.353586782478136
351 1.0013944362993912 0.0005460461153549454 -1.9377730317784119 -0.0005460461153549454 1.0013944362993912 -0.8518897638177871
352 1.0004410480391974 0.00010575506119820233 -1.38073856914982 -0.00010575506119820233 1.0004410480391974 -0.9454898522414545
353 1.0085495013452361 0.007306528311618201 -9.19566328885807 -0.007306528311618201 1.0085495013452361 -7.258702547147566
354 1.0004136704332485 2.3416438175044043e-05 -0.6618320833124434 -2.3416438175044043e-05 1.0004136704332485 -0.8130634784344575
355 0.9999878603232892 0.0005180996900731882 -1.31447090285246 -0.0005180996900731882 0.9999878603232892 0.2878070755127511
356 1.0060599982984435 -0.002714025333616661 -3.881666519769229 0.002714025333616661 1.0060599982984435 -2.5748471935055357
357 1.0210435158700226 -0.015999993107843384 -12.569085962170398 0.015999993107843384 1.0210435158700226 -19.989712245833616
358 1.0221587747985965 -0.00333156454508273 -20.57206674259199 0.00333156454508273 1.0221587747985965 -20.950328363847092
359 1.0355699036945532 -0.0019141679094874407 -40.01252776707484 0.0019141679094874407 1.0355699036945532 -24.289946873033482
360 1.00027944845411 -0.0001837227267678771 -2.1728920772398927 0.0001837227267678771 1.00027944845411 -0.11765874258940778
361 1.0001921757604175 6.435013112768588e-05 -1.1727915589351572 -6.435013112768588e-05 1.0001921757604175 0.2551437677069539
362 1.0013544959693168 5.4349819139021564e-05 -2.356514183948601 -5.4349819139021564e-05 1.0013544959693168 -1.0395544392748817
363 1.0028492050606512 -0.00018102431971812733 -3.7124471671880475 0.00018102431971812733 1.0028492050606512 -3.3766416460639763
364 1.0035972173038774 -0.0003310841015344222 -4.298532751910279 0.0003310841015344222 1.0035972173038774 -4.656069523449769
365 1.0158266000008935 -0.0007807894922362512 -17.03325427752786 0.0007807894922362512 1.0158266000008935 -14.974735133921524
366 1.0074267801224874 -0.0012420212980659598 -8.553027246010581 0.0012420212980659598 1.0074267801224874 -8.35342331014436
367 1.0100312236734152 -0.00035200514388067605 -11.184735792541424 0.00035200514388067605 1.0100312236734152 -8.715901913341169
368 1.0114612822148012 0.00026515185246828236 -12.257327963004006 -0.00026515185246828236 1.0114612822148012 -10.43597637745872
369 1.0118173826988073 0.0005360335590725543 -12.576686782905838 -0.0005360335590725543 1.0118173826988073 -11.160975793265564
370 1.0279531018566357 -0.0011510097473939572 -28.84543593276223 0.0011510097473939572 1.0279531018566357 -21.438064505971916
371 1.0316898951590412 7.58717761587878e-05 -32.77312437644361 -7.58717761587878e-05 1.0316898951590412 -20.91115140244026
372 1.0350751943209837 0.001637674206638701 -34.80551209730302 -0.001637674206638701 1.0350751943209837 -16.01907114925275
373 1.0188369257312688 -0.0006037626184453691 -19.764052615407696 0.0006037626184453691 1.0188369257312688 -10.029659819903014
374 1.0251300059242945 0.0007586963385186056 -26.981237608777104 -0.0007586963385186056 1.0251300059242945 -12.266055354865337
375 1.0379128483840219 -0.0021661059941022296 -38.54340109073635 0.0021661059941022296 1.0379128483840219 -21.92688258038705
376 1.0219107435893908 -0.0012322799879140038 -20.174956326823754 0.0012322799879140038 1.0219107435893908 -12.727810429564338
377 1.0241169154574363 0.0032565710429123353 -27.302856200402836 -0.0032565710429123353 1.0241169154574363 -9.130599732309012
378 1.0185600390325285 -2.4399581866184878e-05 -20.163643810780524 2.4399581866184878e-05 1.0185600390325285 -7.828989169551323
379 1.0209182658784226 0.007515009680199089 -26.230958365962508 -0.007515009680199089 1.0209182658784226 -7.7242371574354705
380 1.0239728866087914 -0.0009998879419476627 -25.16647543186822 0.0009998879419476627 1.0239728866087914 -13.49201003246095
381 1.0119318737565637 0.0025731682191715835 -12.992974695921488 -0.0025731682191715835 1.0119318737565637 -6.3343781705047615
382 1.01082724016368 -0.00017455663867377665 -10.110964329273495 0.00017455663867377665 1.01082724016368 -7.548208754491948
383 1.0104745389451364 -0.0014718231889823301 -8.713248501106472 0.0014718231889823301 1.0104745389451364 -7.23985032272411
384 1.0128289764087948 -0.0024188712761538736 -9.414004590414903 0.0024188712761538736 1.0128289764087948 -7.138150627726624
385 1.0158580186719854 -4.315208880051888e-06 -16.723493220433053 4.315208880051888e-06 1.0158580186719854 -8.072990819572915
386 1.0027530070108528 -0.00016497959866897777 -2.950518006097928 0.00016497959866897777 1.0027530070108528 -1.9512532810822483
387 0.9992854765539316 -8.020854411615779e-05 0.0027491659401289582 8.020854411615779e-05 0.9992854765539316 -0.7155139292785071
388 0.9989235443907049 0.000872582373561678 0.5646343814206078 -0.000872582373561678 0.9989235443907049 0.6618283164313463
389 0.9987371009881284 -0.0026049371195270565 4.621826089070512 0.0026049371195270565 0.9987371009881284 -1.4243612512797048
390 0.9991184407278781 -0.0002607476181826563 0.31160640222920455 0.0002607476181826563 0.9991184407278781 0.28732067909592196
391 0.9995195605914793 6.039496278744855e-06 0.6001205857548718 -6.039496278744855e-06 0.9995195605914793 0.5349256320376126
392 0.9994283054040363 -2.0617161686591415e-05 -0.4287642139114958 2.0617161686591415e-05 0.9994283054040363 0.2465533780844302
393 0.9991033817359358 -0.0002808587316650821 -1.883582983275015 0.0002808587316650821 0.9991033817359358 -0.036080979465331176
394 0.9985055140818553 0.00414815084105197 -3.732710777105966 -0.00414815084105197 0.9985055140818553 1.1037556282632666
395 0.9997762715534679 0.010778955604623061 -10.649710669822646 -0.010778955604623061 0.9997762715534679 -0.5220257810634482
396 1.00092124216259 0.00136674372325941 -6.3957743560015095 -0.00136674372325941 1.00092124216259 -0.23656439845242255
397 1.0009330145351987 0.00053148243548033 -3.1088890301501872 -0.00053148243548033 1.0009330145351987 -0.06524669813163593
398 1.0013879317351722 -0.00033343098531859257 0.11809601004953185 0.00033343098531859257 1.0013879317351722 0.15463733609828778
399 0.9959908411558113 -0.0036871279574850323 11.262016844173752 0.0036871279574850323 0.9959908411558113 0.24932859505024313
400 0.9863775547389805 -0.01057573638574082 32.03699310548102 0.01057573638574082 0.9863775547389805 5.513435620494523
401 1.0000068338268637 -0.0011884195366507755 2.2439304681652588 0.0011884195366507755 1.0000068338268637 0.25515781760221795
402 0.999400444495192 -0.0007564551030886206 2.3393957559632925 0.0007564551030886206 0.999400444495192 0.5364469110109703
403 1.001048754799213 -0.0007569190403691621 1.5281629918244954 0.0007569190403691621 1.001048754799213 -0.33429756995987175
404 1.0003263706142609 0.0004620104765942592 1.0718582389901774 -0.0004620104765942592 1.0003263706142609 0.28750519027177524
405 0.9980001332350257 0.0014252453542197064 2.9818427430112084 -0.0014252453542197064 0.9980001332350257 1.4529535145600883
406 1.0004347543109744 0.0005720808210633809 2.675008514820272 -0.0005720808210633809 1.0004347543109744 -0.10541711553383475
407 0.9984140274779855 0.0021312040181025588 2.1040622491887113 -0.0021312040181025588 0.9984140274779855 3.139052051566973
408 0.999219504506954 0.0006216009820314285 1.6764508707722818 -0.0006216009820314285 0.999219504506954 0.7364448002533747
409 0.998384122572073 -0.0013637835412674388 4.552011738032695 0.0013637835412674388 0.998384122572073 -1.39542926760206
410 0.9990593343216727 -0.0009868664316422795 3.551795513872623 0.0009868664316422795 0.9990593343216727 0.14808183925152152
411 0.9998497569259454 -8.781854493027596e-05 3.192035203080167 8.781854493027596e-05 0.9998497569259454 0.002300620543073506
412 1.000873728103272 -0.0013030252694443223 2.740908693185372 0.0013030252694443223 1.000873728103272 -2.0808228275439635
413 0.99970822800437 0.0003032560900490952 3.2369684231333653 -0.0003032560900490952 0.99970822800437 1.0221695721211932
414 0.9994473770195356 0.0005547641902344196 1.987578205267002 -0.0005547641902344196 0.9994473770195356 1.9857588325072315
415 0.9991967261790508 0.0003877406735049838 1.689120745039659 -0.0003877406735049838 0.9991967261790508 0.7093946054068465
416 0.9978835313282145 0.0006425194239858726 6.141521810822012 -0.0006425194239858726 0.9978835313282145 1.7527357173906204
417 0.9988631214718171 0.0016838929295588303 1.71897830639274 -0.0016838929295588303 0.9988631214718171 1.172190038550768
418 0.9988082528545482 0.0022290186286247618 1.763617233533424 -0.0022290186286247618 0.9988082528545482 2.0917263944638274
419 0.9989983805693695 -0.0001278731571715508 1.9777153330140014 0.0001278731571715508 0.9989983805693695 -2.0545289882587463
420 1.0016265389481909 0.0019223568754206488 -2.1842005733156373 -0.0019223568754206488 1.0016265389481909 0.06829604991438298
421 0.9995431879859014 0.00020984285807298863 3.9293402980606835 -0.00020984285807298863 0.9995431879859014 1.1188640760334567
422 1.002239978875963 6.940245846579031e-05 -3.1601743225286123 -6.940245846579031e-05 1.002239978875963 0.43732919748954496
423 0.9946525527670667 -0.0037519604672533267 13.850470098038848 0.0037519604672533267 0.9946525527670667 0.4832257382892366
424 0.9967226390760999 -0.0024510812924967117 9.775962696605212 0.0024510812924967117 0.9967226390760999 2.1568797019158246
425 0.9998621793188099 0.0006754388039962936 1.926453776301306 -0.0006754388039962936 0.9998621793188099 2.3900747715954074
426 0.9992807885876757 9.008670039782347e-05 3.690935835734112 -9.008670039782347e-05 0.9992807885876757 1.1221759976343229
427 0.9992396832536363 0.00025432436271306493 2.4928560097832215 -0.00025432436271306493 0.9992396832536363 2.1599940136536597
428 0.9995956868367384 0.0015606135049124374 1.8301083003516774 -0.0015606135049124374 0.9995956868367384 2.015699577179798
429 1.00003778311405 0.0020836697560060674 0.8889469124265919 -0.0020836697560060674 1.00003778311405 1.7640566525961927
430 0.9995860281366672 0.002579851028811079 0.8509668354708655 -0.002579851028811079 0.9995860281366672 3.229696034298307
431 0.9991280729367119 0.00019783051737879282 4.024882054109119 -0.00019783051737879282 0.9991280729367119 1.0065459966422488
432 1.0010608861506833 -0.004853194103965565 4.249465037504746 0.004853194103965565 1.0010608861506833 -9.194422414965818
433 1.0005414193384106 0.0006949885686020812 0.5192483522285254 -0.0006949885686020812 1.0005414193384106 -0.5398013286930485
434 1.0003653359545959 0.00015776496972232264 0.7220314499723313 -0.00015776496972232264 1.0003653359545959 -0.830122848501864
435 1.002814575178935 -0.003972217822175403 0.3787868004551368 0.003972217822175403 1.002814575178935 -8.790519953693616
436 1.001132484152191 -0.0003688410398868558 -0.2269423024123764 0.0003688410398868558 1.001132484152191 -0.7548435212071444
437 0.9998523857289356 0.0002448176330925531 1.2308457211372812 -0.0002448176330925531 0.9998523857289356 0.7726529512818797
438 0.9980273813653344 0.002348422325280132 2.921996478465942 -0.002348422325280132 0.9980273813653344 6.170325518677319
439 1.0105439077015737 0.00268946050649299 -8.247168244260896 -0.00268946050649299 1.0105439077015737 1.7828137035881886
440 1.0010320607905818 0.00019070821640678097 -0.05243973660547452 -0.00019070821640678097 1.0010320607905818 -0.22241599769941933
441 1.0004984514184845 -1.9514928954136277e-05 -1.2849256642272522 1.9514928954136277e-05 1.0004984514184845 -0.7646859293202206
442 1.0011810509988863 0.0006755098669622475 -2.8046195984247193 -0.0006755098669622475 1.0011810509988863 -0.5298175243341998
443 1.001312209674387 -2.6190524297219292e-05 -2.687354369716344 2.6190524297219292e-05 1.001312209674387 -2.8625392122356743
444 1.0017268378052395 0.0001333033854865226 -3.165978214994416 -0.0001333033854865226 1.0017268378052395 -2.5978536132548484
445 1.0009309073063215 0.0009846564096379021 -4.073215817901156 -0.0009846564096379021 1.0009309073063215 -0.1758819209683371
446 0.9996263125659643 -0.00889098185909922 9.639804131304636 0.00889098185909922 0.9996263125659643 -15.25616331163959
447 1.0017298299479755 -0.0030054634635067394 -0.9237664268876343 0.0030054634635067394 1.0017298299479755 -7.5304161897212625
448 1.002008691640886 -0.001671254696974616 -2.009785591552159 0.001671254696974616 1.002008691640886 -3.755609740732966
449 1.0018845821620068 -0.00021392783415571763 -3.2249915941511835 0.00021392783415571763 1.0018845821620068 -0.3660468370936906
450 0.9991804727541049 -0.0007965808427746571 2.1394047877346085 0.0007965808427746571 0.9991804727541049 3.1334527588357974
451 0.9997705524826762 0.0002343335728661068 -2.2502385446175444 -0.0002343335728661068 0.9997705524826762 1.0609127176141984
452 1.000717325214829 -0.0006912800807371137 -1.5173358791533615 0.0006912800807371137 1.000717325214829 -0.2535952683179352
453 1.0001725381636215 -0.0025320996110036603 -0.5096830302215727 0.0025320996110036603 1.0001725381636215 -0.9929665973414146
454 0.998853795907476 -0.0008434560381340646 0.20707441784840908 0.0008434560381340646 0.998853795907476 1.0622069260597062
455 0.9993370634511115 0.001007112093886642 -2.037957218370194 -0.001007112093886642 0.9993370634511115 1.3450257293354155
456 1.000851648805658 0.0023734339779192784 -4.5709338391705385 -0.0023734339779192784 1.000851648805658 3.114979251692891
457 0.9990559833864591 -0.002107486478488647 1.1709536716264004 0.002107486478488647 0.9990559833864591 -3.3415082352538636
458 0.9984471921644738 -0.0012897367771235227 1.128277378646904 0.0012897367771235227 0.9984471921644738 -1.6541382904826647
459 0.9962110107093876 -0.0009418123389444461 1.6348858396135468 0.0009418123389444461 0.9962110107093876 -0.7384369163072384
460 0.9968981429683357 -0.004477934097133327 0.6270424475577875 0.004477934097133327 0.9968981429683357 -6.671263883477282
461 0.9924356114043204 0.0012900735547066878 0.4547070615325271 -0.0012900735547066878 0.9924356114043204 8.05133357512796
462 0.9994723850148564 8.288465242908523e-05 -3.161818464264533 -8.288465242908523e-05 0.9994723850148564 2.1567384110786145
463 0.9976480990930855 0.0028511894589776897 -3.3520380103576306 -0.0028511894589776897 0.9976480990930855 8.656567351034461
464 0.9990670371210185 -0.00033588482403716625 -1.5176902977649611 0.00033588482403716625 0.9990670371210185 0.7042411638724477
465 0.9989985218973153 -0.00036507480365592404 -1.3286923163107107 0.00036507480365592404 0.9989985218973153 -0.9184138702321184
466 0.9995504998501795 0.00026211238097307687 -3.8785734357459956 -0.00026211238097307687 0.9995504998501795 0.08426886153180879
467 0.9999433042982212 -0.00017436006150111123 -2.6106241918694795 0.00017436006150111123 0.9999433042982212 -0.5461844704124601
468 0.9999595071856062 -0.00031442468115204796 -1.8760775996316297 0.00031442468115204796 0.9999595071856062 -1.2374490273785335
469 1.000130996553152 0.0004254112603377752 -2.3628180289076828 -0.0004254112603377752 1.000130996553152 -1.5509774546925696
470 1.001301075805089 -0.0024299064806852333 -1.3402997393137244 0.0024299064806852333 1.001301075805089 -6.097958526807548
471 1.017246956755381 -0.010540227650633128 -14.961102832439549 0.010540227650633128 1.017246956755381 -34.13052316282825
472 1.0015493421957986 -0.00031776446505458127 -2.9099935137503605 0.00031776446505458127 1.0015493421957986 -4.010887348371506
473 1.001925534519837 0.0005712717760206048 -3.9325896709402524 -0.0005712717760206048 1.001925534519837 -3.438961293657345
474 0.9992609082365917 -0.0007438992019793782 1.0645757290761237 0.0007438992019793782 0.9992609082365917 -1.5302308544032164
475 1.002583167913163 0.0003390564163884881 -3.926696266967872 -0.0003390564163884881 1.002583167913163 -0.7905187032574176
476 1.0001857421427562 -0.0007008128446196716 -1.1407908476397706 0.0007008128446196716 1.0001857421427562 -1.616956948893711
477 0.9994963149124265 0.00017698282139763273 -1.3503762954659657 -0.00017698282139763273 0.9994963149124265 -1.1968413052065598
478 1.0010651290435395 -0.0008177394909089346 -1.2979786279081766 0.0008177394909089346 1.0010651290435395 -1.9687229106036503
479 1.0042124876156306 -0.003792386277757426 -1.7332359735585279 0.003792386277757426 1.0042124876156306 -4.667468392816202
480 1.0022465129685436 -0.000536321960620601 -2.673325975663658 0.000536321960620601 1.0022465129685436 -1.2091069839273385
481 0.9998168380547898 -0.000866802755463245 -1.7724425154366743 0.000866802755463245 0.9998168380547898 -1.475734774731309
482 1.000017490238089 0.00036042866775460913 -1.4082548925307126 -0.00036042866775460913 1.000017490238089 0.04042468718858704
483 0.9998393647913925 -0.000996068923565214 -0.19819991091461064 0.000996068923565214 0.9998393647913925 -2.330758474790019
484 0.9996644655494139 -0.00046169648938994566 -1.4851664053624107 0.00046169648938994566 0.9996644655494139 -1.2060843556537326
485 1.0042536710432568 -0.0014614471351886177 -8.323673349768079 0.0014614471351886177 1.0042536710432568 -7.234810551794296
486 0.999705127883513 -0.00016634047238150138 -2.107642196006352 0.00016634047238150138 0.999705127883513 -0.6952512323979257
487 1.0017654587008522 0.002403919095842129 -5.7234897347105465 -0.002403919095842129 1.0017654587008522 4.526232462562548
488 0.9999620737567982 -0.002540899825802287 0.26456839651046493 0.002540899825802287 0.9999620737567982 1.2286726080335464
489 0.9997959142773979 2.248801868644123e-05 -0.7814518467747139 -2.248801868644123e-05 0.9997959142773979 1.4414426381818701
490 0.9990308264117599 0.001035489869381039 -1.514445718864402 -0.001035489869381039 0.9990308264117599 1.278080045526435
491 0.9987935467877529 -0.0007352585095204851 1.3950477261595888 0.0007352585095204851 0.9987935467877529 -1.4033426689339323
492 1.0009446266097577 0.00036200604610904286 -0.8897262355192102 -0.00036200604610904286 1.0009446266097577 -0.7959848083385872
493 0.9995839140803313 0.0013099310664684326 -0.8016047165120064 -0.0013099310664684326 0.9995839140803313 2.289018691845988
494 1.000207462431182 0.0005454693330429622 -1.002485711950827 -0.0005454693330429622 1.000207462431182 -1.0035324756351491
495 0.9994808638095033 0.004485774342867137 -2.824462444028396 -0.004485774342867137 0.9994808638095033 0.9986083539315772
496 1.0009244789152385 0.0009061728130898511 -1.8027398987000884 -0.0009061728130898511 1.0009244789152385 0.2676616130947156
497 1.001166339172927 0.00018687741830005923 -0.9365566455778712 -0.00018687741830005923 1.001166339172927 -0.8823428481184193
498 0.9980644763591855 -0.0012756847548797794 2.603302651845988 0.0012756847548797794 0.9980644763591855 1.2629379281253954
499 0.9977443926058532 -0.0009892051802512165 4.0731209407561115 0.0009892051802512165 0.9977443926058532 2.9186337222500125
500 1.0006384920914164 0.0003168112872203026 0.6974685497059748 -0.0003168112872203026 1.0006384920914164 2.222055256225819
501 0.9992667197830944 7.945220184748386e-05 3.010446196450692 -7.945220184748386e-05 0.9992667197830944 1.8337765659388194
502 0.9978839003517442 -0.0007691625618498778 4.787631394167576 0.0007691625618498778 0.9978839003517442 0.7264519728660559
503 0.9965295348556835 -0.0011577034672258756 5.596056146262798 0.0011577034672258756 0.9965295348556835 1.7853141510192287
504 0.9980109951936933 0.00055653461087337 3.5821077130223538 -0.00055653461087337 0.9980109951936933 1.2107607197730514
505 0.9993610647209508 0.0003315420421502773 3.293962024296761 -0.0003315420421502773 0.9993610647209508 1.3919196223441643
506 1.0013850733774843 0.003494893938207677 1.3759269854149225 -0.003494893938207677 1.0013850733774843 0.9956956058277708
507 0.9980324417992971 -0.00011465995996452457 4.359271477147206 0.00011465995996452457 0.9980324417992971 1.318766327718483
508 0.999200374679021 0.00032587119230059215 3.050621414284425 -0.00032587119230059215 0.999200374679021 -2.099363715508795
509 0.9982896376839532 -0.0005225056457585043 3.539210899578559 0.0005225056457585043 0.9982896376839532 -0.5958779841125106
510 0.9981426662717081 -0.00015826849838566936 3.0432732397678173 0.00015826849838566936 0.9981426662717081 0.20466513565554845
511 0.9994930180393433 -2.1384157364235402e-05 2.509075468556287 2.1384157364235402e-05 0.9994930180393433 0.992392308142119
512 0.9993783954992124 0.0001127840074579381 2.330851913511696 -0.0001127840074579381 0.9993783954992124 1.4913246077291884
513 1.0005247371158184 -3.873107097942272e-05 0.9164088767155717 3.873107097942272e-05 1.0005247371158184 0.5892626765972627
514 1.000483428698667 9.617543510558795e-05 1.8136002702866274 -9.617543510558795e-05 1.000483428698667 0.5142257094356371
515 1.001268247709249 -0.0005313175887004318 0.895735181999245 0.0005313175887004318 1.001268247709249 -3.530649227587299
516 1.0031284941105703 -0.0016796696442158286 3.2713523463349805 0.0016796696442158286 1.0031284941105703 -7.145825607400035
517 1.0005084335199694 0.0010571899037898258 1.1486761380558266 -0.0010571899037898258 1.0005084335199694 1.1866125573333075
518 1.0004287612398686 0.002233124194718562 -0.49049433317973434 -0.002233124194718562 1.0004287612398686 4.178456687458825
519 1.0006691107355272 0.0011507573860564209 -0.3325208003640371 -0.0011507573860564209 1.0006691107355272 1.689510868859088
520 1.0023910492420083 0.0031467594644554626 -7.885706759334276 -0.0031467594644554626 1.0023910492420083 1.3610208600309162
521 1.0007243095554696 0.00030577882506987916 -11.8929335896217 -0.00030577882506987916 1.0007243095554696 -1.2473530944919349
522 1.0027889322029147 -0.0006581959706053879 -7.815952285852646 0.0006581959706053879 1.0027889322029147 -1.8764880643308885
523 1.0020967080179093 -0.0018284125975189314 -4.779104372600821 0.0018284125975189314 1.0020967080179093 -1.4434328873116646
524 1.001239045630821 -0.0035265241034547804 -1.7854461172510976 0.0035265241034547804 1.001239045630821 -1.9157200970926656
525 1.0005597628310618 -0.0003151841275310192 -1.4564403423342331 0.0003151841275310192 1.0005597628310618 0.6816321058832653
526 0.9996365380275359 0.0005125026534854514 -0.938376620033298 -0.0005125026534854514 0.9996365380275359 1.0413709085743181
527 0.999583087570182 -0.00013363349286239377 1.0191555790313778 0.00013363349286239377 0.999583087570182 -0.123832204764879
528 0.9994484626022568 0.0008425504596889052 1.299227500252429 -0.0008425504596889052 0.9994484626022568 -0.02305869555343998
529 0.9971888062803924 0.00376577068972302 2.0166685763640624 -0.00376577068972302 0.9971888062803924 0.5946652814377675
530 1.0001289671929046 -0.0012384416728617505 2.5437722625079657 0.0012384416728617505 1.0001289671929046 -3.493821841817479
531 0.9997285057329985 -0.0007932944137784075 3.0823570942851015 0.0007932944137784075 0.9997285057329985 0.09974903046861403
532 0.9997446362587238 -0.0005079535094993841 0.5113963438318818 0.0005079535094993841 0.9997446362587238 0.23625619893122266
533 0.9990524074587582 -0.00021427133314504934 1.1556499232670263 0.00021427133314504934 0.9990524074587582 1.0861741483722869
534 0.9979714407708761 -0.0008262203955981225 3.3990750287606333 0.0008262203955981225 0.9979714407708761 0.2977742906028899
535 1.0001107514998009 -0.000437632328448411 2.3416203362742634 0.000437632328448411 1.0001107514998009 -0.2820677262669355
536 1.0006573051507943 0.0006555248647003811 0.10633971353825356 -0.0006555248647003811 1.0006573051507943 0.5541147539980531
537 1.0005280286565332 -5.5485466344558105e-05 0.720151205392237 5.5485466344558105e-05 1.0005280286565332 0.5834157542017229
538 1.000382116421327 4.6772265178711284e-05 0.3461993381052313 -4.6772265178711284e-05 1.000382116421327 -0.28739711737067186
539 1.0000078984427707 0.0005030928675464084 0.18812503701023872 -0.0005030928675464084 1.0000078984427707 1.1509116909843193
540 1.000619461563982 -0.0006497593527288528 0.9431666092825017 0.0006497593527288528 1.000619461563982 -0.3725197651195167
541 1.0006178568992603 0.0005999862824537399 0.09653225479991479 -0.0005999862824537399 1.0006178568992603 0.4337541164476796
542 0.9997675607013322 -0.00012101429180940424 1.2841392727794227 0.00012101429180940424 0.9997675607013322 0.9816981447829399
543 0.999326705539161 2.4664575598627714e-05 1.2886487929379857 -2.4664575598627714e-05 0.999326705539161 0.3920043758611408
544 1.000048562645333 -0.001043026652313368 1.6136378668561175 0.001043026652313368 1.000048562645333 -0.7774587057478956
545 0.9998329643136021 -0.00026794540733424637 1.0752707277795286 0.00026794540733424637 0.9998329643136021 0.34840050012380236
546 0.9999502570356358 0.0007524637071961186 -0.16124441204551027 -0.0007524637071961186 0.9999502570356358 0.8865516279173931
547 1.000200030267743 0.0009018557062888772 -1.1055522448163329 -0.0009018557062888772 1.000200030267743 0.8550014966926598
548 1.000057422248788 0.0009490543886859489 -1.0795676400439445 -0.0009490543886859489 1.000057422248788 1.8300773427538384
549 0.9984202982109256 0.0005240606102160361 0.8202665596996378 -0.0005240606102160361 0.9984202982109256 5.535757818635587
550 0.9931617692289119 0.00027951780212391326 5.8527958131607924 -0.00027951780212391326 0.9931617692289119 13.426704737938813
551 0.9709144963551607 -0.00010542574195584488 26.180186034176256 0.00010542574195584488 0.9709144963551607 36.784407927870554
552 0.980122483804504 -9.40845108320338e-05 18.411825116634137 9.40845108320338e-05 0.980122483804504 18.471395522625357
553 0.9839080620823255 0.004216906636994123 14.013800201382455 -0.004216906636994123 0.9839080620823255 13.059066175293859
554 0.9786675078190787 8.869014378499172e-05 20.47793488625933 -8.869014378499172e-05 0.9786675078190787 14.19772473769786
555 0.9788268899081923 4.187399924398369e-05 19.512113597477292 -4.187399924398369e-05 0.9788268899081923 13.567615414603905
556 0.963864641624824 0.001152165349581217 31.84151363926493 -0.001152165349581217 0.963864641624824 23.153815475515984
557 0.9837315673057015 0.00042884423568212193 13.862200259950011 -0.00042884423568212193 0.9837315673057015 8.842614411204407
558 0.9845695869008972 -0.0008370601155965353 14.130184470578872 0.0008370601155965353 0.9845695869008972 7.239189022004477
559 0.9841536121076353 -0.001160127756645774 14.958877138985324 0.001160127756645774 0.9841536121076353 6.206097109030156
560 0.9842684807169451 -0.001533963433103056 14.945886102846293 0.001533963433103056 0.9842684807169451 5.670303629351267
561 0.9625516090832619 -0.0011242024167052022 34.41964088181675 0.0011242024167052022 0.9625516090832619 17.353518480601636
562 0.9772665126971508 -0.0007458511288859646 21.35738267157627 0.0007458511288859646 0.9772665126971508 10.536082905179669
563 0.9763067532327698 -0.00043874786969767284 22.314446678872343 0.00043874786969767284 0.9763067532327698 11.279473552559494
564 0.9747617811289433 0.0003857350331450346 23.35056732777454 -0.0003857350331450346 0.9747617811289433 13.098366630553176
565 0.9931514545320187 0.0004191431505811854 4.577470073821279 -0.0004191431505811854 0.9931514545320187 4.870412846665337
566 0.9995212351624524 -0.0003399263973575712 -0.6421803176368882 0.0003399263973575712 0.9995212351624524 -0.6551463065086891
567 0.9992910289574102 7.516724666683032e-05 0.809892540897948 -7.516724666683032e-05 0.9992910289574102 -0.32798355168907956
568 0.9961839587761301 -0.0024777294728554333 3.1523125160456367 0.0024777294728554333 0.9961839587761301 -5.221755414739722
569 0.9977472639649473 -0.002118367437825199 4.032711453384235 0.002118367437825199 0.9977472639649473 -2.5693936115547817
570 1.002691229154227 -0.002755108268757094 -3.6139672019963114 0.002755108268757094 1.002691229154227 -4.053373709407823
571 1.0014576791631544 -0.002620204515901839 -1.6320125409452215 0.002620204515901839 1.0014576791631544 -0.5160940913186199
572 0.99520591799241 0.0009795594658043327 8.120849732513076 -0.0009795594658043327 0.99520591799241 3.0202336209536043
573 0.9956601175026091 0.003879566652182189 2.7266887674379894 -0.003879566652182189 0.9956601175026091 10.034271931985995
574 0.9969646716371956 0.007235217927440697 1.459670721688385 -0.007235217927440697 0.9969646716371956 13.073444168972344
575 0.9991759210969109 -0.0012014177901823566 2.2709401765264476 0.0012014177901823566 0.9991759210969109 -1.1642311933798972
576 0.9990941029426091 -0.002383744654800367 2.9603327287087318 0.002383744654800367 0.9990941029426091 -3.2182566334615252
577 0.9998810453284357 -0.0003474953764134375 -0.28555435480507513 0.0003474953764134375 0.9998810453284357 -0.4280022935432626
578 1.0034399450901925 0.004481128293129865 -4.37804561119244 -0.004481128293129865 1.0034399450901925 -0.9209880625171021
579 1.0001753199184549 -0.00017884242765712992 0.0287365970480471 0.00017884242765712992 1.0001753199184549 -1.1503126278876226
580 0.9979948894057831 0.002673379970713302 -0.29945995629803795 -0.002673379970713302 0.9979948894057831 3.904179686358951
581 0.9997670718301099 -9.49911452382249e-05 -0.8735618604737142 9.49911452382249e-05 0.9997670718301099 -0.08942800610945491
582 1.0019832326746656 -0.0011278745193383111 -2.893829931380271 0.0011278745193383111 1.0019832326746656 -2.6695007673494215
583 1.0002162045245235 -0.000995761101645805 -0.8933290136878408 0.000995761101645805 1.0002162045245235 -0.6269923464673718
584 1.0001150496238989 -3.863833745172077e-06 -1.2628220861902513 3.863833745172077e-06 1.0001150496238989 -0.5357246065493875
585 1.003096438396096 -0.009575063810889564 2.0600346586903013 0.009575063810889564 1.003096438396096 -12.660972305563615
586 1.0006853011354764 -0.0005607496666439186 -0.8745895242906794 0.0005607496666439186 1.0006853011354764 -1.856274774647047
587 1.0000383774104589 -0.0004998990314500065 -0.932890884154897 0.0004998990314500065 1.0000383774104589 -1.9046896935182986
588 1.0072106803983922 0.005614552797612664 -11.767630334809642 -0.005614552797612664 1.0072106803983922 0.2859452435814735
589 1.0020011018657087 -0.0001978049039565669 -1.679671304653558 0.0001978049039565669 1.0020011018657087 -0.7538224447113437
590 1.004872261895795 -0.003110698925233014 -2.9147048961222275 0.003110698925233014 1.004872261895795 -4.254733224829325
591 1.0046446816562171 -0.009482414015573837 2.110955152043012 0.009482414015573837 1.0046446816562171 -9.668318155698847
592 1.000112015137242 0.0003659300082415407 -1.533368238863198 -0.0003659300082415407 1.000112015137242 -0.08591860657391848
593 1.0069668582460185 -0.0010094030318099363 -5.753621491582146 0.0010094030318099363 1.0069668582460185 -4.699451432081683
594 1.007900388025426 0.0062378523431958505 -8.699462165605937 -0.0062378523431958505 1.007900388025426 1.0107909013725238
595 1.000535467323839 1.920752686161218e-05 -1.3740480843060532 -1.920752686161218e-05 1.000535467323839 -0.27916282763837824
596 0.9995544432108712 0.000650406088145416 -0.7281035406061842 -0.000650406088145416 0.9995544432108712 0.7965818577543933
597 1.0004619603190312 0.00010235755700539056 -1.7923501743632078 -0.00010235755700539056 1.0004619603190312 -0.1517245820931093
598 1.0015272707800458 -0.012776901057179069 7.154979900154483 0.012776901057179069 1.0015272707800458 -14.89868849147336
599 1.0014337809462452 -0.004734341962034585 1.3987076442539728 0.004734341962034585 1.0014337809462452 -6.857434661764728
600 1.0054231140582524 0.0010789097598172522 -3.7816309297811723 -0.0010789097598172522 1.0054231140582524 -4.387856898203759
601 1.000667438894505 -0.0010393571410445325 0.7083254458866112 0.0010393571410445325 1.000667438894505 0.2944912669476576
602 0.9994666616021813 0.0005355900808568915 2.1235128900656957 -0.0005355900808568915 0.9994666616021813 1.465841170657223
