0 1.0 0.0 0.0 0.0 1.0 0.0
1 1.0006014108257482 0.00013912757132689317 -0.7061134853966956 -0.00013912757132689317 1.0006014108257482 -0.8000854841452513
2 1.0005584406466683 -0.0001836781359033289 0.09097345029780779 0.0001836781359033289 1.0005584406466683 -0.8606084554770043
3 1.0004760493613698 -4.52662923934422e-05 -0.19997942195574303 4.52662923934422e-05 1.0004760493613698 -0.3304807520041968
4 1.0005623386035942 0.00029419634177133957 -0.34292561948194766 -0.00029419634177133957 1.0005623386035942 -0.18762151570381652
5 1.0004352176219993 -0.0002931198347544731 -0.08314619262080064 0.0002931198347544731 1.0004352176219993 -0.26898149528281645
6 1.0005159431304 6.972703626870026e-06 -0.16680178339983487 -6.972703626870026e-06 1.0005159431304 -0.4915208797063741
7 1.0005595502234934 0.00023959226938407408 -0.3251642824124963 -0.00023959226938407408 1.0005595502234934 -0.17861070133788434
8 1.0004993301858 7.586447556469517e-05 -0.2143070832860322 -7.586447556469517e-05 1.0004993301858 -0.0319827107622592
9 1.0005141490983622 0.00017441137056898082 -0.16080033359072524 -0.00017441137056898082 1.0005141490983622 -0.18020233272555036
10 1.000461763591016 0.00014982655823483494 -0.17286466515197885 -0.00014982655823483494 1.000461763591016 -0.16265593716624693
11 1.000876894496479 0.00033619798514988804 -0.3643600939762551 -0.00033619798514988804 1.000876894496479 -0.4073510402692886
12 1.0003931913735318 -0.00024426691741521035 0.3009114460855281 0.00024426691741521035 1.0003931913735318 -0.7917484371774564
13 1.000429973525933 -4.5116301197442665e-05 0.2939679739184165 4.5116301197442665e-05 1.000429973525933 -0.42601692009643755
14 1.000366813738712 8.19288810094678e-05 -0.04990016621018306 -8.19288810094678e-05 1.000366813738712 -0.13067882579378917
15 1.0008596142170387 0.0001051340132096939 0.02963207301759279 -0.0001051340132096939 1.0008596142170387 -0.9215048336677015
16 1.000382514878546 0.00025077249550693465 -0.09330022481483868 -0.00025077249550693465 1.000382514878546 -0.12309015724691552
17 1.0003511513536683 0.0002394793737841673 -0.2197498919254448 -0.0002394793737841673 1.0003511513536683 0.11852987398944462
18 1.0004333577310658 -9.170309250715986e-05 0.1553868346046603 9.170309250715986e-05 1.0004333577310658 -0.448302827967076
19 1.000838027551494 0.0006261305301619488 -0.6907764227955345 -0.0006261305301619488 1.000838027551494 0.013663855634480635
20 1.0003509947023876 0.00022090737720349197 -0.31770536952714057 -0.00022090737720349197 1.0003509947023876 -0.04199025328647868
21 1.0004180140373713 8.187478832766444e-05 -0.151100364848056 -8.187478832766444e-05 1.0004180140373713 -0.06715791489273815
22 1.0003377279454284 0.0002985678746929588 -0.06364419573036602 -0.0002985678746929588 1.0003377279454284 0.4212452430676839
23 1.0005977024727544 0.0002463701292420937 -0.05379253372201831 -0.0002463701292420937 1.0005977024727544 0.003081232995031824
24 1.000243219282836 0.00021000707784792395 -0.06515090394487 -0.00021000707784792395 1.000243219282836 -0.02382563828998462
25 1.000274650952814 3.3798099804327174e-05 -0.028051723868955297 -3.3798099804327174e-05 1.000274650952814 -0.11840850664127615
26 1.000310024069436 0.00015302318126162508 0.04836802907047669 -0.00015302318126162508 1.000310024069436 0.005381415425682545
27 1.000666611123678 0.0005741599243546583 -0.81819761778299 -0.0005741599243546583 1.000666611123678 -0.053633590799466
28 1.0002892374733756 -0.00012283128367743566 -0.05627717793908468 0.00012283128367743566 1.0002892374733756 -0.4683775253958262
29 1.000349688042676 -0.00019418212338370526 0.044445758471298835 0.00019418212338370526 1.000349688042676 -0.5016694127970232
30 1.0002106573343332 9.908228026597092e-05 -0.08663455592323423 -9.908228026597092e-05 1.0002106573343332 -0.14594721398053456
31 1.0005173567547436 2.765164789438994e-05 0.16733386617336407 -2.765164789438994e-05 1.0005173567547436 -0.33039810481780196
32 1.0001720775942218 2.104418988974843e-05 0.06569702009257028 -2.104418988974843e-05 1.0001720775942218 -0.174888137140841
33 1.0002321467260815 0.00015458563788080788 0.2667103039268826 -0.00015458563788080788 1.0002321467260815 -0.04764804297168829
34 1.000226183887651 0.00012526519523447602 -0.052095576405160354 -0.00012526519523447602 1.000226183887651 -0.15186734108527086
35 1.0004767936458776 0.0003658553411719184 -0.12810603672179527 -0.0003658553411719184 1.0004767936458776 -0.09012871530947396
36 1.000153320756929 0.0002589874215226863 -0.06830841323034476 -0.0002589874215226863 1.000153320756929 0.2785779198301328
37 1.00016458994024 0.00018524701972985185 0.07795073611386479 -0.00018524701972985185 1.00016458994024 0.3030198750428864
38 1.000057408118759 -6.530395495812479e-05 0.3224779311240589 6.530395495812479e-05 1.000057408118759 0.32523358063541935
39 0.9998498126115889 0.00023466328894336427 0.6716609398604838 -0.00023466328894336427 0.9998498126115889 1.3173740363913469
40 0.9998880854527651 4.149524947535027e-05 0.10588244773046186 -4.149524947535027e-05 0.9998880854527651 0.6940934216470616
41 0.9997453154946727 3.050864731871442e-05 0.5319796727581715 -3.050864731871442e-05 0.9997453154946727 0.7333607135404893
42 0.9997839590042644 0.00012881165683053085 0.23434828174566624 -0.00012881165683053085 0.9997839590042644 0.6649677834808947
43 0.9993721129758447 -0.00023367925069486367 1.5434945780779874 0.00023367925069486367 0.9993721129758447 0.9890205136492216
44 0.9996386009234094 0.00044782576991992437 0.28180438663924123 -0.00044782576991992437 0.9996386009234094 1.1136546368049196
45 0.9995075135710187 -6.684071145172031e-05 0.9572547426290556 6.684071145172031e-05 0.9995075135710187 0.677098865679957
46 0.99955537101284 4.840404680724177e-05 0.6976861189295483 -4.840404680724177e-05 0.99955537101284 0.5242778588197667
47 0.9992846252222003 0.0004520703869326742 0.3801178215149892 -0.0004520703869326742 0.9992846252222003 1.1703276187764384
48 0.9993996803002797 -0.0003865815766457375 1.09565512968419 0.0003865815766457375 0.9993996803002797 0.5198499397970899
49 0.9994660080143946 0.00022984644225230774 0.5343797133843717 -0.00022984644225230774 0.9994660080143946 0.8419003600248155
50 0.9994471864815381 0.00013442629241154934 0.5751958867190529 -0.00013442629241154934 0.9994471864815381 0.7340628412023862
51 0.9989834613623767 -0.00030611264470225316 1.4440812743613387 0.00030611264470225316 0.9989834613623767 0.6401959195260897
52 0.9994499314074273 0.00010027474543127345 0.39567304009880405 -0.00010027474543127345 0.9994499314074273 0.5593396500650833
53 0.9994608806007331 2.6145200691655966e-05 0.45177966014444926 -2.6145200691655966e-05 0.9994608806007331 0.4856648025554083
54 0.9994370167518667 -0.00014795877960686247 0.6938831195580264 0.00014795877960686247 0.9994370167518667 0.2991838299734152
55 0.9990274393613 0.0003225946241860007 0.8682249213075147 -0.0003225946241860007 0.9990274393613 1.120398728434104
56 0.9994409882312055 -0.00035971423195936694 0.9376317712830216 0.00035971423195936694 0.9994409882312055 -0.11988176969348371
57 0.9995468077546534 -0.00025995534096502653 0.7039965555791708 0.00025995534096502653 0.9995468077546534 -0.2385176851723364
58 0.9995569278042622 0.00011870732057224335 0.51211598051912 -0.00011870732057224335 0.9995569278042622 0.46912321625645736
59 0.9991783513839505 0.00018770317424370085 0.5497185582850829 -0.00018770317424370085 0.9991783513839505 0.692264499518003
60 0.9994844272923165 -0.00015773324696692048 0.5185720149040305 0.00015773324696692048 0.9994844272923165 0.32337187220950137
61 0.9995860083813624 0.0002588642945582875 0.2825073820109701 -0.0002588642945582875 0.9995860083813624 0.6003800431636297
62 0.9994986918730909 0.00011007939136230652 0.30623675014569823 -0.00011007939136230652 0.9994986918730909 0.5969849258497869
63 0.9991567186243038 -0.00027708094770432314 1.0264688756321163 0.00027708094770432314 0.9991567186243038 0.28327079193919924
64 0.9995863097511034 6.813273899341067e-05 0.41586925564855937 -6.813273899341067e-05 0.9995863097511034 0.12263043226224095
65 0.9995847462965982 3.749762160235547e-05 0.43401419808533237 -3.749762160235547e-05 0.9995847462965982 0.07246884523311592
66 0.9996046861154042 3.4126043109170915e-05 0.3896912756959984 -3.4126043109170915e-05 0.9996046861154042 0.24772973902095186
67 0.9992351369560915 0.0004986617750632849 0.32681290043643524 -0.0004986617750632849 0.9992351369560915 0.8863770172497245
68 0.9996294501316375 0.0004119107354926665 -0.1924536643226833 -0.0004119107354926665 0.9996294501316375 0.5374123639139157
69 0.9996125064421342 0.00024062969314523618 -0.021013978734420992 -0.00024062969314523618 0.9996125064421342 0.5944748856514609
70 0.9995738357923128 2.189427051100838e-05 0.07088601356150168 -2.189427051100838e-05 0.9995738357923128 0.35843771073373676
71 0.9990924922105908 0.00010836986776428456 0.49168206855134294 -0.00010836986776428456 0.9990924922105908 1.2409191279616758
72 0.9995400709995488 -0.0003082917472425343 0.4887519881968174 0.0003082917472425343 0.9995400709995488 0.26062651760276845
73 0.999473111636845 -4.90811073747209e-05 0.43094038558737163 4.90811073747209e-05 0.999473111636845 0.5387103437676881
74 0.9994930575246402 0.0004029109625639366 -0.12758937632845024 -0.0004029109625639366 0.9994930575246402 1.2916491696525052
75 0.9991531044481364 -0.000279399461268183 0.4351357261112078 0.000279399461268183 0.9991531044481364 0.8463753231279694
76 0.9994475471755172 -3.7036769011343675e-05 0.16707591438182404 3.7036769011343675e-05 0.9994475471755172 0.27605730498259146
77 0.999528225096911 0.00015967821601204233 0.01980432310951153 -0.00015967821601204233 0.999528225096911 0.6104130419799921
78 0.9995432501886243 -0.00028455000206382275 0.21785850730417144 0.00028455000206382275 0.9995432501886243 -0.0856434988707267
79 0.9990226843001148 -0.0002700754227361872 0.6289944812005186 0.0002700754227361872 0.9990226843001148 0.6492047642825917
80 0.9993693877468979 2.7804014924197274e-05 0.2678697960201537 -2.7804014924197274e-05 0.9993693877468979 0.5393822632023721
81 0.9994883098296727 -0.0001875025908384316 0.43422524487233505 0.0001875025908384316 0.9994883098296727 0.22192428301234654
82 0.999412362786722 -0.00015461198195308395 0.4787385776739481 0.00015461198195308395 0.999412362786722 0.37648637110297417
83 0.9990335201003064 -3.063469189177645e-05 0.45027716033396337 3.063469189177645e-05 0.9990335201003064 0.6384583412721624
84 0.9995611002036636 -3.565189879920645e-05 0.3313852455940405 3.565189879920645e-05 0.9995611002036636 0.2935804721683197
85 0.9994736132559597 -0.00011684030023048717 0.41439168052320124 0.00011684030023048717 0.9994736132559597 0.2670301882821831
86 0.999387359083457 -7.658843135871159e-06 0.5074917994824523 7.658843135871159e-06 0.999387359083457 0.5861608726577666
87 0.9988456119390122 -5.103717131094273e-05 0.8921516377508287 5.103717131094273e-05 0.9988456119390122 1.153429257825331
88 0.9993957774542717 -0.00017270566727718673 0.5692076535099021 0.00017270566727718673 0.9993957774542717 0.4200094970350292
89 0.9994424592197568 2.458762587513808e-05 0.4124896321529452 -2.458762587513808e-05 0.9994424592197568 0.41254870137802613
90 0.9994830084750274 5.515992852410878e-05 0.3749672649117515 -5.515992852410878e-05 0.9994830084750274 0.2527038703185878
91 0.9990094906295481 -0.00023628525112318866 0.9379354683869765 0.00023628525112318866 0.9990094906295481 0.2644662118516845
92 0.9995242864510653 -8.976571564041381e-05 0.34462675809551396 8.976571564041381e-05 0.9995242864510653 -0.0029958059138786414
93 0.9995379453298975 0.00021903025914698102 0.15124424934078376 -0.00021903025914698102 0.9995379453298975 0.3400544477716354
94 0.9994898632936615 -0.0001042208446663624 0.41666619785137915 0.0001042208446663624 0.9994898632936615 0.42943553126496337
95 0.9990737314153179 5.610442624060061e-05 0.5522629327584494 -5.610442624060061e-05 0.9990737314153179 0.7752453976172843
96 0.9994595467866583 -0.0003637360727821682 0.7271336069480239 0.0003637360727821682 0.9994595467866583 0.0952166301886713
97 0.9995469665917915 -0.0002933764457794513 0.6642727826840502 0.0002933764457794513 0.9995469665917915 0.004086505530513706
98 0.9995841970211883 0.00036234260191414183 -0.16606851129427141 -0.00036234260191414183 0.9995841970211883 0.557795386386741
99 0.9992601827643532 -0.00011369229804349148 0.4281731989024957 0.00011369229804349148 0.9992601827643532 0.4305387807465838
100 0.9995029600867227 9.51918641398031e-05 0.11614282946293886 -9.51918641398031e-05 0.9995029600867227 0.49750968163430276
101 0.9995414237782158 -0.00037325449730782405 0.4198862532745331 0.00037325449730782405 0.9995414237782158 0.11287489551101187
102 0.9995904913717681 -0.00041869618996673806 0.5625693970028645 0.00041869618996673806 0.9995904913717681 0.02830609674909676
103 0.9991291523507109 0.00022610568992380503 0.32290543633617846 -0.00022610568992380503 0.9991291523507109 0.9794731380793644
104 0.9995371396236153 -0.00014099777132198867 0.3094122711578401 0.00014099777132198867 0.9995371396236153 0.3071800648433563
105 0.9995325178707369 0.00012378582804910802 0.24416597601662507 -0.00012378582804910802 0.9995325178707369 0.6625979086044104
106 0.9994725365029158 0.0002496649891838261 -0.024799329606133947 -0.0002496649891838261 0.9994725365029158 0.8143215377642523
107 0.999047525871445 -4.2967393918473304e-05 0.4850026804090208 4.2967393918473304e-05 0.999047525871445 0.9676723628654897
108 0.9994330454174195 -0.00013927354281264177 0.5489650783540484 0.00013927354281264177 0.9994330454174195 0.48289949870543175
109 0.9994444182521992 -0.000264545231921569 0.28357947173813425 0.000264545231921569 0.9994444182521992 0.24860352583023423
110 0.9992829550419701 -0.0001589068945061161 1.0180777034482082 0.0001589068945061161 0.9992829550419701 0.8156950289589399
111 0.998911426339181 -0.00016744816081677716 1.1644574231391407 0.00016744816081677716 0.998911426339181 0.8270519639002745
112 0.9993694405802257 0.0002524929671028987 0.24737597230760847 -0.0002524929671028987 0.9993694405802257 0.8461084225033637
113 0.9993739878962105 -0.0001696043999298386 0.40154739890059604 0.0001696043999298386 0.9993739878962105 0.42861053029068413
114 0.9993387471334177 -0.00014213011455374724 0.7252792459230744 0.00014213011455374724 0.9993387471334177 0.4957994176759501
115 0.9985894376969806 -0.00015828017323288882 1.654268855348467 0.00015828017323288882 0.9985894376969806 1.4790333990758586
116 0.9993294259562056 -0.0003293483813940194 0.9537131073183963 0.0003293483813940194 0.9993294259562056 0.12976798384243102
117 0.9992828774797907 -0.0003415191966587338 1.1377497876362723 0.0003415191966587338 0.9992828774797907 0.2850206315297241
118 0.9992862407977681 4.358400857176262e-05 0.5492468247460635 -4.358400857176262e-05 0.9992862407977681 0.6334794569369417
119 0.9988527451471998 0.00019859788034758098 0.9542073650481027 -0.00019859788034758098 0.9988527451471998 1.167130867648078
120 0.9992750747084828 0.00013700942606315693 0.6678563194886405 -0.00013700942606315693 0.9992750747084828 0.8315861353395522
121 0.9993165689454817 0.0002791368505518378 0.43809946122625687 -0.0002791368505518378 0.9993165689454817 0.6855353064362453
122 0.9992712564653842 -0.00011107817344729461 0.8208291972934607 0.00011107817344729461 0.9992712564653842 0.4534846960261209
123 0.9984979863615552 5.3387867461049534e-05 1.5455577249215482 -5.3387867461049534e-05 0.9984979863615552 1.5311469277508951
124 0.9992860221981492 0.0003140394153475119 0.31748021251817304 -0.0003140394153475119 0.9992860221981492 0.950229524883934
125 0.9991306395383562 0.000134511743177666 0.8869430863897461 -0.000134511743177666 0.9991306395383562 1.1124583335845186
126 0.9992774982910807 0.000325331899211772 0.1894354041728492 -0.000325331899211772 0.9992774982910807 1.0174145805769308
127 0.9984601645595885 0.00020391236191768188 1.0789512956160172 -0.00020391236191768188 0.9984601645595885 1.9479357856991912
128 0.9991064867870663 -0.00015083528517424873 0.8755232880218233 0.00015083528517424873 0.9991064867870663 0.7814209963150143
129 0.9990899404350974 5.8045197267295846e-05 1.0381065353387726 -5.8045197267295846e-05 0.9990899404350974 0.8068903339475046
130 0.9990702162822296 -0.000451746257926267 1.4752338200218766 0.000451746257926267 0.9990702162822296 0.46647691515477213
131 0.9983060637934981 -0.00016979525108789463 2.057118560254619 0.00016979525108789463 0.9983060637934981 0.9360249987966491
132 0.9991618924110487 -0.0001829935829581442 1.1221947021127967 0.0001829935829581442 0.9991618924110487 0.26476144205420726
133 0.9992036654796004 -0.0002445610789888969 1.085083890524376 0.0002445610789888969 0.9992036654796004 0.14741016941353532
134 0.9992487689999882 0.0002447702159286717 0.7464539858584908 -0.0002447702159286717 0.9992487689999882 0.7332636209070728
135 0.9983554321954741 -0.0001689390812295448 2.531555629173349 0.0001689390812295448 0.9983554321954741 0.9891945935991523
136 0.9992462692269728 -0.00013063005664244696 1.1816158460842674 0.00013063005664244696 0.9992462692269728 0.41273526131686156
137 0.9992263023480107 -0.00015943159790365483 1.335963514902307 0.00015943159790365483 0.9992263023480107 0.34891282503279575
138 0.999269810381128 -0.00015064589267530033 1.296992383413044 0.00015064589267530033 0.999269810381128 0.24231887511046943
139 0.9987074268853128 0.000919910528893321 1.3760726464612683 -0.000919910528893321 0.9987074268853128 1.4565897173868754
140 0.9992214419127873 3.7386539834246435e-05 1.110971248546087 -3.7386539834246435e-05 0.9992214419127873 0.7578148075544862
141 0.9992610585190397 7.648739707416447e-05 0.8839373471222628 -7.648739707416447e-05 0.9992610585190397 0.6030495687329304
142 0.9992396811065355 0.0002968352101713895 0.8381917908952199 -0.0002968352101713895 0.9992396811065355 0.5630649046095342
143 0.9983660988932068 0.0001576219223579931 2.080954887291839 -0.0001576219223579931 0.9983660988932068 1.7807840031774966
144 0.9991893229154695 0.00033693315496778045 0.7229608642579598 -0.00033693315496778045 0.9991893229154695 1.0231073504689532
145 0.9990906444836463 -7.121407360144021e-05 1.1502996100430076 7.121407360144021e-05 0.9990906444836463 0.5240159792322638
146 0.9991786894679173 3.312332001903617e-06 1.008116512706993 -3.312332001903617e-06 0.9991786894679173 0.07910814955280217
147 0.9984749956859544 -0.0002545066170757177 1.779705974734344 0.0002545066170757177 0.9984749956859544 0.40765383908638797
148 0.9993017359200463 0.0005763683270746556 0.2825492511306229 -0.0005763683270746556 0.9993017359200463 0.8184066714403823
149 0.99935760622826 0.00040086637716232757 0.010227953752081465 -0.00040086637716232757 0.99935760622826 0.6122667319963622
150 0.9992304456376794 -0.0003592779998932835 1.022450463760541 0.0003592779998932835 0.9992304456376794 -0.009650920055718258
151 0.9988561109510439 1.3887978987986351e-05 0.7915904389440266 -1.3887978987986351e-05 0.9988561109510439 0.0408122095901271
152 0.9994539946784017 0.00033318043213909857 -0.056497976843318476 -0.00033318043213909857 0.9994539946784017 0.5099442661319635
153 0.9993433517270168 -0.0005174224367870536 0.7311367053489738 0.0005174224367870536 0.9993433517270168 -0.3134366894402866
154 0.9993971048948181 -0.00027261256905947905 0.541815726504388 0.00027261256905947905 0.9993971048948181 -0.06330923633149944
155 0.9989559960962598 0.0004279440911749939 -0.23057151314728874 -0.0004279440911749939 0.9989559960962598 1.0583927809975298
156 0.9993896514317292 -0.00048275098040663136 0.5868991400035508 0.00048275098040663136 0.9993896514317292 -0.13518958339618126
157 0.9994473892066691 -0.0001676556371955258 0.2727309178441781 0.0001676556371955258 0.9994473892066691 0.16301843370361446
158 0.9993926595625787 0.00011628231007941247 0.06319098289637305 -0.00011628231007941247 0.9993926595625787 0.6207996820439854
159 0.9987883658993468 -0.00021487463268291638 0.8775696455989683 0.00021487463268291638 0.9987883658993468 0.7506754028304973
160 0.999344710726318 -0.0002059996175375041 0.52883901043586 0.0002059996175375041 0.999344710726318 0.2823563817968424
161 0.9992733594969732 -0.0002186196293617754 0.8358049057226138 0.0002186196293617754 0.9992733594969732 0.49054906498974454
162 0.9993416859493842 0.00013097616190648766 0.2695721469311041 -0.00013097616190648766 0.9993416859493842 0.5708060994781297
163 0.9987587185021244 0.00027578545100201944 0.5608777464915912 -0.00027578545100201944 0.9987587185021244 1.5823688300959204
164 0.9993885855343353 -0.00019714577946283686 0.6152680372485393 0.00019714577946283686 0.9993885855343353 0.3020388810736469
165 0.9992905944843309 -0.0003104637555429296 0.8904603203113977 0.0003104637555429296 0.9992905944843309 0.3912712501133283
166 0.999368546517675 -0.00032734589182022123 0.7134906337565197 0.00032734589182022123 0.999368546517675 0.0968511361393456
167 0.9988645433970195 -5.066215660840028e-05 1.0294593573199988 5.066215660840028e-05 0.9988645433970195 0.5885911213242068
168 0.9993444479247133 -1.0859595414524932e-05 0.6677659144289341 1.0859595414524932e-05 0.9993444479247133 0.5374138566287933
169 0.9993838994152862 -0.0001722106633592959 0.7356474718849699 0.0001722106633592959 0.9993838994152862 0.20059571847422197
170 0.9993757115645092 -0.00011255092572332558 0.7930246978494713 0.00011255092572332558 0.9993757115645092 0.39564744698452126
171 0.9989793447878011 9.040724582002414e-05 0.8599554484612222 -9.040724582002414e-05 0.9989793447878011 0.788973511555244
172 0.9993803764771441 -0.0003908209339343851 0.919367489781106 0.0003908209339343851 0.9993803764771441 -0.22499776108737618
173 0.9995395881967616 -8.888135563865049e-05 0.5650551835615594 8.888135563865049e-05 0.9995395881967616 0.007082709595721957
174 0.999560001169193 0.0007443373684615407 -0.44327150421162814 -0.0007443373684615407 0.999560001169193 1.0767290386857207
175 0.9991039563458367 -0.00010998164562565395 0.4610627352249823 0.00010998164562565395 0.9991039563458367 0.584519282202689
176 0.9993872229685516 -0.00029792267289854813 0.9287263791094584 0.00029792267289854813 0.9993872229685516 0.33110735803313235
177 0.999480670982301 -0.00030090790554077225 0.6087868024502269 0.00030090790554077225 0.999480670982301 0.08845668114044256
178 0.9995174777299056 0.0004278393723891293 0.01990386125006186 -0.0004278393723891293 0.9995174777299056 0.8499609693314146
179 0.9990385844370866 -0.00028872218832393776 0.948576885500716 0.00028872218832393776 0.9990385844370866 0.26216938571758114
180 0.9994367596756832 -0.00035124833369410704 1.2057758048936913 0.00035124833369410704 0.9994367596756832 -0.023779141045518315
181 0.9995444452384502 0.0002090928331957904 0.2899929350595365 -0.0002090928331957904 0.9995444452384502 0.3454583177484822
182 0.9995678733082014 0.00023942592244848284 0.25548952687070553 -0.00023942592244848284 0.9995678733082014 0.3506309464368557
