0 1.0 0.0 0.0 0.0 1.0 0.0
1 1.0109302839493937 -0.010585858500508484 -8.489209723326919 0.010585858500508484 1.0109302839493937 -28.84085748548708
2 1.0031013922752083 -3.639680675583207e-05 -4.4964168546221135 3.639680675583207e-05 1.0031013922752083 -3.275911031274272
3 0.9962635402609146 -0.0011374866127439086 9.489932808614572 0.0011374866127439086 0.9962635402609146 1.1965275990185813
4 0.9969245588149558 0.0030876348179140764 1.2935300240310705 -0.0030876348179140764 0.9969245588149558 7.296523103823562
5 1.0021691471280236 0.00020475807313300189 -4.0090110616556585 -0.00020475807313300189 1.0021691471280236 -2.1342804251259526
6 1.002812530835774 -0.0007094250623831416 -4.541419212908909 0.0007094250623831416 1.002812530835774 -4.20208911915285
7 1.0008784845136587 -0.001958209265516387 -0.10488633412826923 0.001958209265516387 1.0008784845136587 -3.890390993872249
8 1.0000899659839502 -6.405231943664054e-05 0.15212945731085603 6.405231943664054e-05 1.0000899659839502 0.25192611962166334
9 0.9825077241280905 -0.00353664372184678 35.154532033296384 0.00353664372184678 0.9825077241280905 10.658818004212984
10 0.9809457237837305 -0.0008478966832858902 33.862538409195096 0.0008478966832858902 0.9809457237837305 16.63992441717001
11 0.9867980262573955 -0.0014627368221914936 24.300201185889314 0.0014627368221914936 0.9867980262573955 9.785615774298467
12 0.9982958866700812 0.002380539668257579 13.005488250126888 -0.002380539668257579 0.9982958866700812 4.059538496589228
13 0.9981413646665951 -0.00644926663796061 9.259901202343096 0.00644926663796061 0.9981413646665951 -9.169975684195048
14 1.000829301958596 0.0006255321542276221 -2.139867700144213 -0.0006255321542276221 1.000829301958596 0.16671820894974165
15 1.0099911506219839 0.008787062533450872 -24.61403107304231 -0.008787062533450872 1.0099911506219839 3.8189913322120836
16 1.001623573165893 0.006926691728717891 -9.433491726874898 -0.006926691728717891 1.001623573165893 9.818752576525371
17 1.0031621543069087 -7.396318867406912e-05 -5.352274093884068 7.396318867406912e-05 1.0031621543069087 -2.9352806491512107
18 1.0007925820746366 0.00014032928674609195 -1.4353582060130012 -0.00014032928674609195 1.0007925820746366 -0.5819079362619132
19 1.0024149913270424 0.001169443470301694 -5.497774678120567 -0.001169443470301694 1.0024149913270424 -0.9983712810857537
20 1.0014981533478415 0.0025376569889082852 -5.166790147364911 -0.0025376569889082852 1.0014981533478415 2.6011234131049124
21 1.000848954656584 0.00020660615492549498 -1.532149755830456 -0.00020660615492549498 1.000848954656584 -0.3610279478657903
22 0.9979236271665308 -0.001693705701318206 3.686999410001385 0.001693705701318206 0.9979236271665308 0.5140666429856935
23 0.9985692104265618 -0.0003897263516414728 2.4826128323314607 0.0003897263516414728 0.9985692104265618 1.1688307079710216
24 1.002199047981108 -0.0006049797437810367 -2.6791143376472695 0.0006049797437810367 1.002199047981108 -3.5686601583053412
25 1.0115624713409646 0.0022372753898413315 -23.72789162334609 -0.0022372753898413315 1.0115624713409646 -7.324279436921244
26 1.0126067237316312 0.004266849545068215 -26.351290579015746 -0.004266849545068215 1.0126067237316312 -4.598451275753428
27 1.0059067993250703 0.0004661826529745606 -11.026151984781867 -0.0004661826529745606 1.0059067993250703 -4.460745722305063
28 0.9747815316924907 -0.014543158574537468 56.749122697117684 0.014543158574537468 0.9747815316924907 -1.3067853204897428
29 0.9984824816181462 -0.0025455557834310944 5.5323832297413365 0.0025455557834310944 0.9984824816181462 -2.204864387630187
30 1.0001071805261075 -0.001347081730663264 1.7510506502733951 0.001347081730663264 1.0001071805261075 -2.008302022703446
31 1.000467274344532 0.000389127177928247 -1.0123015065773073 -0.000389127177928247 1.000467274344532 -0.7267246384000627
32 1.0002820842907136 0.002079651515383407 -2.1331551425385538 -0.002079651515383407 1.0002820842907136 2.2718539533033875
33 0.9941362525236249 0.00013438209223272607 9.621761348130299 -0.00013438209223272607 0.9941362525236249 5.695458073954947
34 0.9995342467255496 0.00011404356412124076 -1.7398718496866796 -0.00011404356412124076 0.9995342467255496 1.7936763089469334
35 0.9973537804670388 -0.0021013940371135027 -6.283753447841495 0.0021013940371135027 0.9973537804670388 -0.7540922867240432
36 1.0078541521039122 -0.0019628113991815707 -12.742791764497587 0.0019628113991815707 1.0078541521039122 -9.482587023977544
37 1.0074899415569358 -0.0032370387216933416 -9.87938461112132 0.0032370387216933416 1.0074899415569358 -12.220942235317525
38 0.9929451857038151 -0.00727229491663994 18.456675351239006 0.00727229491663994 0.9929451857038151 -5.923102489172583
39 0.9890298279875298 -0.0015287774633897565 20.73967398499641 0.0015287774633897565 0.9890298279875298 7.815012526209125
40 0.9887937439758164 -0.0020781115570841246 21.05384598953981 0.0020781115570841246 0.9887937439758164 7.12569814141327
41 0.9953600629163203 -0.00310431891323565 10.356194864445554 0.00310431891323565 0.9953600629163203 0.28359549520562755
42 0.9997753916797271 -0.0029707722567687573 3.68176944895131 0.0029707722567687573 0.9997753916797271 -4.438167352142706
43 0.9990612418178062 0.0018985882063388586 -0.13430481741919786 -0.0018985882063388586 0.9990612418178062 3.415132064704336
44 0.9965114649765278 0.0001716425099946697 5.033946347676996 -0.0001716425099946697 0.9965114649765278 3.4889587394248873
45 0.9963984014657469 0.005055537159961116 1.24080989534766 -0.005055537159961116 0.9963984014657469 12.19906874322036
46 1.0000374394783185 0.0012173254017800506 -1.6152537500872755 -0.0012173254017800506 1.0000374394783185 2.442762830831298
47 1.0001505596233724 0.0022995418726832217 -2.780789645797675 -0.0022995418726832217 1.0001505596233724 3.7101983451340543
48 1.0025489698737489 -0.0017323410077506138 -2.2337204862582416 0.0017323410077506138 1.0025489698737489 -5.857386115079212
49 1.0003238336032172 0.0013948620856935505 -2.7457075378001843 -0.0013948620856935505 1.0003238336032172 1.73714811098239
50 1.0000270094254904 0.0015360353110308409 -1.6146655785692356 -0.0015360353110308409 1.0000270094254904 2.7887343880251363
51 0.9985079059346533 0.003492219458683409 -1.5143806662341046 -0.003492219458683409 0.9985079059346533 7.54868088432154
52 1.0001306798802456 0.001395623724167294 -1.8893833134682603 -0.001395623724167294 1.0001306798802456 3.1305912915527196
53 1.000257195053853 -0.00031788631321430895 0.06435437299712521 0.00031788631321430895 1.000257195053853 -1.0893287592911451
54 1.0007587401629414 -0.00010675793730708044 -1.0748395684418457 0.00010675793730708044 1.0007587401629414 -1.7681613995331191
55 0.9998168276710381 0.0010546388301791538 -1.3480042200793263 -0.0010546388301791538 0.9998168276710381 1.1124377608395521
56 0.9975256572166801 0.0018345937504983605 1.430259093679802 -0.0018345937504983605 0.9975256572166801 4.623666293771463
57 0.9991349304732083 0.0009763954153798054 0.3587145952287327 -0.0009763954153798054 0.9991349304732083 2.139591965978024
58 1.0013675470871308 5.705345420019899e-06 -2.775466880352985 -5.705345420019899e-06 1.0013675470871308 -1.68888233569019
59 1.0020997396367985 -0.0015218365767709784 -1.8949389615751668 0.0015218365767709784 1.0020997396367985 -5.238239365788552
60 1.0010881129223046 -0.001784120129376313 -0.039162946111796104 0.001784120129376313 1.0010881129223046 -4.220308611645382
61 0.9993393483863141 -0.00025608509861471 0.12698806213030922 0.00025608509861471 0.9993393483863141 -0.45985069629749953
62 0.9984980470913755 0.0011133165084024987 -0.11257999538656474 -0.0011133165084024987 0.9984980470913755 3.3129379865117
63 1.0016413946675693 0.0010089345087216284 -4.086683880992144 -0.0010089345087216284 1.0016413946675693 -0.07503978765068631
64 1.0027491714174117 -0.0023303922623564167 -2.5375599646938847 0.0023303922623564167 1.0027491714174117 -6.873110376119985
65 0.999668004232731 -0.001518686131572947 1.6992679444872936 0.001518686131572947 0.999668004232731 -2.018540283225128
66 1.0000003412858531 -0.0014437083086021778 1.9337559511062123 0.0014437083086021778 1.0000003412858531 -2.3796502187777704
67 1.000271696789658 -0.0038047079209907585 4.145388634879604 0.0038047079209907585 1.000271696789658 -6.076406151449925
68 0.9974714000134552 -0.0015108241734103215 5.7376959453086 0.0015108241734103215 0.9974714000134552 0.12137311347769826
69 0.9979368760146868 -0.0006883912700312045 4.081372026598337 0.0006883912700312045 0.9979368760146868 0.77114736928855
70 0.9970682565779317 -0.0003252969799184004 5.088015510040164 0.0003252969799184004 0.9970682565779317 1.789315898128347
71 0.9964671191184999 -0.004753465731557745 10.928535553948285 0.004753465731557745 0.9964671191184999 -3.4759526882560863
72 0.9965893698292266 -0.0015428204637080373 7.529378356562608 0.0015428204637080373 0.9965893698292266 0.746081553762645
73 0.9977831530896974 -0.00011614451142427784 3.840547256805962 0.00011614451142427784 0.9977831530896974 1.7794641524847614
74 0.9963170411815984 -0.0015447095530121183 6.883456598382501 0.0015447095530121183 0.9963170411815984 1.9729626451673545
75 0.9990076166094658 -0.0009459581396931496 2.4851525104356584 0.0009459581396931496 0.9990076166094658 -0.241953199281684
76 1.000765946513713 0.00011063687495412628 -0.4564770888664385 -0.00011063687495412628 1.000765946513713 -1.4244093769866337
77 1.0027462608979925 0.0013211073568610335 -4.4003692629742615 -0.0013211073568610335 1.0027462608979925 -1.7236616233160627
78 1.0017277370246516 0.0005976149273455003 -2.0395113278358075 -0.0005976149273455003 1.0017277370246516 -1.1362145094463907
79 1.0019577589353459 0.00017768113430644862 -3.1906966039889166 -0.00017768113430644862 1.0019577589353459 -1.3500288949213328
80 1.0004354881443447 -0.0007818695371425701 -0.3855469571132801 0.0007818695371425701 1.0004354881443447 -0.7079813060874012
81 0.999795238933044 -0.0003780977078813746 -0.2826285830597146 0.0003780977078813746 0.999795238933044 -0.4250187690167593
82 0.9994545840313712 -4.2912045939374035e-05 0.38465963525435576 4.2912045939374035e-05 0.9994545840313712 -0.4100178231806886
83 0.9986234264235195 -0.0003756701595216894 2.217755860322764 0.0003756701595216894 0.9986234264235195 0.5662488210438958
84 0.997012109348515 0.0017045776956520976 2.32629220648161 -0.0017045776956520976 0.997012109348515 5.233963131577947
85 0.9992954999212935 -0.0026223493321832943 3.555861549751993 0.0026223493321832943 0.9992954999212935 -1.9573607145010863
86 0.9993729451514315 -0.001335829378885072 1.9580388717218769 0.001335829378885072 0.9993729451514315 -0.9600547299608366
87 1.000549104764963 -0.00040597446042615757 -0.2592739012134631 0.00040597446042615757 1.000549104764963 -1.4243065797660421
88 1.0011850790239365 -0.0005780674951280109 -0.8891813197853732 0.0005780674951280109 1.0011850790239365 -2.2682707541915286
89 0.9897460982117753 0.0012248409533962823 16.344355216408886 -0.0012248409533962823 0.9897460982117753 11.414614478158818
90 0.9982572102747505 0.00042289332635786134 2.4649618390518198 -0.00042289332635786134 0.9982572102747505 2.8199903437979525
91 0.9996681440745077 0.00040865978006014947 0.5374541017824466 -0.00040865978006014947 0.9996681440745077 1.5824618385596145
92 0.9982242556634586 -0.00317743777281247 5.740444173400552 0.00317743777281247 0.9982242556634586 -0.8894612698628124
93 0.9971595265583892 -0.000623654803719774 5.020627737001794 0.000623654803719774 0.9971595265583892 2.0723962936210105
94 1.0147644378305665 0.010232024629637338 -34.953033053135385 -0.010232024629637338 1.0147644378305665 3.3933191019859863
95 1.0058377583976705 0.0028122691679884765 -11.872833205821701 -0.0028122691679884765 1.0058377583976705 -0.9470518740001523
96 1.0004531252024809 0.002769442547238657 -3.510898382613732 -0.002769442547238657 1.0004531252024809 3.66873956905641
97 1.001990395091118 0.003176471713609595 -5.4232927282393275 -0.003176471713609595 1.001990395091118 4.22959910838941
98 1.0003190147916048 -0.00026460734725782106 0.27047877089382255 0.00026460734725782106 1.0003190147916048 -0.0883471462428338
99 0.9986009642496311 -0.0030333187908795087 5.555827547768964 0.0030333187908795087 0.9986009642496311 -2.7985027530537936
100 0.9992090576891252 -0.0010883647822224102 2.831138247338454 0.0010883647822224102 0.9992090576891252 -0.7595626497723393
101 0.9987450576652479 -0.0016338459997754125 3.560317935187709 0.0016338459997754125 0.9987450576652479 -0.1616012294146025
102 0.9968587423643152 -0.002888955942091031 7.271767721127428 0.002888955942091031 0.9968587423643152 -0.4962594684614874
103 0.9986914322894032 -0.002049288015717521 3.357322252719746 0.002049288015717521 0.9986914322894032 -1.214764337317107
104 0.9891664546521337 -0.008984282752245455 26.385322857975755 0.008984282752245455 0.9891664546521337 -6.176346365928135
105 0.9941087436347584 -0.005429679798392159 15.061040325697467 0.005429679798392159 0.9941087436347584 -3.629698582469742
106 0.9935084143406323 -0.0032811925555754043 14.1360327568872 0.0032811925555754043 0.9935084143406323 0.6928979698294041
107 0.996032954658601 -0.0009884410375401238 7.819000074913448 0.0009884410375401238 0.996032954658601 1.657020407978587
108 0.9980199372495279 -0.001259043509153716 4.059768101771024 0.001259043509153716 0.9980199372495279 0.2155032408683013
109 0.9981924457408244 -0.0019519172485046084 4.908214854281365 0.0019519172485046084 0.9981924457408244 -1.3810259677296992
110 1.0005125119152853 -0.0004547088933433918 -0.5301862440750876 0.0004547088933433918 1.0005125119152853 -1.197570936284447
111 1.000493908462039 0.00012949255077004634 -1.3064536322222111 -0.00012949255077004634 1.000493908462039 -0.35588550661012097
112 1.0002195750493341 0.001692237802560563 -2.2971402855350207 -0.001692237802560563 1.0002195750493341 2.281492089845307
113 1.0008691270755574 0.003423087092977492 -4.345675527442854 -0.003423087092977492 1.0008691270755574 4.873762696583141
114 0.9956834864842409 0.0025836886885996025 3.736449482256689 -0.0025836886885996025 0.9956834864842409 7.420592564839773
115 1.006787829589619 0.0024575885104485837 -12.643813894038644 -0.0024575885104485837 1.006787829589619 -2.1451011838927325
116 1.008062270449942 -0.0003932449948497791 -13.411099297650285 0.0003932449948497791 1.008062270449942 -8.007698367009178
117 1.006673916210963 0.00026098349306480655 -11.161125326609513 -0.00026098349306480655 1.006673916210963 -5.820529309076858
118 1.0051514487987163 0.002275460961698205 -10.111444888811285 -0.002275460961698205 1.0051514487987163 -0.6913591170031155
119 1.0029076532302341 0.008116195925295326 -11.785969497226056 -0.008116195925295326 1.0029076532302341 11.369417911213676
120 1.0000603594841135 -0.0003148582240166103 0.20855593482437418 0.0003148582240166103 1.0000603594841135 0.059022664812890646
121 0.9998099816718424 -0.0006695051041591189 0.9679590757256794 0.0006695051041591189 0.9998099816718424 -0.2657187450404434
122 0.9994030884780106 0.0007103586650178909 0.48281528813411617 -0.0007103586650178909 0.9994030884780106 1.8331879354294283
123 1.0002224051720876 -0.00041452665618147105 0.812158795630018 0.00041452665618147105 1.0002224051720876 -0.3959971245434477
124 0.9973816990912723 -0.00488350680169155 9.607892257700696 0.00488350680169155 0.9973816990912723 -3.2679315124849064
125 0.9985332122540665 -0.0018378380539375138 3.915605701996551 0.0018378380539375138 0.9985332122540665 -0.6059473101873407
126 0.9989995030553378 -0.004663569627966976 5.174747019180398 0.004663569627966976 0.9989995030553378 -5.2283728759562
127 0.9971818212080108 -0.00534537386067662 10.06229508911859 0.00534537386067662 0.9971818212080108 -6.551891013095444
128 0.9972260487712684 -0.0060225350195247645 11.087627221677721 0.0060225350195247645 0.9972260487712684 -8.069583343771125
129 0.9915409711675472 -0.00879163086190382 22.771499964496595 0.00879163086190382 0.9915409711675472 -7.281888387704672
130 0.9943031393342642 -0.0011951110645842674 9.709132500001871 0.0011951110645842674 0.9943031393342642 4.653373062962313
131 0.9946656968630316 0.0015092486274417259 7.26344224153317 -0.0015092486274417259 0.9946656968630316 7.588897711312479
132 1.0012459621967087 -0.00026834194676172334 -0.9217940209018908 0.00026834194676172334 1.0012459621967087 -1.8059721765674481
133 1.0017464155175106 -0.0012263964891375736 -0.625214053797377 0.0012263964891375736 1.0017464155175106 -4.745985291042581
134 1.0151916131945524 -0.002165600806448133 -23.021991059554402 0.002165600806448133 1.0151916131945524 -18.675000156681534
135 0.9999159269294559 0.0010149384195920399 -0.6321132528318136 -0.0010149384195920399 0.9999159269294559 1.255933917446534
136 0.9982743793396792 0.00149585317621673 1.0984743394008696 -0.00149585317621673 0.9982743793396792 3.411773455592161
137 0.9965496345935813 0.0017125603695158035 3.3979448466112054 -0.0017125603695158035 0.9965496345935813 5.653450358422567
138 0.9994259964334442 0.003204967974675548 -3.2084153513020386 -0.003204967974675548 0.9994259964334442 5.409605144110307
139 1.0032735814680789 0.0013454735730438708 -6.340508331095089 -0.0013454735730438708 1.0032735814680789 -1.565408850705556
140 1.0022479079260371 -0.0003001188973103299 -2.460869114474209 0.0003001188973103299 1.0022479079260371 -2.3750988602573995
141 1.0009781647532592 0.00017522815051476117 -0.16894451077166356 -0.00017522815051476117 1.0009781647532592 -0.9707882716333331
142 0.9995521978852688 0.0009474474855022032 1.1088990498468105 -0.0009474474855022032 0.9995521978852688 1.4113903822653655
143 0.9977485126852998 0.002093939660388958 2.154506030545695 -0.002093939660388958 0.9977485126852998 5.019021003485232
144 0.9922686645191683 0.0003863397248158526 14.565764412457732 -0.0003863397248158526 0.9922686645191683 6.741985601870415
145 0.9997481937926254 0.0003521664341770259 1.8856232358980098 -0.0003521664341770259 0.9997481937926254 0.42084496344662403
146 0.9986454969784991 0.00046966911693049684 4.461050320996354 -0.00046966911693049684 0.9986454969784991 0.8165902458727742
147 1.0009738964048547 -0.0008242079805295727 2.232875759669458 0.0008242079805295727 1.0009738964048547 -3.433016870628995
148 0.9993581970919484 0.0003968578365773983 2.95834883909341 -0.0003968578365773983 0.9993581970919484 0.46507388306845954
149 0.9982263314134356 -0.00020949863149897683 12.107710077459842 0.00020949863149897683 0.9982263314134356 1.4392900348418853
150 0.9987805739255614 7.13776237767705e-05 4.538790541451777 -7.13776237767705e-05 0.9987805739255614 0.9833521223090922
151 0.9988735342360885 -0.0002404349726267315 4.403546380612219 0.0002404349726267315 0.9988735342360885 -0.18790436997029997
152 0.9995620953483177 -0.00034412288112678724 3.1440179149117364 0.00034412288112678724 0.9995620953483177 -1.5404375305258977
153 1.0006453425925053 -0.0004745472305705555 3.1533911272010697 0.0004745472305705555 1.0006453425925053 -2.000938697690519
154 0.9975909068426368 0.0009945303202165924 3.1161065082663546 -0.0009945303202165924 0.9975909068426368 3.539175350430791
155 1.000101080343793 0.0010913443871174147 -1.848303611733167 -0.0010913443871174147 1.000101080343793 1.574777900571804
156 1.0015181217600946 -0.0014824626707338779 -1.3770963931211078 0.0014824626707338779 1.0015181217600946 -3.734334768733138
157 1.0014731229631122 -0.0050016380689743315 2.1725482999943413 0.0050016380689743315 1.0014731229631122 -9.393042497598014
158 1.0010093564178362 -0.0055492098307081544 4.155802490802326 0.0055492098307081544 1.0010093564178362 -9.870411982763121
159 0.9985916476901932 -0.004579232030356999 6.8556935550240965 0.004579232030356999 0.9985916476901932 -5.750012190227193
160 1.0002644755411014 -0.0012014178514120925 1.699486728676523 0.0012014178514120925 1.0002644755411014 -1.8466926662664764
161 0.9963971605949332 -0.0009104920066038113 7.631329569455493 0.0009104920066038113 0.9963971605949332 2.564308695086667
162 0.999664329298201 -0.0028940003426191343 5.693510932551666 0.0028940003426191343 0.999664329298201 -3.405530689806733
163 0.9992723248782606 -0.0018787343828845495 5.484888085559017 0.0018787343828845495 0.9992723248782606 -2.2674286054814767
164 0.998246324224925 -0.006671082059525008 10.026139655937135 0.006671082059525008 0.998246324224925 -10.560238612519981
165 0.9966045930838738 0.0018854718504481332 4.220652168721787 -0.0018854718504481332 0.9966045930838738 4.558411413900151
166 0.9990421953000402 -0.000210696313283857 0.08990860085096308 0.000210696313283857 0.9990421953000402 0.3260047009393885
167 0.9976457280324187 0.0006231888701133631 0.5194880129602567 -0.0006231888701133631 0.9976457280324187 3.7558880392755625
168 0.9962670916858913 -0.0023607405441358155 4.380939254940395 0.0023607405441358155 0.9962670916858913 0.5419190202480073
169 1.000281043514006 -0.007001022802474522 -2.1093878085718725 0.007001022802474522 1.000281043514006 -9.926472725515984
170 1.0016600217142047 -0.0031755522902635683 -2.015747206930333 0.0031755522902635683 1.0016600217142047 -5.225305748818525
171 0.998824817821003 -0.0007922085033524102 0.3376936249701209 0.0007922085033524102 0.998824817821003 -0.0015297641105412646
172 1.001253801015605 -0.0012014051615826576 -4.056619469567587 0.0012014051615826576 1.001253801015605 -1.9530651164020028
173 1.0013381434906283 -0.001381297165924964 -3.345824110562993 0.001381297165924964 1.0013381434906283 -1.8136648443538497
174 1.0003490504105628 -0.0033897299126724833 -1.5823238759891327 0.0033897299126724833 1.0003490504105628 -4.882731857219936
175 1.000419936808208 -0.0009236588500210162 -1.302893281339768 0.0009236588500210162 1.000419936808208 -2.228411055795576
176 0.9987960672662625 0.00019585451709252104 0.6361495351887546 -0.00019585451709252104 0.9987960672662625 1.0198028542068762
177 1.0010590297534168 0.00029239641828092714 -2.2730463330385904 -0.00029239641828092714 1.0010590297534168 -0.47352384531857594
178 0.999797205362228 -0.0010116893723509115 1.4731777162797641 0.0010116893723509115 0.999797205362228 -0.010832533762498237
179 1.0006552843532335 0.0005453952832417171 -0.3252468871249754 -0.0005453952832417171 1.0006552843532335 0.2803190349035697
180 0.9989874246911415 -0.00018464349793413047 0.824311789033322 0.00018464349793413047 0.9989874246911415 0.49259802162494504
181 0.999373608127152 -0.00036324743307615954 0.8851019956690153 0.00036324743307615954 0.999373608127152 0.03585328633184426
182 1.001096199565304 0.0012736035085699087 -2.4507406743627813 -0.0012736035085699087 1.001096199565304 -1.170061496597773
183 0.997833215180624 -0.0032851522653867225 6.4561892696891245 0.0032851522653867225 0.997833215180624 -3.181127614641487
184 0.9946367468740868 -0.006409933833387512 15.225981373633157 0.006409933833387512 0.9946367468740868 -5.733418964655553
185 1.0011426748368575 -0.0011821858302152716 -0.5300426136021782 0.0011821858302152716 1.0011426748368575 -3.0588038321973965
186 1.0069713191032745 -0.003749118855853605 -8.20802958685152 0.003749118855853605 1.0069713191032745 -13.031393696818997
187 0.9973652731589336 0.009288302149037267 -4.355743891842858 -0.009288302149037267 0.9973652731589336 17.596986198269754
188 0.9981150829593789 0.0015754753482294312 1.6099998695479294 -0.0015754753482294312 0.9981150829593789 3.8081217528273177
189 1.0008129387613778 -0.0019975525844405143 1.4259350396824029 0.0019975525844405143 1.0008129387613778 -3.279787634894377
190 1.002287805216258 0.0006307483419349012 -3.5130280113864396 -0.0006307483419349012 1.002287805216258 -0.16963747565631945
191 1.0004518289261903 -0.000398435658541643 0.2820626879723706 0.000398435658541643 1.0004518289261903 -0.5218610840721174
192 0.9981117470396024 -0.0006699512212782763 4.5568215175386895 0.0006699512212782763 0.9981117470396024 0.8196952720114172
193 0.99684304945473 -0.002153674505201361 6.920763958654833 0.002153674505201361 0.99684304945473 -0.8124072814124546
194 0.9994245432045501 0.0015489777834998186 -0.6746450734849865 -0.0015489777834998186 0.9994245432045501 3.1418530956382114
195 0.999201020465678 -0.0006193132359266039 2.2976803639992736 0.0006193132359266039 0.999201020465678 -0.21953673986336408
196 0.9980947054508578 0.00036405081250374564 2.7343474123071965 -0.00036405081250374564 0.9980947054508578 2.3519219115240455
197 0.9986998637190843 -0.00011265508138567004 1.652338638965685 0.00011265508138567004 0.9986998637190843 1.1355224469796965
198 0.9999454595395654 4.0750814545111395e-05 -0.5895575091635645 -4.0750814545111395e-05 0.9999454595395654 0.37557033273847035
199 1.0007588028599843 3.296659757460163e-05 -1.495091068338333 -3.296659757460163e-05 1.0007588028599843 -0.8222478122133007
200 0.9997908795343736 0.000317843348919283 -0.20461400893641604 -0.000317843348919283 0.9997908795343736 0.35495553133769686
201 0.9996062321050712 -0.0007314558052294571 0.9381301370456668 0.0007314558052294571 0.9996062321050712 -0.7695849214783139
202 1.0002005895617658 -0.0009311744535260302 0.48995946983246463 0.0009311744535260302 1.0002005895617658 -1.0597792474410495
203 0.9998604877188777 0.00011178293219312908 -0.08343892479061087 -0.00011178293219312908 0.9998604877188777 0.35126721451876197
204 0.9994318056525997 0.00042599347169535714 0.2750831056782736 -0.00042599347169535714 0.9994318056525997 0.8998482188476274
205 1.00062303157082 0.0006156179974466504 -1.4591006525903807 -0.0006156179974466504 1.00062303157082 0.5556476972118046
206 1.0001287567594244 0.0006144301084601161 -0.6977251372889355 -0.0006144301084601161 1.0001287567594244 0.9807862900047324
207 0.9996922083843763 0.0001250555843108072 0.33608832875409833 -0.0001250555843108072 0.9996922083843763 0.6338504801114114
208 0.9993068046948999 7.806973167702881e-05 0.990114319596636 -7.806973167702881e-05 0.9993068046948999 0.7073398595164981
209 0.9993200041198607 0.0002475315524534522 0.6766285578525211 -0.0002475315524534522 0.9993200041198607 0.8535087745556793
210 1.0001135043524971 4.1269300912357126e-05 -0.32361644288998903 -4.1269300912357126e-05 1.0001135043524971 0.007564357402023214
211 0.9999910852230841 -0.00010514892410905586 0.008065658573780686 0.00010514892410905586 0.9999910852230841 -0.003403361339074242
212 0.9999660377258215 8.530983544845997e-05 -0.08797880737830255 -8.530983544845997e-05 0.9999660377258215 0.3183697000615868
213 1.0003114253650696 0.00011381117755269908 -0.5181642864002657 -0.00011381117755269908 1.0003114253650696 -0.11428056576883461
214 1.0001633050735823 -4.5097321304996286e-05 -0.039876665287870455 4.5097321304996286e-05 1.0001633050735823 -0.24856370774573117
215 1.0002587102198965 -1.593443990662434e-05 -0.4254610046615537 1.593443990662434e-05 1.0002587102198965 -0.22024478819067028
216 1.0004944693637814 0.0002689766638790062 -0.8723781576474242 -0.0002689766638790062 1.0004944693637814 -0.06443454974269536
217 1.000328042889324 0.00023243481894693262 -0.5735574731211481 -0.00023243481894693262 1.000328042889324 -0.005223576622877535
218 0.9993058179140755 0.00026960805359016725 0.8374137182935395 -0.00026960805359016725 0.9993058179140755 0.789046304674708
219 0.9994587471428806 -1.5160789597771905e-05 0.8679587260132976 1.5160789597771905e-05 0.9994587471428806 0.44154028269704076
220 0.999681475372196 -0.0007273339753899068 1.0048152648496118 0.0007273339753899068 0.999681475372196 -0.5252216444583601
221 0.9996201671112168 -0.0002625024813284041 1.0757574294136842 0.0002625024813284041 0.9996201671112168 0.015444035325820726
222 1.0433033150398425 -0.0005657731549635808 -44.61904363530741 0.0005657731549635808 1.0433033150398425 -23.946073417203728
223 1.0669324007208414 0.00031152803907389206 -69.93699552465576 -0.00031152803907389206 1.0669324007208414 -35.930480645502286
224 0.9013794592527008 -0.00022652547164053242 103.90579497690189 0.00022652547164053242 0.9013794592527008 53.52149262955924
225 1.0006030828810706 0.00044037269587828394 -0.8584526211353237 -0.00044037269587828394 1.0006030828810706 0.5503908651964537
226 1.0001731447695623 0.00022041624795063374 -0.3177155195693726 -0.00022041624795063374 1.0001731447695623 0.5635402216388072
227 1.0004770922228317 0.00029185228943885125 -0.5503141097272687 -0.00029185228943885125 1.0004770922228317 0.3757037567486872
228 1.0006904082804589 -0.00022508150953792815 -0.424210690291012 0.00022508150953792815 1.0006904082804589 -0.6830851149236724
229 1.0006769566740243 -0.00022493777217265468 -0.5868639278503848 0.00022493777217265468 1.0006769566740243 -0.8053648741594289
230 1.000521813473906 -0.00017197327638331152 -0.45059527612717587 0.00017197327638331152 1.000521813473906 -0.6185630447244781
231 1.0002010028149009 -4.7441854358865096e-05 -0.20736786485417436 4.7441854358865096e-05 1.0002010028149009 -0.12695512005834958
232 1.0001563434120735 -4.285369620343548e-06 -0.33426177664122747 4.285369620343548e-06 1.0001563434120735 0.019485563545179715
233 0.9998498667662021 0.00023041473791326583 -0.30590424923022086 -0.00023041473791326583 0.9998498667662021 0.4037031471643795
234 0.9996663191977901 0.0003506562560676586 -0.30099269302984366 -0.0003506562560676586 0.9996663191977901 0.44765013248981544
235 1.0000615644203916 0.00016373254267770633 -0.4688490549860154 -0.00016373254267770633 1.0000615644203916 0.07147807585916705
236 1.0000481347270305 0.00017751313969089418 -0.17816562048254214 -0.00017751313969089418 1.0000481347270305 0.1409471942392628
237 1.000119663189793 0.00011666528691623293 -0.27933447436019065 -0.00011666528691623293 1.000119663189793 0.0978432023512644
238 0.9999511003144106 0.00017466510273565807 -0.060366633797626225 -0.00017466510273565807 0.9999511003144106 0.39166327565421966
239 0.9998280640594933 0.0001638980655432602 0.08702174322761984 -0.0001638980655432602 0.9998280640594933 0.46290011926771935
240 0.999864138392214 0.0005875833774107958 -0.3850857910519946 -0.0005875833774107958 0.999864138392214 1.0855493608887945
241 0.9995774936349162 0.00013813851566482667 0.5820642280759349 -0.00013813851566482667 0.9995774936349162 0.6587201392410391
242 0.9998190657074861 -0.0003180938292766505 0.4575660292497993 0.0003180938292766505 0.9998190657074861 -0.24691175521879036
243 0.9996311742964136 -0.00032396747343895035 0.6291443421570436 0.00032396747343895035 0.9996311742964136 0.029302741878862733
244 0.9997864195938632 -6.64695263787883e-05 0.33290695748486204 6.64695263787883e-05 0.9997864195938632 0.25568252913427164
245 1.0001114801091848 0.00015404596586597835 -0.30068933189950053 -0.00015404596586597835 1.0001114801091848 0.10372784787168157
246 0.9995097228957496 -5.862509255082216e-05 0.8469763112811796 5.862509255082216e-05 0.9995097228957496 0.6146756211369742
247 0.9996514350125931 -6.156233836617165e-05 0.5137078846026617 6.156233836617165e-05 0.9996514350125931 0.5520075294170114
248 0.999895629975342 -0.00012991449622915333 0.2209612142281921 0.00012991449622915333 0.999895629975342 0.24098043359914056
249 1.000159057110854 -0.0003530110738677193 0.1908065167751895 0.0003530110738677193 1.000159057110854 -0.3884932065260836
250 1.0003399217800224 -0.00010971667544438764 -0.6467108077256745 0.00010971667544438764 1.0003399217800224 -0.47477894356215167
251 1.0002109351939734 -7.697539764191323e-05 -0.2224357662988632 7.697539764191323e-05 1.0002109351939734 -0.2643924927638568
252 1.000128691979082 -0.0003010225149351364 -0.002938026217137013 0.0003010225149351364 1.000128691979082 -0.6480639700794741
253 0.9999609000131787 -0.0001787851483770118 0.2346548463776572 0.0001787851483770118 0.9999609000131787 -0.21818841289178217
254 1.0003507094582136 2.8775759402502234e-06 -0.48075224435198943 -2.8775759402502234e-06 1.0003507094582136 -0.3541179972632795
255 1.0001649143685942 -0.00019589893701160526 0.05482449373569841 0.00019589893701160526 1.0001649143685942 -0.4075724278502688
256 0.9999220588139786 -4.1128820817158034e-05 0.23107252639576503 4.1128820817158034e-05 0.9999220588139786 -0.07812022857789835
257 1.0003375802776675 0.0002660567361034246 -0.750928705574521 -0.0002660567361034246 1.0003375802776675 -0.0047507223173885345
258 1.0001849377008152 0.00011500486288058519 -0.25899251918115296 -0.00011500486288058519 1.0001849377008152 -0.09022993568617961
259 1.0001345638129602 3.7053899964606526e-05 -0.12397501815128445 -3.7053899964606526e-05 1.0001345638129602 0.003013279874658159
260 1.0000400471733442 -0.00018987916055717913 0.15369250330372863 0.00018987916055717913 1.0000400471733442 -0.21597817080774695
261 1.0000142443756255 -3.0962287093274046e-05 0.020613775999390488 3.0962287093274046e-05 1.0000142443756255 -0.0305453859938618
262 0.9999979523983531 6.424726894251424e-05 -0.015586109880106438 -6.424726894251424e-05 0.9999979523983531 0.11104089313919936
263 1.000056909162552 0.0001169687126677675 -0.20117522992824327 -0.0001169687126677675 1.000056909162552 0.2176867377684581
264 1.0000595465908635 0.00015719268806285133 -0.24256828370613429 -0.00015719268806285133 1.0000595465908635 0.2013637435474605
265 0.9999563117673045 -0.00014249125953174737 0.34875153931100056 0.00014249125953174737 0.9999563117673045 -0.2399650390942867
266 1.0405786608958592 0.00026880883902797204 -42.58834616287352 -0.00026880883902797204 1.0405786608958592 -21.4355547507573
267 1.0774110959653707 0.0004525695760402549 -81.7381594957115 -0.0004525695760402549 1.0774110959653707 -41.451836766556944
268 0.9392290526288374 -0.00011865324221417389 63.7268719721148 0.00011865324221417389 0.9392290526288374 32.728855354253405
269 0.950987577523902 0.00012977428074616515 51.36763748811543 -0.00012977428074616515 0.950987577523902 26.329822244993586
270 1.0001669531230077 -0.00012440582430565218 -0.03679029081822711 0.00012440582430565218 1.0001669531230077 -0.35737636797640504
271 1.0000819135858403 1.1335023052707325e-05 0.205816016167198 -1.1335023052707325e-05 1.0000819135858403 0.05673891272987434
272 0.9999776276538382 -0.00010562067546421636 0.3803059339265759 0.00010562067546421636 0.9999776276538382 0.08584950439031343
273 0.9997878939344526 -8.524292033039078e-05 0.5631141840379632 8.524292033039078e-05 0.9997878939344526 0.025599521863449937
274 0.999818226369359 -4.4261076300368315e-05 0.6012982450260845 4.4261076300368315e-05 0.999818226369359 0.13345993264540787
275 0.999834560566107 -0.00019056677696419066 0.8561816519089924 0.00019056677696419066 0.999834560566107 -0.05697578946214403
276 0.9999988549973602 -6.530109454423823e-05 0.1110728065061364 6.530109454423823e-05 0.9999988549973602 0.06345800821794702
277 1.0001370692066536 7.674025514440436e-09 -0.14191059266861628 -7.674025514440436e-09 1.0001370692066536 -0.03741593304930407
278 1.0002784132505902 7.434675365795601e-05 -0.4774754042155376 -7.434675365795601e-05 1.0002784132505902 -0.18719395912456493
279 1.0000765656255752 6.980382759120242e-05 -0.1765057056838463 -6.980382759120242e-05 1.0000765656255752 0.008474547912890942
280 1.0002274856147466 3.77334254774151e-05 -0.46030730429291733 -3.77334254774151e-05 1.0002274856147466 -0.008594819042137214
281 1.000078737441748 2.6287707266244405e-05 -0.19574080916169548 -2.6287707266244405e-05 1.000078737441748 0.06095307674114462
282 1.0000161299053771 6.145357858746022e-05 -0.10668841110872194 -6.145357858746022e-05 1.0000161299053771 0.14089106755655434
283 0.9999214728950824 0.00020771641284247347 -0.22027565641139524 -0.00020771641284247347 0.9999214728950824 0.46894979350659677
284 0.9999034994675234 0.00018840046847988187 -0.015308536456015709 -0.00018840046847988187 0.9999034994675234 0.2206724171515282
285 0.9997920373129195 0.00014974201599611065 0.19195895254742248 -0.00014974201599611065 0.9997920373129195 0.2569664285013469
286 1.0000264928552662 0.00010155177409006263 -0.13766951198727526 -0.00010155177409006263 1.0000264928552662 0.03499776230610241
287 0.9998545878917352 -4.797349526777223e-06 0.16672668439511348 4.797349526777223e-06 0.9998545878917352 0.15284363829157158
288 0.9999141699489621 0.00014525035847272848 -0.21075507869455457 -0.00014525035847272848 0.9999141699489621 0.33738358538831115
289 0.9999310481980054 0.00023612509742324512 -0.291627132177543 -0.00023612509742324512 0.9999310481980054 0.40457542413904896
290 1.0001964859348431 0.0002128086221814871 -0.8584242251645209 -0.0002128086221814871 1.0001964859348431 0.07522536782669867
291 0.9999034837119111 0.0002906278251826968 -0.40748458290915535 -0.0002906278251826968 0.9999034837119111 0.41365265601562645
292 0.9999766300104329 0.0004140286801164994 -0.6795517058067441 -0.0004140286801164994 0.9999766300104329 0.45756960168864785
293 0.9999433836961822 0.0004083103773170135 -0.6965261261755256 -0.0004083103773170135 0.9999433836961822 0.3961503812697919
294 0.9999108760762013 0.0002941140826395877 -0.48879125041678395 -0.0002941140826395877 0.9999108760762013 0.3308459318434205
295 1.0001351431176695 0.00012286312259324097 -0.4783039480798592 -0.00012286312259324097 1.0001351431176695 -0.0208083951039586
296 1.0000000675665175 5.157823724001258e-05 -0.2186663737723357 -5.157823724001258e-05 1.0000000675665175 -0.00840372206315769
297 1.0001234273855486 0.000122635012378094 -0.4696355786719306 -0.000122635012378094 1.0001234273855486 0.08525742253365698
298 1.0000235113032345 3.368784967157381e-05 -0.1679163341611828 -3.368784967157381e-05 1.0000235113032345 -0.05206838081272376
299 0.9999849857960473 -0.00012490006087589178 -0.06952796189764662 0.00012490006087589178 0.9999849857960473 -0.22107648008788902
300 0.9999653864499201 -1.7260473830223966e-05 -0.09705306422728546 1.7260473830223966e-05 0.9999653864499201 -0.08730215298592786
301 0.9999946577564031 6.39016352140381e-05 0.027370767668733365 -6.39016352140381e-05 0.9999946577564031 0.02370385239713843
302 1.0000169672853578 0.00015364880741998145 -0.2273307614838629 -0.00015364880741998145 1.0000169672853578 0.11650551294095321
303 0.999943331534305 -9.84453071450511e-05 0.6018079658028999 9.84453071450511e-05 0.999943331534305 -0.375590746262902
304 0.999963293533382 0.00016865181125535304 0.09536036806336326 -0.00016865181125535304 0.999963293533382 0.1872453719795551
305 1.0001023082467533 0.0001538982282570403 -0.31293943674257774 -0.0001538982282570403 1.0001023082467533 -0.018927571934419074
306 0.9999998830021201 -2.366826401712729e-06 -0.037636396796441325 2.366826401712729e-06 0.9999998830021201 0.03794983860586544
307 0.9999113018396236 -2.43655432531516e-05 0.06573865505226939 2.43655432531516e-05 0.9999113018396236 -0.030562622048132537
308 1.0000408997341075 -3.942485454947993e-05 -0.23809154964704862 3.942485454947993e-05 1.0000408997341075 -0.06802818440905209
309 1.0001437096772599 5.382129418494487e-05 -0.32533485750176805 -5.382129418494487e-05 1.0001437096772599 -0.18844914327009762
310 1.040647067431543 -0.00034133553400243744 -43.020939752174584 0.00034133553400243744 1.040647067431543 -22.354723255957552
311 1.0774517006597166 0.00018544526118276737 -82.18851054559725 -0.00018544526118276737 1.0774517006597166 -41.296860322581296
312 0.9399790353460461 0.0012507022505401253 61.29605517773162 -0.0012507022505401253 0.9399790353460461 33.6911831803572
313 0.9499791106882151 -0.0006324343366498073 52.64826543972768 0.0006324343366498073 0.9499791106882151 26.305485642258272
314 0.9999142032022194 0.000293166916065757 -0.06179981962141865 -0.000293166916065757 0.9999142032022194 0.9267365749812757
315 1.0047110899120197 -0.0010865663690998136 -4.720904727179612 0.0010865663690998136 1.0047110899120197 -5.422417757473353
316 1.0043826402619525 -0.017270274425622366 8.549824805418366 0.017270274425622366 1.0043826402619525 -32.66214396280611
317 1.0011961037850978 0.0007028881745610698 -1.7675871114366584 -0.0007028881745610698 1.0011961037850978 0.09021818301415196
318 0.9995221228110336 -0.0008622282252120743 1.9834292711542203 0.0008622282252120743 0.9995221228110336 -0.5385782086217725
319 0.9999862298464423 -0.002589936634739248 3.3428902462362564 0.002589936634739248 0.9999862298464423 -3.7148604817985764
320 1.000581908016637 -0.00020487506426634437 -0.7131378208104189 0.00020487506426634437 1.000581908016637 -1.0124393851310005
321 0.999168551637164 0.0005913140792536437 0.846326473638375 -0.0005913140792536437 0.999168551637164 1.0690218503866222
322 0.9983325911879715 0.00028331389806614087 2.6281542554025146 -0.00028331389806614087 0.9983325911879715 2.0596630132939433
323 0.9982451115482255 0.0007905029575093206 1.7483678460766905 -0.0007905029575093206 0.9982451115482255 3.221761469261679
324 1.0003665484808562 -0.00019644068112208873 -0.36692485805706615 0.00019644068112208873 1.0003665484808562 -0.24746123142528292
325 1.0018109115713405 -0.000617021435876488 -2.197343871351575 0.000617021435876488 1.0018109115713405 -3.046096953325693
326 1.0007759666300302 0.0008491533835875253 -1.905959593705756 -0.0008491533835875253 1.0007759666300302 0.4612103071431849
327 1.000126664206958 0.000911379733312399 -1.0936775818894877 -0.000911379733312399 1.000126664206958 1.4506377146541618
328 0.9995890300897434 -0.00021125950409760295 0.6900081783486846 0.00021125950409760295 0.9995890300897434 0.3931439947380535
329 1.0002983346143015 -0.0014681371589375485 1.2478544771757472 0.0014681371589375485 1.0002983346143015 -2.08141734109587
330 0.9993256401598284 -9.608229746207309e-06 0.8814171308048837 9.608229746207309e-06 0.9993256401598284 -0.39528065495265063
331 0.9980819825780461 0.0010946885024021617 1.4785736430373442 -0.0010946885024021617 0.9980819825780461 2.621826315391415
332 0.9999138876013112 0.0006058888996527518 -0.29084758242992226 -0.0006058888996527518 0.9999138876013112 0.9951133764078208
333 1.0003165996831729 0.0001419742586194478 -0.7272706487890772 -0.0001419742586194478 1.0003165996831729 0.46042009655702454
334 1.001346475952818 -0.0004253659224784462 -1.5201969840924843 0.0004253659224784462 1.001346475952818 -1.729834817085543
335 1.0033145422364862 -0.0008165147492193916 -4.3581877305251275 0.0008165147492193916 1.0033145422364862 -4.524573503517928
336 1.0015128607423642 -0.0003557040165779835 -1.8571461323911886 0.0003557040165779835 1.0015128607423642 -2.0510564630120367
337 1.000935963824052 0.00033141858013216853 -1.5941896758990892 -0.00033141858013216853 1.000935963824052 -0.05093601978097026
338 1.0004356369449663 0.0001783732333702314 -0.9379256100726475 -0.0001783732333702314 1.0004356369449663 0.379074614144589
339 0.9999596178167784 -0.0009356398548021058 0.8058130729223477 0.0009356398548021058 0.9999596178167784 -0.6272273939843863
340 1.0013074617550028 2.2205156902365315e-05 -2.2864421510274973 -2.2205156902365315e-05 1.0013074617550028 -1.6034725448161928
341 0.9993199223375325 0.0010730387822626727 0.6692686217942254 -0.0010730387822626727 0.9993199223375325 1.065208139208568
342 1.0006297034423899 -0.00015524895815624375 -0.059900277382340356 0.00015524895815624375 1.0006297034423899 -1.1228944035572224
343 1.000712313244371 8.853516436549203e-06 -0.5368300827036874 -8.853516436549203e-06 1.000712313244371 -0.7193585402506584
344 1.0007849737342662 0.0001335679591186375 -1.2088833613632832 -0.0001335679591186375 1.0007849737342662 -0.5503508555055329
345 1.000617266231831 -0.0016196569766283235 0.5123499447911248 0.0016196569766283235 1.000617266231831 -3.2360168052579272
346 1.002522796881964 -0.0013050194916764766 -2.2542991635591405 0.0013050194916764766 1.002522796881964 -3.7472653700088356
347 0.9999747565824818 -0.00020292813118199463 0.02400852975033363 0.00020292813118199463 0.9999747565824818 0.23393977421969026
348 0.999604569139162 -0.0005611333969725538 0.9204569276521836 0.0005611333969725538 0.999604569139162 0.10634216893925937
349 0.999534195225469 -0.0016839574577066716 2.712077488127902 0.0016839574577066716 0.999534195225469 -1.198442358655864
350 1.000227648605733 -0.0019583775602683455 1.4202308013159004 0.0019583775602683455 1.000227648605733 -3.6885260511401228
351 1.001073962850108 0.00022010352855413208 -1.6461030097869458 -0.00022010352855413208 1.001073962850108 -1.333727390146155
352 1.0007194771734729 0.0007107338218673253 -1.7574045733011352 -0.0007107338218673253 1.0007194771734729 -0.08283214593255339
353 0.9999018027773618 0.0012856511036667452 -1.044007110821567 -0.0012856511036667452 0.9999018027773618 1.7893703130074128
354 0.9980059823894049 0.0007919480555061902 1.97950589208954 -0.0007919480555061902 0.9980059823894049 3.107416310299328
355 1.0026561366889029 0.0002752205358489432 -4.562921684570521 -0.0002752205358489432 1.0026561366889029 -2.0158941316723933
356 1.0026428312325086 -0.0010009428053951448 -3.5403706577567626 0.0010009428053951448 1.0026428312325086 -3.6239279608397537
357 1.0017974812308232 3.8144828557031625e-06 -3.172306872790161 -3.8144828557031625e-06 1.0017974812308232 -1.8212913287219414
358 1.0005466893429305 0.0006791801053929325 -1.453427801077802 -0.0006791801053929325 1.0005466893429305 0.8757013786747209
359 0.9985104804607345 0.0020714269652408104 -0.6526037162854963 -0.0020714269652408104 0.9985104804607345 4.562061707334832
360 0.9993128258510304 -0.0005036385162840046 1.7271530075064612 0.0005036385162840046 0.9993128258510304 -0.17875279611008366
361 0.9991577931942628 -0.0010488069700417752 2.209878433849426 0.0010488069700417752 0.9991577931942628 -0.9838880476030717
362 0.9987818125136936 1.0055137419476295e-05 1.7841697151604394 -1.0055137419476295e-05 0.9987818125136936 0.6926567822060895
363 0.9964734215706575 0.0014944709434109998 4.093333010398862 -0.0014944709434109998 0.9964734215706575 5.294558795537068
364 0.9997472522892449 0.0014397605763703854 -0.422616271215955 -0.0014397605763703854 0.9997472522892449 2.522634950853695
365 0.9985974864622994 0.0020433350741041636 0.24667018940421015 -0.0020433350741041636 0.9985974864622994 4.935034687152902
366 1.001368810638391 -0.0009536186300634168 -1.9519675546949142 0.0009536186300634168 1.001368810638391 -2.306980722016433
367 1.0019377337648938 -0.0004553908106818305 -2.9022725372515494 0.0004553908106818305 1.0019377337648938 -2.25086169884312
368 1.0019227197509064 -9.37861761161631e-05 -3.1291968796714236 9.37861761161631e-05 1.0019227197509064 -1.8561723543267465
369 1.0003309808571952 -0.0004402489428550173 -0.4374822746290865 0.0004402489428550173 1.0003309808571952 -0.9085746519164452
370 1.000398161729828 -0.0029192341659322555 1.9521531724494714 0.0029192341659322555 1.000398161729828 -4.7219632770365765
371 0.9993314547186438 -0.0015631765629155914 2.7025935616976318 0.0015631765629155914 0.9993314547186438 -2.0437906552858154
372 0.9987991616469747 0.0002892758553449794 1.4982300720376438 -0.0002892758553449794 0.9987991616469747 1.2597622736032927
373 0.9986905642595537 0.0010541724940952022 1.24514292831955 -0.0010541724940952022 0.9986905642595537 3.1260133710164593
374 0.9978009133905733 0.0018792831384096208 1.6810963913813213 -0.0018792831384096208 0.9978009133905733 6.170478464323747
375 0.99977127913458 -0.00016356496602194697 0.4677597312119327 0.00016356496602194697 0.99977127913458 0.22179062542204786
376 1.0009489698465956 -0.00242941752388567 1.143465398877252 0.00242941752388567 1.0009489698465956 -3.9197719232462767
377 1.0019168822177327 -0.000312210242237067 -3.020439773397781 0.000312210242237067 1.0019168822177327 -2.119269537805624
378 1.0019260908525232 -0.000155477403830516 -3.0554654529056546 0.000155477403830516 1.0019260908525232 -2.2890675678014833
379 1.0037270764496062 -4.305805985333302e-05 -6.341291194083807 4.305805985333302e-05 1.0037270764496062 -3.4994374189311745
380 1.0157822438123183 -0.0247469903764277 -4.212968196181226 0.0247469903764277 1.0157822438123183 -57.4617895441621
381 1.0004724298938452 -0.0006033602731750436 -0.005708698340092685 0.0006033602731750436 1.0004724298938452 -1.5720674305778402
382 0.998323410497184 -0.00026992435222223564 3.1285704292158707 0.00026992435222223564 0.998323410497184 1.9998309943622408
383 0.9997599151960175 0.00048318362142353084 -0.5336186176867325 -0.00048318362142353084 0.9997599151960175 1.4716178064108805
384 0.9984321076094665 -0.00044840435163776384 2.295067198221278 0.00044840435163776384 0.9984321076094665 1.071662090052567
385 1.000868650851675 0.00041258872633422137 -1.6232834326037804 -0.00041258872633422137 1.000868650851675 -0.24828094391073194
386 0.9994527302231154 -0.0009247626707038011 2.0051831768830835 0.0009247626707038011 0.9994527302231154 -1.0923768034086567
387 0.9961996921532275 -0.005269272300512651 11.327802001693836 0.005269272300512651 0.9961996921532275 -5.327714772203355
388 0.9977493219956965 -0.002474019262047745 6.453423465461618 0.002474019262047745 0.9977493219956965 -2.0606853883085043
389 0.9970065471464007 -0.002855256729852514 7.860234667180391 0.002855256729852514 0.9970065471464007 -2.08450769535459
390 0.9993563263991644 0.0002217775713494847 1.407169646132138 -0.0002217775713494847 0.9993563263991644 0.772977850677417
391 1.00023583812593 0.0007394358188501215 -1.2478924694086828 -0.0007394358188501215 1.00023583812593 0.4470825398633098
392 0.99805777421928 0.0023440798114782364 0.4858081120418851 -0.0023440798114782364 0.99805777421928 3.461463207280855
393 1.000239462384542 -0.001319724248913991 1.8432861899757773 0.001319724248913991 1.000239462384542 -1.5125169780162584
394 0.999696261341568 0.0009151571079554094 -0.795113266643563 -0.0009151571079554094 0.999696261341568 1.9784054397826967
395 1.0014837152076619 0.003654933339003858 -5.749100475362391 -0.003654933339003858 1.0014837152076619 3.0478992501709685
396 1.0025842234170428 -0.01170068564007278 6.572211210210604 0.01170068564007278 1.0025842234170428 -14.575070743783659
397 0.9979878122948509 -0.01720083473971298 17.723926160220337 0.01720083473971298 0.9979878122948509 -23.61858388849304
398 1.0002813825225285 -0.0038361879348805038 6.200887973412295 0.0038361879348805038 1.0002813825225285 -4.543692958827743
399 0.9978172548832256 -0.005652216347238911 10.775709953061211 0.005652216347238911 0.9978172548832256 -7.994357716940074
400 0.9670060710774687 -0.021168032879270802 78.47287046242609 0.021168032879270802 0.9670060710774687 -3.4025626892973078
401 1.0015754339772 0.00149237880732834 -6.304906171748113 -0.00149237880732834 1.0015754339772 -0.12019022122980783
402 1.000550790463484 0.00275450682436619 -6.304297828646458 -0.00275450682436619 1.000550790463484 4.24062305549287
403 1.0012827047538029 0.002788489696115947 -8.032225816406545 -0.002788489696115947 1.0012827047538029 4.853110088284286
404 1.0006290507402824 0.0015651796165475798 -3.9904184922229713 -0.0015651796165475798 1.0006290507402824 2.975736441363078
405 0.9992087432620137 -0.00023086296835352462 -1.4253298167587418 0.00023086296835352462 0.9992087432620137 1.4658610444079683
406 1.0000615455784632 0.00026872571568016675 -0.855158583051758 -0.00026872571568016675 1.0000615455784632 -0.45526215654613333
407 1.0001852072718338 0.0003493022541917751 0.8126744716866953 -0.0003493022541917751 1.0001852072718338 -1.113185523642137
408 0.9993771141377935 -0.00034489109379463005 1.8885190319960314 0.00034489109379463005 0.9993771141377935 0.15991241397699718
409 0.9976264291054551 -0.0006940252522013794 4.503071737671502 0.0006940252522013794 0.9976264291054551 1.4491192182392134
410 0.9971632888320634 -0.000842017861085819 6.028995521540449 0.000842017861085819 0.9971632888320634 1.2920322604080225
411 1.0007724394040665 -0.0025572850720886977 4.136929262760218 0.0025572850720886977 1.0007724394040665 -5.173005159643976
412 1.0024378168256294 0.00018085296140709292 2.2276348650837186 -0.00018085296140709292 1.0024378168256294 -1.5436215808253106
413 1.001525575942219 -0.00133573665740246 1.804892267803548 0.00133573665740246 1.001525575942219 -3.07904634650815
414 0.9983991631932458 -0.0007656476177189519 4.310211061906702 0.0007656476177189519 0.9983991631932458 0.9765057256316358
415 0.9978834917998824 -0.00241998524583489 6.2420958447146075 0.00241998524583489 0.9978834917998824 0.1829971716289185
416 0.9946352848282488 -0.004868708081950309 14.081163275062442 0.004868708081950309 0.9946352848282488 -1.758247346461509
417 1.0011880553713286 -0.0006003041934249812 -1.1426946571423267 0.0006003041934249812 1.0011880553713286 -2.414433714191574
418 1.0019266570683347 -0.0006406009247821417 -2.8350029206018004 0.0006406009247821417 1.0019266570683347 -3.1189129792637913
419 1.001059466188674 9.44532001102311e-05 -2.823801463078689 -9.44532001102311e-05 1.001059466188674 -1.515303577959839
420 1.0022012627259504 0.00039203190410517586 -5.972290200083943 -0.00039203190410517586 1.0022012627259504 -1.395419516040766
421 1.0013280976958403 -0.0008541524263301897 -2.046423491216492 0.0008541524263301897 1.0013280976958403 -1.7501249610367264
422 1.004235973285605 0.001583882400758493 -9.478359862753635 -0.001583882400758493 1.004235973285605 -0.9464732524214389
423 1.0031578706913171 0.0020800881735568524 -7.790302744946829 -0.0020800881735568524 1.0031578706913171 -0.05871129943680688
424 1.0042887155252205 0.003645243627976539 -11.397335088402523 -0.003645243627976539 1.0042887155252205 1.6972361963369766
425 1.0038157691993457 0.0035938293037885323 -10.56352120093433 -0.0035938293037885323 1.0038157691993457 2.6372441625574385
426 1.0009162420985214 0.0014026018884437978 -5.0540970393344935 -0.0014026018884437978 1.0009162420985214 1.6928440517486947
427 1.000770475841095 0.0004775234854468113 -2.769053885065643 -0.0004775234854468113 1.000770475841095 0.26268011697713756
428 1.0008772424206716 0.00022347564086281371 -1.7527948752951454 -0.00022347564086281371 1.0008772424206716 -1.0648446437187908
429 1.0006387801005343 -0.00015029409113289966 -0.3192175769726075 0.00015029409113289966 1.0006387801005343 -1.608502616377292
430 0.999748429107333 -0.000341516795101934 1.6053660567115062 0.000341516795101934 0.999748429107333 -0.614379879680369
431 0.9937489058040341 -0.003584095292964268 14.331974774102859 0.003584095292964268 0.9937489058040341 0.2059304620908913
432 0.9975872051873166 -0.0013996848034927966 6.254235673065115 0.0013996848034927966 0.9975872051873166 -0.4196930607823868
433 0.9987278832205261 -0.0018684324482690668 5.013913780790567 0.0018684324482690668 0.9987278832205261 -2.450830833699659
434 0.9971468023265797 -0.0034813073141848672 8.565717712550363 0.0034813073141848672 0.9971468023265797 -4.041734970492686
435 0.9965699162982777 -0.004308275779796038 10.001161208014322 0.004308275779796038 0.9965699162982777 -4.7648272682686414
436 0.9992970025075787 -0.003470721583051187 4.907332458526762 0.003470721583051187 0.9992970025075787 -4.6540337443368625
437 0.9938716862766803 0.001116479257820081 10.42441697985694 -0.001116479257820081 0.9938716862766803 6.932802607714288
438 0.995837751750233 -0.003151609338965035 9.948370440330438 0.003151609338965035 0.995837751750233 -1.0314802116939976
439 0.9987558128993911 -0.0024596110193076397 5.051498708774215 0.0024596110193076397 0.9987558128993911 -3.1780317098361093
440 1.0009671875206514 -0.005981823953640246 4.225313560539708 0.005981823953640246 1.0009671875206514 -11.166372838019152
441 0.9974730361705366 -0.007252863777134969 10.873631721048259 0.007252863777134969 0.9974730361705366 -9.93710682674459
442 0.9985462654568592 -0.00030577317739025837 2.7549189114509245 0.00030577317739025837 0.9985462654568592 1.2952576314324085
443 0.996578238621011 -4.179278342343262e-05 6.020332572019625 4.179278342343262e-05 0.996578238621011 3.498444869556234
444 0.9991012524472265 0.0007445949285499355 1.002046860951241 -0.0007445949285499355 0.9991012524472265 2.7451344514859444
445 0.9999333199221374 0.004894116992210654 -4.825508057315236 -0.004894116992210654 0.9999333199221374 7.6299501079399015
446 1.0008805215681948 0.0010889996184773392 -2.776601244487984 -0.0010889996184773392 1.0008805215681948 0.5914639879399903
447 1.0092683015199808 -0.0004014044298999866 -15.667261357087135 0.0004014044298999866 1.0092683015199808 -9.827135155805653
448 1.0095605504547855 0.0016009236217287828 -16.62327059455781 -0.0016009236217287828 1.0095605504547855 -6.961596831049256
449 1.0065947094302954 0.0035417455983778982 -14.51250027137475 -0.0035417455983778982 1.0065947094302954 -1.0191438185885344
450 1.0011078170696517 0.0019021539409479762 -4.8665766258513 -0.0019021539409479762 1.0011078170696517 1.9019760602656735
451 1.0034412331779337 0.002862447862542942 -9.319069567223812 -0.002862447862542942 1.0034412331779337 1.9413771682882004
452 1.000335631823994 0.001314964148943859 -2.7617921464047948 -0.001314964148943859 1.000335631823994 1.3660764083416892
453 0.9995624135084147 0.0009117598932859926 -1.4242905588489843 -0.0009117598932859926 0.9995624135084147 2.078317416916854
454 0.9999012577422856 0.0016555452340540735 -2.2946990319087925 -0.0016555452340540735 0.9999012577422856 3.004324314268558
455 0.9993083624999075 0.0005621882297698897 -0.010549476887398213 -0.0005621882297698897 0.9993083624999075 2.1211534156543728
456 1.0006705884694935 0.0029179977771614535 -4.110306713787216 -0.0029179977771614535 1.0006705884694935 3.700165257084595
457 1.0029259004890894 0.00014202001500857844 -5.642522817063542 -0.00014202001500857844 1.0029259004890894 -2.945358308462418
458 1.007678867031188 0.002762368246247937 -15.514401300448574 -0.002762368246247937 1.007678867031188 -2.9853288768705877
459 1.0062209057730165 0.003397458937263479 -13.705448200022934 -0.003397458937263479 1.0062209057730165 -1.9404414090989746
460 1.0053966856629308 0.004059432060723085 -13.502413570594998 -0.004059432060723085 1.0053966856629308 1.3338404214315094
461 1.0043890484082705 0.0013692961794070382 -8.942847195635093 -0.0013692961794070382 1.0043890484082705 -1.7006495886771311
462 1.001875768556476 0.0016266542397725564 -6.332871580667549 -0.0016266542397725564 1.001875768556476 0.863263513683683
463 1.0026803448067714 0.004803958771293298 -9.452669507997442 -0.004803958771293298 1.0026803448067714 4.8914407028000015
464 1.0013468902560498 0.0035324574687704466 -6.104203139531862 -0.0035324574687704466 1.0013468902560498 3.7784836362639354
465 1.0009524140267476 0.00307850855688722 -5.48994442907526 -0.00307850855688722 1.0009524140267476 3.640806979635091
466 0.9954093905520451 0.0033329570667807386 4.097619558573596 -0.0033329570667807386 0.9954093905520451 9.814450228025393
467 0.9992610699494937 0.0009032928218189718 -0.39892648834738964 -0.0009032928218189718 0.9992610699494937 2.238242946828221
468 1.0033917685148381 0.002060259447311165 -8.369090570352856 -0.002060259447311165 1.0033917685148381 0.20661987711539687
469 1.0057435788857378 0.0008179303164852463 -11.01140249169859 -0.0008179303164852463 1.0057435788857378 -4.0417325556986565
470 1.0047059204428745 0.003155113095430932 -11.132645891864863 -0.003155113095430932 1.0047059204428745 -0.0815233932793642
471 1.002307929456952 0.0030073565970214714 -6.812838113291796 -0.0030073565970214714 1.002307929456952 2.0545087578747205
472 1.0055304279678816 0.00245652225262944 -11.920510624739418 -0.00245652225262944 1.0055304279678816 -0.8748771638611399
473 1.0002904783398041 0.001475235180533167 -3.5571328098297563 -0.001475235180533167 1.0002904783398041 1.0299345640033968
474 1.0005792453455324 0.0025021667959227115 -4.463307280467904 -0.0025021667959227115 1.0005792453455324 3.0129015813580398
475 1.0026705708990118 0.0046203933088526244 -9.026565386202506 -0.0046203933088526244 1.0026705708990118 5.211867698622971
476 1.0083619310309515 0.008798632189138142 -22.51818582854748 -0.008798632189138142 1.0083619310309515 7.436402227481141
477 1.0035249093659864 0.0035183908741542934 -8.82022261286109 -0.0035183908741542934 1.0035249093659864 2.355948378134091
478 1.001018810700755 -0.0016309110248317335 0.4512941010866343 0.0016309110248317335 1.001018810700755 -3.2884523447734684
479 0.9891419171290261 0.00034074651588702934 0.648245993820808 -0.00034074651588702934 0.9891419171290261 6.625902798452154
480 0.9900458917775902 0.004763417077233313 -3.8348554833820905 -0.004763417077233313 0.9900458917775902 11.096333494073962
481 0.9726840039061282 -0.006813346577406609 4.6259302870961765 0.006813346577406609 0.9726840039061282 13.451718071786514
482 0.9859474743434379 0.005624626850517071 0.632213836745589 -0.005624626850517071 0.9859474743434379 13.14157113033373
483 0.9840865135488647 0.0003938556165422675 4.469525922724662 -0.0003938556165422675 0.9840865135488647 11.617004809760644
484 0.9808659664769575 0.0017351497472349394 4.577971694792094 -0.0017351497472349394 0.9808659664769575 12.769169879337491
485 0.9825348793595636 -0.0025666116669809023 6.015579241903811 0.0025666116669809023 0.9825348793595636 9.329858223141073
486 0.976560384199183 -0.011463251253069967 52.22581094500914 0.011463251253069967 0.976560384199183 2.5709354701778193
487 1.0001855103325281 0.0007511663523984741 -1.0842593527729258 -0.0007511663523984741 1.0001855103325281 0.9278534990107784
488 1.000423740159678 2.581903462677243e-05 -0.8679032936533599 -2.581903462677243e-05 1.000423740159678 -0.3200348826122164
489 1.0004191618447618 -0.0005228640316736637 -0.5232088657664486 0.0005228640316736637 1.0004191618447618 -0.6230843857754027
490 1.0003659489338268 -0.0005494503826159228 -0.3702660126315904 0.0005494503826159228 1.0003659489338268 -0.7394931858629549
491 1.0006030685865168 -0.0007024789180976928 -0.631255342692698 0.0007024789180976928 1.0006030685865168 -1.165997912281509
492 1.0001004986013335 3.139643604314711e-05 -0.351262192950084 -3.139643604314711e-05 1.0001004986013335 -0.1275239906267968
493 1.000032967042778 0.00024600116884530756 -0.40129699388409823 -0.00024600116884530756 1.000032967042778 0.11109225363038266
494 1.000059639677018 0.0003083256204963724 -0.40325778857061295 -0.0003083256204963724 1.000059639677018 0.1648606521234372
495 0.9999897185956966 0.0003575521053466574 -0.3839306378755472 -0.0003575521053466574 0.9999897185956966 0.26141891190326494
496 0.9998514271274246 0.00034927519575031924 -0.39283997446961355 -0.00034927519575031924 0.9998514271274246 0.2954769754850026
497 0.9997676692449714 0.00017063937732656246 -0.03763184563845107 -0.00017063937732656246 0.9997676692449714 0.21616343243076874
498 0.999846950405464 9.916697638939684e-05 0.01859753630265451 -9.916697638939684e-05 0.999846950405464 0.1060134524773368
499 0.9998556258503817 0.00010981832617413287 0.1294182274184664 -0.00010981832617413287 0.9998556258503817 0.10477340991570688
500 0.999896374913623 -1.7006483704532757e-05 0.16495307645059962 1.7006483704532757e-05 0.999896374913623 0.036949396542942804
501 0.9998424649689929 -4.632707415305783e-05 0.44556289396931137 4.632707415305783e-05 0.9998424649689929 0.07038172847157595
502 0.9996754984298761 0.00018488327379814805 0.2566039271005935 -0.00018488327379814805 0.9996754984298761 0.44260841727287903
503 0.999538087953026 0.00011379623853955183 0.36360151706766153 -0.00011379623853955183 0.999538087953026 0.5452631681570482
504 0.999231539130128 -6.150284941514585e-05 0.6140075189809895 6.150284941514585e-05 0.999231539130128 0.6821314297609322
505 0.9992837196627086 -0.00024226900325027218 0.645990646664139 0.00024226900325027218 0.9992837196627086 0.43532362198880886
506 0.9997253969027524 -0.00017011799171225996 0.12435082347874397 0.00017011799171225996 0.9997253969027524 -0.017427689076548757
507 0.9998838539496182 0.0003475194526399173 -0.20897527210007727 -0.0003475194526399173 0.9998838539496182 0.4172918515216287
508 0.9999883002737794 0.00012602803067662623 0.0053392804180010505 -0.00012602803067662623 0.9999883002737794 0.18040646092604767
509 0.9998380137481713 7.86099491305621e-05 0.16075573704783683 -7.86099491305621e-05 0.9998380137481713 0.19650780074575622
510 1.00018585126984 -9.776451618051559e-05 0.08191209341572153 9.776451618051559e-05 1.00018585126984 -0.40379004784036954
511 0.9998368897750516 -0.0005105563176088221 0.8741630641031477 0.0005105563176088221 0.9998368897750516 -0.5996623906311797
512 0.9998832982107578 -0.0005639439932954973 0.7838945239644581 0.0005639439932954973 0.9998832982107578 -0.36178276983428886
513 1.0001048447365848 -0.0004932905543277625 0.8469947969158172 0.0004932905543277625 1.0001048447365848 -0.4051422087643406
514 0.9998290299256687 -0.0006851283473196883 1.2032348201237455 0.0006851283473196883 0.9998290299256687 -0.1771688593325611
515 0.9995963575457095 -0.00035512417237304635 1.2834614379192637 0.00035512417237304635 0.9995963575457095 0.17328475102403867
516 0.9995764852554005 -0.0005535571496735605 1.7413954829982672 0.0005535571496735605 0.9995764852554005 -0.38389578347780795
517 0.9996827634332252 -0.00024174331802401486 1.0577004654002897 0.00024174331802401486 0.9996827634332252 -0.004347368950293529
518 0.9996195868367591 -0.0004522336364353253 1.320585906788827 0.0004522336364353253 0.9996195868367591 -0.17914981391302623
519 0.9995560629861939 -0.0004216652876066763 1.5441483439830117 0.0004216652876066763 0.9995560629861939 -0.3090157469987078
520 0.9993886009110425 -0.0009443393779721806 2.367503436285375 0.0009443393779721806 0.9993886009110425 -0.8965896012314664
521 0.9987623658258064 -0.0008336677009867358 2.7783284144509057 0.0008336677009867358 0.9987623658258064 0.19876190464824628
522 0.9980459218294753 -0.0028635518680354076 6.5487921877507835 0.0028635518680354076 0.9980459218294753 -2.3536496179684283
523 0.998827294492307 -0.001474758377966881 3.890571034467435 0.001474758377966881 0.998827294492307 -1.0360963306866668
524 0.9968568081704461 -0.0045627252864207735 9.763757073312734 0.0045627252864207735 0.9968568081704461 -3.71229254640895
525 0.995277118740783 -0.00458563709824847 12.291586868735573 0.00458563709824847 0.995277118740783 -3.117659292629267
526 0.9885860034718167 -0.008576246107992472 27.716285821112006 0.008576246107992472 0.9885860034718167 -4.632381205777761
527 0.996807415924917 -0.0029778790736444665 8.748502824249282 0.0029778790736444665 0.996807415924917 -1.5560608191022354
528 0.9943621788948973 -0.004540512327409399 13.099026145391807 0.004540512327409399 0.9943621788948973 -1.9796346227552053
529 0.9975218358338944 -0.003674649690834992 7.4863060576214595 0.003674649690834992 0.9975218358338944 -3.1510091985150477
530 0.9978340872771346 -0.0027182980412943443 6.057380421624451 0.0027182980412943443 0.9978340872771346 -2.0557796909208497
531 0.9999540435049398 -0.0005643423363230988 0.5764735508570233 0.0005643423363230988 0.9999540435049398 -0.9585680141041041
532 1.077723320370853 -0.000501999810385947 -34.88832385748127 0.000501999810385947 1.077723320370853 -26.523624292582493
533 1.0729089491728716 -0.001024344992125702 -33.66934917843821 0.001024344992125702 1.0729089491728716 -26.201740024304286
534 1.0678585529818365 0.0009028029071525404 -32.67732387227997 -0.0009028029071525404 1.0678585529818365 -22.390744715681024
535 0.989554242636415 -0.005748441437508392 23.39055573872076 0.005748441437508392 0.989554242636415 0.2467789653087289
536 1.1143146391982235 0.02350812076705017 -70.97092945857749 -0.02350812076705017 1.1143146391982235 -18.460692205590927
537 1.0531045058877304 0.008452575050793686 -33.37014482985495 -0.008452575050793686 1.0531045058877304 -9.534228014747134
538 1.0017255248341927 0.002989891066986273 -6.180750368481176 -0.002989891066986273 1.0017255248341927 2.7051964742967614
539 1.003287116762997 0.0012545552763050091 -6.908216376911492 -0.0012545552763050091 1.003287116762997 -1.204118911019319
540 1.0019690966719816 -0.0001508925361739786 -3.0021026293582085 0.0001508925361739786 1.0019690966719816 -1.883999097647625
541 1.019050187390876 -0.017545880764705007 -16.073555931133843 0.017545880764705007 1.019050187390876 -48.605864708451904
542 1.0027753735844331 -0.002637810232688769 -1.9280866166566384 0.002637810232688769 1.0027753735844331 -7.081804122287608
543 1.0067246291212224 -0.0024825018612401524 -8.648119139920901 0.0024825018612401524 1.0067246291212224 -10.718388142315058
544 1.0060816955092522 -0.0005425403135225306 -9.398797390143027 0.0005425403135225306 1.0060816955092522 -6.924466501089037
545 1.0043498066079752 0.0024045718220231196 -9.769234186501834 -0.0024045718220231196 1.0043498066079752 -0.13167892986515484
546 1.0009786388002748 0.014463044458610913 -15.325829920790017 -0.014463044458610913 1.0009786388002748 23.873656934601755
547 0.9997100388584025 0.007251552186137442 -6.554330517271841 -0.007251552186137442 0.9997100388584025 12.642108039946855
548 0.9991376095052857 0.00583470889465571 -4.153462400877987 -0.00583470889465571 0.9991376095052857 10.812869892855947
549 0.998344319866048 0.003921479543519969 -1.2926798277280662 -0.003921479543519969 0.998344319866048 8.306632468102677
550 0.9972971483379647 0.016988341299367656 -11.371359460251023 -0.016988341299367656 0.9972971483379647 31.860836986027127
551 0.991798758805937 0.026691721937330375 -11.840655717002418 -0.026691721937330375 0.991798758805937 53.5835219925955
552 0.995950513643744 0.007252686685355729 0.3998196379974242 -0.007252686685355729 0.995950513643744 15.839894582676997
553 0.9965099289507584 -0.00014607019883720055 6.057282821506821 0.00014607019883720055 0.9965099289507584 2.652798850205442
554 0.9986016175692486 -0.0005047319477426741 3.252445019336874 0.0005047319477426741 0.9986016175692486 0.6118131346837914
555 0.9984589625679867 -0.005339248839814716 8.775295416902042 0.005339248839814716 0.9984589625679867 -6.9181014069243725
556 0.9927931900762726 0.006500381036168641 6.484159828831992 -0.006500381036168641 0.9927931900762726 18.220654173719673
557 0.9982630137363 -0.00671939085723278 10.019227099040368 0.00671939085723278 0.9982630137363 -10.07411605864548
558 0.9990162153811154 -0.009538754798066642 11.099386306666732 0.009538754798066642 0.9990162153811154 -15.447634983218688
559 1.0009227510186263 -0.009956468038067465 7.886379103776894 0.009956468038067465 1.0009227510186263 -17.974838476810877
560 1.0017445782140386 -0.01115095245581849 7.614684811803199 0.01115095245581849 1.0017445782140386 -20.801669182974944
561 0.9909156895439447 0.005900580912174999 9.982546257787003 -0.005900580912174999 0.9909156895439447 18.604538118802918
562 0.9899331360309133 0.008287302781793649 9.494638423998252 -0.008287302781793649 0.9899331360309133 23.67959302483651
563 0.988899765552851 0.00809844727633881 11.572555006934627 -0.00809844727633881 0.988899765552851 24.373574237073754
564 1.0027037445559246 -0.015367569528234462 9.94845319933053 0.015367569528234462 1.0027037445559246 -28.938268708162273
565 1.0017771893926724 -0.013143495602277955 9.170109587114172 0.013143495602277955 1.0017771893926724 -24.45199991436715
566 1.0090882162009125 -0.012175359326442385 -3.850162047822118 0.012175359326442385 1.0090882162009125 -29.015596281496133
567 0.9939709765276502 -0.005778680790646667 16.44989265185392 0.005778680790646667 0.9939709765276502 -4.722115741201483
568 0.9920702966419074 -0.003596463487247245 18.150599822713176 0.003596463487247245 0.9920702966419074 0.6737940770703261
569 0.9893110726272647 -0.002796919538128322 21.574975779871743 0.002796919538128322 0.9893110726272647 4.7305796666152355
570 1.0041012652322 0.0017296758615392162 -9.388565972096858 -0.0017296758615392162 1.0041012652322 -0.7322218332700139
571 1.0018390555763728 0.0017720941616440975 -5.854350351981459 -0.0017720941616440975 1.0018390555763728 1.435249275035709
572 0.9749270666673805 -0.011405562573092073 53.80291815988025 0.011405562573092073 0.9749270666673805 4.0597775384315735
573 0.9888110145022668 -0.007384117665875762 26.26937731804867 0.007384117665875762 0.9888110145022668 -2.0379681459815298
574 0.988152189187381 -0.0075362142165864635 27.664243124063905 0.0075362142165864635 0.988152189187381 -1.7165129128275471
575 0.9896365171104328 -0.0063864340303519986 24.293968067794765 0.0063864340303519986 0.9896365171104328 -1.6618396756901148
576 0.9893505848246666 -0.006409148560415072 24.855180674807873 0.006409148560415072 0.9893505848246666 -2.0843569691402726
577 1.0012112434839853 -0.0027359696603501543 1.1813796160190033 0.0027359696603501543 1.0012112434839853 -5.988701063046307
578 1.0019040629569287 -0.000601935472340486 -2.3394132395034846 0.000601935472340486 1.0019040629569287 -2.63456480717304
579 1.0018014841676481 0.0006400273262724939 -3.3108738533041597 -0.0006400273262724939 1.0018014841676481 -0.1740609991092648
580 1.0010810413688929 -0.0011110062835227425 -0.24843030039981429 0.0011110062835227425 1.0010810413688929 -2.7306631265756867
581 1.0019039342873521 -0.0012585927423759964 -1.6137318470687034 0.0012585927423759964 1.0019039342873521 -3.777223290215585
582 1.0005733113723803 -0.012202010498629368 10.819752163420919 0.012202010498629368 1.0005733113723803 -21.258249528513026
583 1.0067732719501037 7.264492722186501e-06 -11.492478569178129 -7.264492722186501e-06 1.0067732719501037 -5.562349929093129
584 1.0002970808081038 0.0007284347970544066 -0.8742079920320638 -0.0007284347970544066 1.0002970808081038 1.0731283313484856
585 1.0036258673824632 0.0044433529234199735 -10.440073386625782 -0.0044433529234199735 1.0036258673824632 4.7173378858234445
586 1.0000993465771215 0.00515289794200513 -4.958437531178646 -0.00515289794200513 1.0000993465771215 8.861203757714211
587 0.9962495719056009 0.009569227077365907 -2.388239379389487 -0.009569227077365907 0.9962495719056009 20.231167283152896
588 0.995599215293528 0.001942977930700653 6.137235674093843 -0.001942977930700653 0.995599215293528 7.405045368811738
589 0.994328055946246 0.00266221683606574 7.876335288834492 -0.00266221683606574 0.994328055946246 9.800935184416751
590 0.9925733782529356 -0.00039983336702716635 13.589158688333496 0.00039983336702716635 0.9925733782529356 6.089534060570161
591 0.9921361570789327 -0.004416056744168158 17.551236997405674 0.004416056744168158 0.9921361570789327 -0.65971306400347
592 0.9842456877138535 -0.014229163621062092 40.38499324229397 0.014229163621062092 0.9842456877138535 -9.754912544398215
593 0.9896501809934204 -0.00523954634998957 22.032274845167723 0.00523954634998957 0.9896501809934204 -0.6880172895849308
594 0.9887111890543883 -0.005756695917291844 24.411060731939905 0.005756695917291844 0.9887111890543883 0.04567712612268959
595 0.9869787312395445 -0.007083701065522421 28.89888265836128 0.007083701065522421 0.9869787312395445 -0.12677565506297872
596 0.9858388037906756 -0.0034179077105099816 27.43700225638036 0.0034179077105099816 0.9858388037906756 7.022931598905049
597 0.9690064191491008 -0.015446372950765612 68.60401243533585 0.015446372950765612 0.9690064191491008 2.8038659609910206
598 0.9930990277871141 0.009972240243429981 2.0191079679548545 -0.009972240243429981 0.9930990277871141 23.404443705334387
599 0.9832009829168942 -0.01787314212397374 45.792423797372635 0.01787314212397374 0.9832009829168942 -14.72851660151004
600 0.9782097880838854 -0.014157563390324632 50.4352997273935 0.014157563390324632 0.9782097880838854 -3.9732370123631044
601 0.976526356785384 -0.015191426288255747 54.51968207640716 0.015191426288255747 0.976526356785384 -3.890102181670601
602 0.9893429122392118 0.03244297096621801 -12.723429424009575 -0.03244297096621801 0.9893429122392118 65.99824405323845
