0 1.0 0.0 0.0 0.0 1.0 0.0
1 1.000277884737626 6.069620144273913e-05 0.22543392086547856 -6.069620144273913e-05 1.000277884737626 -0.38277132221199733
2 0.9966787055696316 0.0004768229893961527 0.6526982198578034 -0.0004768229893961527 0.9966787055696316 3.2222200179099785
3 1.0022034544539054 0.00012480391793799313 -0.1374770786701469 -0.00012480391793799313 1.0022034544539054 -1.783461806714154
4 0.9995481118938558 -0.0004378132592573669 0.833257602640688 0.0004378132592573669 0.9995481118938558 0.5913968086021969
5 0.9987448432456002 -0.00105552138700305 1.8912462263889818 0.00105552138700305 0.9987448432456002 1.2420003384123446
6 0.9978859996181655 -0.0008155316762271827 1.4621169693975675 0.0008155316762271827 0.9978859996181655 2.1004459055698637
7 0.999756817695891 0.0012490199306250762 0.052620117510938424 -0.0012490199306250762 0.999756817695891 1.0266850093109054
8 1.0016038913073386 3.323490442674303e-05 -0.3519413400475352 -3.323490442674303e-05 1.0016038913073386 -1.619450121442415
9 1.0000408735925252 0.0004823608968236189 -0.8965172906977349 -0.0004823608968236189 1.0000408735925252 -0.27939719548425246
10 0.9987229894286058 0.0009836836860980423 -0.6344496018853226 -0.0009836836860980423 0.9987229894286058 1.1596523554168723
11 0.9991728074767745 8.191294530042035e-05 -0.4198762131202308 -8.191294530042035e-05 0.9991728074767745 -0.015057944011453111
12 0.999768567963777 9.694398207368593e-05 -1.2181568066452126 -9.694398207368593e-05 0.999768567963777 -0.7425069267865482
13 0.9991415051599539 -0.00011952135600418374 -0.044683563541854265 0.00011952135600418374 0.9991415051599539 0.49536421743898035
14 0.993932392628526 0.0011415468275883783 0.07466686559251601 -0.0011415468275883783 0.993932392628526 6.775200811074757
15 0.9958004124496086 0.0002537800640641134 0.9401835220786352 -0.0002537800640641134 0.9958004124496086 3.852912000866602
16 0.9988653372950701 0.0003091028989924822 -0.3345177988284025 -0.0003091028989924822 0.9988653372950701 0.7809490115125013
17 0.995846372412513 0.0034698385275108803 -3.314795167170995 -0.0034698385275108803 0.995846372412513 4.627655951772269
18 0.9983333378379755 0.002142684707092096 -0.789119078686877 -0.002142684707092096 0.9983333378379755 1.2238490595649534
19 0.9964861653911171 0.003275586809306771 -2.263206708384387 -0.003275586809306771 0.9964861653911171 3.3148806637540758
20 0.9971822230383659 0.004101383859528386 -3.759870000680747 -0.004101383859528386 0.9971822230383659 3.6432423834130456
21 0.9962372008385867 0.0021944254003648804 -1.6635889445661682 -0.0021944254003648804 0.9962372008385867 4.466684889270855
22 0.9972265796203462 -0.0003004698563583547 0.7290953790054646 0.0003004698563583547 0.9972265796203462 2.8511116068881144
23 0.9873962387513134 -0.006290992867619161 10.34438391293232 0.006290992867619161 0.9873962387513134 12.09934021427766
24 0.9955915437581992 -0.0007733348860744203 4.418943161023404 0.0007733348860744203 0.9955915437581992 4.083019986360829
25 0.9971706112958703 -0.001404329242422204 4.7698827977489975 0.001404329242422204 0.9971706112958703 1.6787882750228447
26 0.9919585105463112 -0.0002780623298738675 11.163986671006466 0.0002780623298738675 0.9919585105463112 6.098922402549763
27 0.995409738491588 -0.00034662182173914204 6.575087283505824 0.00034662182173914204 0.995409738491588 3.53519194905155
28 0.9994921286898054 3.628364657138781e-06 1.6937390597447428 -3.628364657138781e-06 0.9994921286898054 0.04773357432309727
29 0.9998306600423329 0.0007573184627908435 0.5053765451867931 -0.0007573184627908435 0.9998306600423329 -0.43563447348981554
30 0.9986592490032082 0.00025694980734772575 2.077854628718335 -0.00025694980734772575 0.9986592490032082 -0.122034646636508
31 0.999668222227471 0.004838001299172847 -4.574780944944955 -0.004838001299172847 0.999668222227471 0.9060206130487746
32 1.004638715690148 0.005331209136859234 -5.456939594750676 -0.005331209136859234 1.004638715690148 -4.0046931329149915
33 0.9996668239067122 -0.0003326449928783357 0.46822123043358643 0.0003326449928783357 0.9996668239067122 0.2595759056566455
34 0.9992636609167397 -9.058859321451563e-05 0.3844191403682454 9.058859321451563e-05 0.9992636609167397 0.10035846351731469
35 0.9996246266285337 -0.00017489583656673477 0.7585848954510047 0.00017489583656673477 0.9996246266285337 0.08230311296378504
36 0.9988839170508521 -0.0006321746462750604 1.367210642028057 0.0006321746462750604 0.9988839170508521 1.090826440657651
37 0.9957797117375439 -0.00295850731764886 4.972151877476872 0.00295850731764886 0.9957797117375439 3.342798592195714
38 1.000544461455517 1.721250222652687e-05 0.1261564079394655 -1.721250222652687e-05 1.000544461455517 -0.6427863962253482
39 0.9981181647681986 0.0005008475724287023 -0.23375827918329048 -0.0005008475724287023 0.9981181647681986 1.5191307553365232
40 0.995647700426064 -0.001015166312007056 2.8578059117118833 0.001015166312007056 0.995647700426064 3.991687083966524
41 1.0005909039468852 0.00020983117684907632 -1.1243274365029485 -0.00020983117684907632 1.0005909039468852 0.26938372116632125
42 0.9959341782554976 -0.004559340807412386 6.105858617778981 0.004559340807412386 0.9959341782554976 3.28975009200059
43 0.9991386208790352 0.0020569689737678395 -2.1829403024038014 -0.0020569689737678395 0.9991386208790352 1.4883586550373116
44 1.0021034249473204 0.0007565001248091244 -2.5951137066464134 -0.0007565001248091244 1.0021034249473204 -2.2559866867661618
45 1.003024327465591 0.00044286920854111117 -3.481446531058579 -0.00044286920854111117 1.003024327465591 -2.9564787742556873
46 1.0039152717836048 0.00026694243546752146 -3.745819415606116 -0.00026694243546752146 1.0039152717836048 -3.60501176896752
47 1.0125927442605425 -0.00032209712389920066 -13.120181210937188 0.00032209712389920066 1.0125927442605425 -10.798586515531158
48 1.0260507998489168 -0.0007324473990051896 -29.693929037996735 0.0007324473990051896 1.0260507998489168 -26.801904034767272
49 1.013277960287933 -0.0028660267057543016 -13.951918643169261 0.0028660267057543016 1.013277960287933 -15.08821017772322
50 1.0116198040415378 -0.0016734665601739428 -12.828707361133619 0.0016734665601739428 1.0116198040415378 -11.447623175607683
51 1.0154134948609206 -0.0010265051748397885 -15.717437852371669 0.0010265051748397885 1.0154134948609206 -12.803994277170212
52 1.0008197907804268 -0.000983773016196971 -0.3855441680242156 0.000983773016196971 1.0008197907804268 -0.8656498190300244
53 1.004192024467847 -0.0007124269997963368 -0.7818772249381185 0.0007124269997963368 1.004192024467847 -4.329777074652317
54 1.0034764761642252 0.000987121704682438 -4.593884625194915 -0.000987121704682438 1.0034764761642252 -2.6478781523534907
55 1.0052945410519003 0.002417867974409772 -5.398602069195496 -0.002417867974409772 1.0052945410519003 -4.183222268564138
56 1.0058620859333547 0.003330625535835155 -5.7632444367223465 -0.003330625535835155 1.0058620859333547 -5.028368149949606
57 1.0030350383165474 0.0011633020941558098 -2.566431755406885 -0.0011633020941558098 1.0030350383165474 -3.4473113866160325
58 1.0065754333554735 0.022200481749560855 -24.600057681372256 -0.022200481749560855 1.0065754333554735 -1.6649525105309795
59 1.0002953377363046 0.0008629685668601614 -1.898901917542239 -0.0008629685668601614 1.0002953377363046 -0.4832318413641549
60 0.9995474419362003 -0.0003065400003804202 0.12693778223116886 0.0003065400003804202 0.9995474419362003 1.0654538332772674
61 1.0207813633697216 0.0037436872502707584 -21.40492411327783 -0.0037436872502707584 1.0207813633697216 -3.8859124736832684
62 0.9999742820571939 -0.007881616463925593 7.910379449519932 0.007881616463925593 0.9999742820571939 -1.6825152464960076
63 0.9972798317851811 -0.007453268866527618 8.650440622353372 0.007453268866527618 0.9972798317851811 1.7768162296375098
64 0.9835584927532062 0.0037060507334783542 13.508499754091211 -0.0037060507334783542 0.9835584927532062 16.49901476133799
65 0.9995540636182408 0.0007779983185042877 -0.39026030363646447 -0.0007779983185042877 0.9995540636182408 0.2257298179435236
66 1.0004773418406367 0.0021753615883509944 -2.4087793034597325 -0.0021753615883509944 1.0004773418406367 -0.841033211608572
67 1.004069698366703 0.0051843389949739116 -6.242524856744506 -0.0051843389949739116 1.004069698366703 -3.3544092502909733
68 0.9998364424407717 0.0006555672449418854 -0.6097288733315479 -0.0006555672449418854 0.9998364424407717 0.22045140243848582
69 0.9998512389789866 -0.0007545549333038568 2.273225261590787 0.0007545549333038568 0.9998512389789866 -0.8430988046548828
70 0.990141293742132 -0.0008103333780038281 10.99485427115731 0.0008103333780038281 0.990141293742132 8.289291570134559
71 0.9955001995119022 -0.002480165214621293 5.51281777698622 0.002480165214621293 0.9955001995119022 5.121311668310332
72 0.9978296398531428 -0.0014515855910704426 2.817364856577279 0.0014515855910704426 0.9978296398531428 3.9034378164291024
73 0.998633974144674 -0.003585198808932555 3.891403825112702 0.003585198808932555 0.998633974144674 2.0943580245652607
74 0.9989715837098627 -0.001592599364723397 2.417149999838766 0.001592599364723397 0.9989715837098627 2.1607963482099652
75 0.9996848918629484 -0.00027071714709236077 0.07053241985710536 0.00027071714709236077 0.9996848918629484 1.8431434301522471
76 0.9992075778807193 0.00011460806558906875 -0.45445557486885535 -0.00011460806558906875 0.9992075778807193 0.8980724139414522
77 0.9971028398723414 0.001566416771326787 -0.5006753008456521 -0.001566416771326787 0.9971028398723414 3.7707676613453014
78 1.000619210077566 0.0012579667617439313 -2.532486954928752 -0.0012579667617439313 1.000619210077566 0.01763573497229387
79 1.0008434172676186 0.0003559068325645418 0.18386241143041002 -0.0003559068325645418 1.0008434172676186 -1.5318308994110872
80 1.0004192995057881 -0.00031363384211927775 0.3879622023768613 0.00031363384211927775 1.0004192995057881 -1.5156011292013933
81 1.0000612133195503 -0.0006989555520835646 0.31822385539595244 0.0006989555520835646 1.0000612133195503 -0.5078338905551845
82 0.9999250077579598 -0.0005991323205649674 0.5499158163264134 0.0005991323205649674 0.9999250077579598 -0.819583868967781
83 0.9998594015052876 -0.0006563295914014326 0.8701105735451287 0.0006563295914014326 0.9998594015052876 -0.870957843901451
84 1.0004128082838963 -0.0003253004021081953 -0.008024758826601747 0.0003253004021081953 1.0004128082838963 -2.210062682929309
85 0.9998949902647474 0.0009539691765774773 -1.3900563235836254 -0.0009539691765774773 0.9998949902647474 -0.6005560845738436
86 0.9999815155770488 0.0017562795657200144 -2.098526925965415 -0.0017562795657200144 0.9999815155770488 -0.7332312535244154
87 0.9993424338230839 0.0028745888223413747 -2.7383497978709688 -0.0028745888223413747 0.9993424338230839 0.677569850480233
88 1.0006839468518387 0.0021354876577535076 -2.2105961513014143 -0.0021354876577535076 1.0006839468518387 -0.5773387547076309
89 1.00036453451668 0.0003702630590169535 -0.5700856565556717 -0.0003702630590169535 1.00036453451668 -1.026347372967122
90 0.998716692855581 0.0004566792194686522 -0.4345855381765342 -0.0004566792194686522 0.998716692855581 1.5092783529279168
91 0.9991131442264641 0.00019000520108852456 -0.6391335737850676 -0.00019000520108852456 0.9991131442264641 1.072856678156259
92 0.9998512531457638 0.0001952501251837516 -0.6279055561670875 -0.0001952501251837516 0.9998512531457638 0.11783290868585983
93 1.00001985360131 0.00033154721916458374 -0.5593392238155345 -0.00033154721916458374 1.00001985360131 -0.43194778070093326
94 1.0006655514928036 0.0010429380411412074 -1.093784930867278 -0.0010429380411412074 1.0006655514928036 -1.2708985864217788
95 1.0004205965135187 -0.00025447655118991685 0.2588550718435185 0.00025447655118991685 1.0004205965135187 -0.6618058600363983
96 1.000203662406219 -0.0012321284119107714 1.0990095540269884 0.0012321284119107714 1.000203662406219 0.20511970802213084
97 1.00028718372444 -0.0011121058356088564 1.0610439659116315 0.0011121058356088564 1.00028718372444 0.3956065086104465
98 1.0000968559421832 -0.0033048856100031626 3.406215508448375 0.0033048856100031626 1.0000968559421832 0.21448896953992358
99 1.000118429238455 -0.00084584731574077 2.1720930597104724 0.00084584731574077 1.000118429238455 0.7210187723740553
100 1.0010533728947622 0.00011508366674748349 0.5758621203398848 -0.00011508366674748349 1.0010533728947622 -2.0373862372253897
101 1.0011301350497566 0.0009475614728242542 -0.4067726623005612 -0.0009475614728242542 1.0011301350497566 -1.7705458441926543
102 1.0008707652759414 0.0007334719877054656 -0.16567413713798418 -0.0007334719877054656 1.0008707652759414 -1.7304216073701575
103 1.0019103184037408 0.001088626940893486 -1.239457154071446 -0.001088626940893486 1.0019103184037408 -3.343997256668502
104 1.0042044609807763 0.0017987344719774313 -2.367364707329126 -0.0017987344719774313 1.0042044609807763 -3.662570506054786
105 1.0009077888191553 -0.0010906931175989013 1.899841866869523 0.0010906931175989013 1.0009077888191553 -0.41857355344763647
106 0.9996118829767228 -0.00020346830640258738 1.928864310708848 0.00020346830640258738 0.9996118829767228 2.505909298305454
107 0.9998860881268473 -0.0018435162099338833 2.3353162920303574 0.0018435162099338833 0.9998860881268473 0.5912984380484648
108 1.001545342823456 -0.0006151369066039322 0.279880997639669 0.0006151369066039322 1.001545342823456 -0.12837239764363476
109 0.9998211820811062 0.00025049539418863 -0.3158035414679641 -0.00025049539418863 0.9998211820811062 0.7518202564897972
110 0.9994165560773642 0.0006720880733185356 -1.0192222409291243 -0.0006720880733185356 0.9994165560773642 0.8131795521074452
111 1.0001154894362447 0.0010543051378554009 -1.830843966402271 -0.0010543051378554009 1.0001154894362447 -0.4318891970942683
112 1.000153529929372 0.001696091449242728 -2.5895996246717727 -0.001696091449242728 1.000153529929372 -0.7018350529444973
113 0.9990932799861455 -0.00019402929730170048 -0.9392060358148941 0.00019402929730170048 0.9990932799861455 0.4151864159652545
114 0.9980557837417976 -0.0005576863890754844 0.18107896786951805 0.0005576863890754844 0.9980557837417976 2.355109104520305
115 0.9980638853857321 -0.0023285117011844847 2.067151628322253 0.0023285117011844847 0.9980638853857321 1.8826309943727813
116 1.0009677928550602 -0.0006585229916969595 -1.711444544849616 0.0006585229916969595 1.0009677928550602 -0.7413287629858716
117 1.0010192985999444 -0.0008081250070143988 -0.48719406858283976 0.0008081250070143988 1.0010192985999444 -0.8896945180382738
118 1.001796759727072 -0.0008062631549549464 -1.4676173068019982 0.0008062631549549464 1.001796759727072 -1.7753287161397462
119 1.0015828425825133 -0.000191320224389561 -0.6626809346543102 0.000191320224389561 1.0015828425825133 -1.561145880831597
120 1.0020386568551374 0.001247176160996213 -2.341806308102599 -0.001247176160996213 1.0020386568551374 -2.3948013873328864
121 1.0006863739091363 0.0017901159128024312 -2.4686882513353674 -0.0017901159128024312 1.0006863739091363 -0.6180971582764893
122 1.0008403277916789 0.0004833940411806921 -1.169262704975919 -0.0004833940411806921 1.0008403277916789 -0.4038705301499583
123 1.0009403027059773 -0.00018921677124514652 -0.06451444226055672 0.00018921677124514652 1.0009403027059773 -0.029818267098562567
124 1.0044267669664042 -0.005165163964848644 4.331058239725613 0.005165163964848644 1.0044267669664042 -4.688995660992512
125 1.0012856565306367 -0.0002556789215529008 0.0904833843436586 0.0002556789215529008 1.0012856565306367 -0.11647596558343065
126 1.0016742730656638 -0.00021051762007785705 0.14386285183087022 0.00021051762007785705 1.0016742730656638 -0.9293022522067786
127 1.0015428297924187 -0.00034336872011994527 0.11789675642268967 0.00034336872011994527 1.0015428297924187 -1.755955301347842
128 1.001470203443647 -0.0003249756834162098 -0.1535613591615541 0.0003249756834162098 1.001470203443647 -2.645171695117691
129 1.0010138497330099 0.0008181697317818774 -0.39539106181336914 -0.0008181697317818774 1.0010138497330099 -1.2374813809574283
130 1.000414999486865 -0.0006094282418347647 0.35957366680011793 0.0006094282418347647 1.000414999486865 -1.9535227071588488
131 1.000390411425449 -0.0005085720087600552 0.7937107696086803 0.0005085720087600552 1.000390411425449 -1.1193495452956534
132 1.0003735625594339 -0.0001527827081397884 0.7488155416081651 0.0001527827081397884 1.0003735625594339 0.12761804759334586
133 1.0002989334678576 0.0004063608486278695 0.21693399177287553 -0.0004063608486278695 1.0002989334678576 1.4044707062502901
134 1.0012961732072325 -0.00035434738648247723 0.5960127733214875 0.00035434738648247723 1.0012961732072325 -1.0765335070378501
135 1.0002534164547772 0.0004979901545881424 0.14277275964995464 -0.0004979901545881424 1.0002534164547772 1.9549472082417851
136 0.999493371640754 0.0007598524675646126 0.5113552624868694 -0.0007598524675646126 0.999493371640754 1.9713473353464037
137 0.9982000795678346 0.0005533386487361236 1.4085825359701176 -0.0005533386487361236 0.9982000795678346 1.202748329700861
138 0.9989023155728313 0.0010274435055758861 0.29810533135837547 -0.0010274435055758861 0.9989023155728313 -0.5484121428414628
139 0.9981959922972008 0.0015603566728316838 -0.27029924863335175 -0.0015603566728316838 0.9981959922972008 1.3397929470508312
140 0.9994347736621612 -4.789626759358018e-05 0.8921477248831602 4.789626759358018e-05 0.9994347736621612 -1.1134199645678082
141 0.9996024689188219 0.0001460422368732441 0.4926045795757328 -0.0001460422368732441 0.9996024689188219 -0.06488966617925673
142 0.9990595556398185 -0.0006775318926926704 1.2791851179588418 0.0006775318926926704 0.9990595556398185 1.2335776916134915
143 0.9991922890946185 -0.0004289879231677146 1.0295790927718476 0.0004289879231677146 0.9991922890946185 1.0415815542405804
144 0.999308184869062 0.00013235809377019238 0.05968833442925029 -0.00013235809377019238 0.999308184869062 0.5020728167921181
145 0.9995563179135661 -0.0005593824518735145 1.003506063333098 0.0005593824518735145 0.9995563179135661 1.867612914264397
146 0.9993941997303675 -0.00032039935827236893 0.396261755315491 0.00032039935827236893 0.9993941997303675 1.2889514326310152
147 0.9995998552571768 -0.0007445467795189725 0.15885798035630544 0.0007445467795189725 0.9995998552571768 0.33322001506424376
148 1.000244036686778 -0.00021471685573373707 -1.0351370790869252 0.00021471685573373707 1.000244036686778 -0.7472137351038017
149 0.9997062121081061 0.0003337870145650827 -0.45111341681606687 -0.0003337870145650827 0.9997062121081061 0.810286267547156
150 0.9999342171688861 0.0003861340946972529 -0.7198518062778031 -0.0003861340946972529 0.9999342171688861 0.13057627445605918
151 0.999948568434121 0.0005286082906345892 -0.5684214057624208 -0.0005286082906345892 0.999948568434121 -0.043564628911621765
152 0.9996830458769603 0.000406013224398405 -0.7243437468801576 -0.000406013224398405 0.9996830458769603 -0.1286669261594302
153 0.9995616050228938 7.845408985576502e-05 0.035927015159497255 -7.845408985576502e-05 0.9995616050228938 -0.007513062221730316
154 0.9985031258579464 0.00021204170521106974 0.8529431878284891 -0.00021204170521106974 0.9985031258579464 0.22084930956717236
155 0.9989193999186804 -0.0003447552891946489 0.8781655808794879 0.0003447552891946489 0.9989193999186804 0.03813041191702307
156 0.9987389583354618 0.0003573712104904491 0.26142634688128125 -0.0003573712104904491 0.9987389583354618 0.5368212353267948
157 0.9983846138420099 0.00048391648634270486 0.42154409144019667 -0.00048391648634270486 0.9983846138420099 0.10200994214812997
158 0.9993946053695146 0.0002587072332562474 -0.08352810792611003 -0.0002587072332562474 0.9993946053695146 -0.17158765851816712
159 0.9991401960103511 0.0002645208021285122 0.09465586175972368 -0.0002645208021285122 0.9991401960103511 0.8419324329739072
160 0.9984053504047703 0.0009131736247278443 -0.9701230744273348 -0.0009131736247278443 0.9984053504047703 1.5082854765684068
161 0.9989427082570513 -0.0002923245933736803 0.1283077283469165 0.0002923245933736803 0.9989427082570513 1.6772864987494434
162 0.999120423444359 0.00029641968220653293 -0.2887054078285356 -0.00029641968220653293 0.999120423444359 1.3284840240634364
163 0.9996520508625489 -0.00019565248066918982 0.23050085837163367 0.00019565248066918982 0.9996520508625489 0.4747884928729703
164 0.9996755572453184 -0.00012049154871033864 0.2133002460506877 0.00012049154871033864 0.9996755572453184 -0.1816473438480515
165 0.9989399394615386 0.002304200432469451 -0.9711268460300503 -0.002304200432469451 0.9989399394615386 1.0626161623390835
166 0.9999030537958766 0.000802792214677398 -0.45986612032301033 -0.000802792214677398 0.9999030537958766 0.3513577452935204
167 1.0005371634019973 -0.0002569947481631446 0.634730113926326 0.0002569947481631446 1.0005371634019973 -0.013831259002266005
168 1.0002415289049458 -0.001107134683105575 2.123466726903344 0.001107134683105575 1.0002415289049458 0.9749744845270172
169 1.000277872680534 -0.00015882003666194594 0.5448863431592519 0.00015882003666194594 1.000277872680534 -0.12995734883733193
170 0.9999222003440008 -0.00041824135992355274 1.0425105840340945 0.00041824135992355274 0.9999222003440008 0.3582007568218728
171 1.0003900413990523 -0.0005991072745947614 1.5281922904198084 0.0005991072745947614 1.0003900413990523 -0.2500582911030094
172 1.000714794259503 0.0006539813625883554 -0.003109259996133762 -0.0006539813625883554 1.000714794259503 -0.7827798207335455
173 1.009228326981893 0.004872837824532777 -6.635344411919749 -0.004872837824532777 1.009228326981893 -8.452666241258745
174 1.0174430169175679 0.0069198858474679836 -10.928465866193209 -0.0069198858474679836 1.0174430169175679 -16.751367468507212
175 1.0011825573873936 0.0016108022860070925 -0.2211202503237376 -0.0016108022860070925 1.0011825573873936 -1.2738495359056403
176 1.000022642711301 0.0005936811432635217 1.2440294509101062 -0.0005936811432635217 1.000022642711301 0.6156726819194565
177 0.9996056647092548 -0.0010587878016179216 2.914758515778156 0.0010587878016179216 0.9996056647092548 0.8931374000438272
178 0.9991791176678022 -0.0009354663383542357 2.276541169470049 0.0009354663383542357 0.9991791176678022 1.624266647917073
179 0.9984265629351756 0.00032879364632490925 -0.4829450575693523 -0.00032879364632490925 0.9984265629351756 2.041059631789175
180 1.0016005744687597 0.0015161023318499551 -1.9568122821192087 -0.0015161023318499551 1.0016005744687597 -0.8233767396640612
181 0.9999286611105136 0.000542577485908761 -0.10904237412641467 -0.000542577485908761 0.9999286611105136 -0.30531015391779415
182 0.9999478115504581 0.0004922103920522933 -0.12696189377755648 -0.0004922103920522933 0.9999478115504581 -0.6884532623556177
183 1.0003976452283767 0.0004639515205315293 -0.3398030744071262 -0.0004639515205315293 1.0003976452283767 -1.2659508536400357
184 0.9986395388791215 0.0008966687076191317 -1.2877707918395465 -0.0008966687076191317 0.9986395388791215 1.4587986785786735
185 0.9984343296717082 -5.290509883459359e-05 1.1246765384635815 5.290509883459359e-05 0.9984343296717082 1.0172479361541715
186 0.9981572389629021 0.00038837251683921216 0.10294382462829477 -0.00038837251683921216 0.9981572389629021 1.2367704934641512
187 0.9980869278824835 4.625184899463315e-05 -0.6635554303353184 -4.625184899463315e-05 0.9980869278824835 0.9221779049370348
188 0.9967295501843959 -2.9826763307588735e-06 -0.5696572260888293 2.9826763307588735e-06 0.9967295501843959 2.269077703540439
189 0.9917511388175253 -0.0006130226049907415 2.0291693051073305 0.0006130226049907415 0.9917511388175253 8.285153056550682
190 0.9946549469248808 -0.001760071795952323 1.8809165365961755 0.001760071795952323 0.9946549469248808 5.353175651365772
191 0.9948379876554923 -0.0017552799504430153 1.528711298280106 0.0017552799504430153 0.9948379876554923 5.086313355213913
192 0.9944312325642596 0.0009067313543816113 0.7119304256217956 -0.0009067313543816113 0.9944312325642596 5.982676834053513
193 0.9953559285187424 0.0013566942073810614 -0.10801706251262269 -0.0013566942073810614 0.9953559285187424 5.350722131647302
194 0.9989068435751939 0.0009262979061466065 -1.254694421558614 -0.0009262979061466065 0.9989068435751939 2.922311019710261
195 1.001746912612122 0.0005557321405738898 -4.419664259832158 -0.0005557321405738898 1.001746912612122 0.5130285829317603
196 1.001598125075815 -7.300687207373834e-05 -2.7680033586216606 7.300687207373834e-05 1.001598125075815 -0.6315146639298566
197 1.0066329493808248 -0.0007877068814502106 -8.757302287001439 0.0007877068814502106 1.0066329493808248 -5.43410491996874
198 1.0022713122350917 0.00029071913960987346 -4.163620821530887 -0.00029071913960987346 1.0022713122350917 -1.7358476417393969
199 1.005111982905223 -0.0005367184511328505 -9.117010294914692 0.0005367184511328505 1.005111982905223 -5.10503781554565
200 1.0012357471056348 0.0005751797276142829 -3.570724304325969 -0.0005751797276142829 1.0012357471056348 -1.2480211040470977
201 1.0027789811424703 8.587407320069934e-05 -5.434545886589238 -8.587407320069934e-05 1.0027789811424703 -2.3698977948410964
202 1.000956655834769 0.0003327518434955967 -2.7845405448444924 -0.0003327518434955967 1.000956655834769 -0.9033577574161835
203 1.0059476506186456 -0.0012274707122778353 -8.20572680033504 0.0012274707122778353 1.0059476506186456 -5.739386091339163
204 1.011538627471827 -0.00017546330710967766 -17.83793161897853 0.00017546330710967766 1.011538627471827 -7.675049040155547
205 1.0012470541017724 0.00046887356238161737 -3.5771638437273596 -0.00046887356238161737 1.0012470541017724 -0.3708952255503877
206 1.0009253378718592 0.0006511439479211103 -3.134055529318462 -0.0006511439479211103 1.0009253378718592 -0.3421773144500739
207 1.0014924987264935 0.0008274765528722522 -3.725847614905644 -0.0008274765528722522 1.0014924987264935 -0.8603518683380241
208 1.0009337761814183 0.0007726726789720996 -3.4868838224571834 -0.0007726726789720996 1.0009337761814183 -0.4007903584431008
209 0.9999202033014518 0.0014756811946851865 -5.201030116313262 -0.0014756811946851865 0.9999202033014518 1.3307210053622982
210 1.000087241637875 0.0006104632350418786 -2.9311849349334826 -0.0006104632350418786 1.000087241637875 -0.24905941260801212
211 1.001076261511708 -0.0005301306460396189 -2.103429471488404 0.0005301306460396189 1.001076261511708 -2.322344405786501
212 1.0008140216412809 0.00031607803341675403 -2.7007886861351333 -0.00031607803341675403 1.0008140216412809 -1.9696397843597142
213 1.0006684350778838 0.0011553513637311476 -3.040440921244294 -0.0011553513637311476 1.0006684350778838 -2.3848654883368225
214 0.9996748143363405 0.0005247281558383903 -1.3564063747801052 -0.0005247281558383903 0.9996748143363405 0.031494820727667
215 0.9991829189967087 -0.0002941226505612608 0.36338680125891853 0.0002941226505612608 0.9991829189967087 0.9618970546068493
216 0.999353789325707 -0.0023102965047723835 2.8731881815662788 0.0023102965047723835 0.999353789325707 0.5403729616373032
217 0.998685800140502 -0.00029278725217150576 1.205010709801037 0.00029278725217150576 0.998685800140502 2.2150727094514546
218 0.9984666129309553 -0.0002968788685087333 1.0106438750345226 0.0002968788685087333 0.9984666129309553 2.996108600177298
219 0.9992520029067212 3.579734019987333e-05 0.29432328204405234 -3.579734019987333e-05 0.9992520029067212 1.4721396958255473
220 0.9991024738628482 0.0003974863735556034 -1.3136224739958136 -0.0003974863735556034 0.9991024738628482 2.1926604806827363
221 0.999944709087473 5.549463231000129e-05 0.02056936452337182 -5.549463231000129e-05 0.999944709087473 0.8099617713316881
222 1.000067775583582 -0.0004850074019057124 1.0455816033050738 0.0004850074019057124 1.000067775583582 0.033328293074876794
223 1.0005113970601835 -3.41557970966399e-05 0.8851755151807508 3.41557970966399e-05 1.0005113970601835 -0.35302904140279023
224 0.9994259015615193 0.0001514807656036797 2.2388765302506246 -0.0001514807656036797 0.9994259015615193 -0.3453913923219707
225 0.9998145696956685 -7.713728678454531e-06 0.45474261088225215 7.713728678454531e-06 0.9998145696956685 -0.7797683502123812
226 0.9998821290367467 0.00044737687441883224 -0.2158264362476204 -0.00044737687441883224 0.9998821290367467 -0.7602674156085041
227 0.9996202204012221 0.000980079075820504 -0.5515691062928466 -0.000980079075820504 0.9996202204012221 -0.6061994448110547
228 0.9996242518427155 0.0003350811546713795 0.5202426931623132 -0.0003350811546713795 0.9996242518427155 -1.0099216318687423
229 1.0031187120686962 -0.0010070043296832405 0.6349935423773355 0.0010070043296832405 1.0031187120686962 -3.7537292544333942
230 1.0004230268963343 -0.0004502316978771418 1.0004233220044896 0.0004502316978771418 1.0004230268963343 -0.6128280300222917
231 0.999908774039181 -0.0004905095573430102 1.535509554044412 0.0004905095573430102 0.999908774039181 0.38280612496279665
232 1.000035807726833 -0.001922446741293973 3.3147466457683845 0.001922446741293973 1.000035807726833 0.5620541811367604
233 0.9993106545356114 -0.000322289246370267 2.0182794615530644 0.000322289246370267 0.9993106545356114 2.029541662558013
234 0.9999203638174786 -0.0004134466984196275 0.8554953521821056 0.0004134466984196275 0.9999203638174786 0.03042583361179496
235 0.9939772203694559 -0.0014541995599015227 10.185839237838184 0.0014541995599015227 0.9939772203694559 0.4862036212426011
236 0.9903791317489025 0.0002615275045577492 13.223768783068262 -0.0002615275045577492 0.9903791317489025 2.2062495908743616
237 0.989013843355276 -0.0030886726995046025 16.44488783606912 0.0030886726995046025 0.989013843355276 0.1587708126497836
238 0.9904915261105114 -0.0009423784593156639 13.882699309848944 0.0009423784593156639 0.9904915261105114 2.0206876633490545
239 1.0001644861711876 -6.23450887954777e-05 1.6710900940654194 6.23450887954777e-05 1.0001644861711876 -0.7056355070175855
240 1.0000830321422736 0.0006128090390921993 -1.1035307253244533 -0.0006128090390921993 1.0000830321422736 0.16320706910604926
241 0.9978960761763042 -0.0026959803355910182 4.678980079594045 0.0026959803355910182 0.9978960761763042 1.9557264134480765
242 0.9952220517508633 0.0005159443156979483 4.561946555810043 -0.0005159443156979483 0.9952220517508633 6.300872314318536
243 0.9978552373382158 -0.0005635141897060843 2.1911445578714277 0.0005635141897060843 0.9978552373382158 1.9739030238839712
244 0.9984653576807053 -0.0005035069551299348 1.7930298957733073 0.0005035069551299348 0.9984653576807053 0.4107779415683347
245 0.9963738210015031 0.00372933574245979 -2.806754693209507 -0.00372933574245979 0.9963738210015031 3.7096482686295427
246 0.9954344189834002 0.0015484811208910578 -0.6507082080810513 -0.0015484811208910578 0.9954344189834002 4.004566468130437
247 0.9930236107265825 0.0008888982996504477 0.7391129684406561 -0.0008888982996504477 0.9930236107265825 6.687479210534411
248 0.9928486041127487 0.0008943689222314403 0.4054612867914218 -0.0008943689222314403 0.9928486041127487 6.93286473481409
249 0.9913669709341942 2.1475234850441293e-05 2.3557040908205584 -2.1475234850441293e-05 0.9913669709341942 8.80903557844049
250 0.9875380480216341 0.0011205122795701582 1.1283518147739837 -0.0011205122795701582 0.9875380480216341 13.143009824005105
251 0.9951711514561195 0.00030243113824150725 0.5092698836592799 -0.00030243113824150725 0.9951711514561195 4.987322561396892
252 0.996817017594751 0.0005201062025226461 -0.7318237479666793 -0.0005201062025226461 0.996817017594751 2.7293915386727083
253 0.9942553200991578 -3.6480127885355276e-05 1.3816149291135211 3.6480127885355276e-05 0.9942553200991578 1.9828592460933443
254 0.9990834931187731 0.0009758549862282054 -2.6242402434121264 -0.0009758549862282054 0.9990834931187731 -0.84932192409347
255 0.9947798799430952 0.007171312782987606 -6.420510607645121 -0.007171312782987606 0.9947798799430952 6.009115354088441
256 0.9992685286386604 0.0007217656390016414 -2.042818470589701 -0.0007217656390016414 0.9992685286386604 0.9473868448879821
257 0.9961535568718002 0.00033641021291484443 0.6694024073135981 -0.00033641021291484443 0.9961535568718002 4.279622829608676
258 0.9989845413345212 0.00045421593964547016 -0.9724025187548335 -0.00045421593964547016 0.9989845413345212 2.080519197552232
259 0.9994467484357803 -0.00035536269401537676 -0.455529654590952 0.00035536269401537676 0.9994467484357803 0.8746421436884328
260 0.9996578103603034 0.00046506379449342454 -0.6664485957400608 -0.00046506379449342454 0.9996578103603034 0.1247613325526924
261 1.001367389708448 0.0008895821905830246 -2.3162112231366683 -0.0008895821905830246 1.001367389708448 -1.875640311154094
262 1.001252075310755 0.0015187859822066764 -3.174413834368801 -0.0015187859822066764 1.001252075310755 -2.231398117569803
263 1.0014817668426255 0.00192008625236656 -3.242223348577667 -0.00192008625236656 1.0014817668426255 -1.9823154966700107
264 1.0005609918916527 0.005327484455500201 -5.603367424036727 -0.005327484455500201 1.0005609918916527 0.14569356738744865
265 1.0003959518748016 0.0005181041636592572 -0.8128928905838114 -0.0005181041636592572 1.0003959518748016 -0.34326816913490166
266 0.9963380578091959 -0.001040164514666649 1.0090763942677938 0.001040164514666649 0.9963380578091959 5.653830119461852
267 0.9959802275515142 -0.004020944167719894 4.3132994030092355 0.004020944167719894 0.9959802275515142 3.954587320285916
268 0.9964598224119425 -0.0018634840165949408 2.4228970407782806 0.0018634840165949408 0.9964598224119425 3.1457990236910165
269 1.0060794393840056 0.0014172022986905788 -12.79728267634119 -0.0014172022986905788 1.0060794393840056 -2.5840297864194492
270 0.9923967042681902 0.011292071091081195 -10.071263066771285 -0.011292071091081195 0.9923967042681902 10.37892739529714
271 1.02338814959913 -0.007553342282542918 -24.326654814577996 0.007553342282542918 1.02338814959913 -29.223013702763044
272 1.0156537437797197 0.0009573947258352964 -25.289753778814696 -0.0009573947258352964 1.0156537437797197 -17.248490048266298
273 0.9979699793594927 0.016211577807047097 -16.89291383511191 -0.016211577807047097 0.9979699793594927 6.076361275702091
274 0.9963294299554696 0.004805721397244169 -5.032486429590632 -0.004805721397244169 0.9963294299554696 4.969473464399936
275 0.996886038544012 0.002937907135641193 -2.4583888862809555 -0.002937907135641193 0.996886038544012 4.4526378150793215
276 0.9985434596990553 -0.0004427177175024392 0.9837188629993758 0.0004427177175024392 0.9985434596990553 1.9471058031486568
277 0.9988615654249717 0.0008228052663314043 -0.1956961322998249 -0.0008228052663314043 0.9988615654249717 2.3395220725848542
278 0.999943469494844 0.0015762794501002972 -1.6384311597730772 -0.0015762794501002972 0.999943469494844 2.3570219803133172
279 0.9992309907678748 0.0012378747950270534 0.051088803946178984 -0.0012378747950270534 0.9992309907678748 1.7949563763310588
280 1.004893480715274 0.005158809471437371 -6.6446178711426 -0.005158809471437371 1.004893480715274 -4.115524113362988
281 1.001917514443452 0.00023506453109828904 -0.8835742113124295 -0.00023506453109828904 1.001917514443452 -3.290332956728471
282 0.9986456496996462 0.000310157805711686 0.14109697132046195 -0.000310157805711686 0.9986456496996462 1.4370122988823932
283 0.9988783489413446 -0.0010874878360997147 1.6827802978689324 0.0010874878360997147 0.9988783489413446 1.5880541069429337
284 0.9993909102140879 -0.0031568154051110236 3.3791846933573586 0.0031568154051110236 0.9993909102140879 0.4828592795444611
285 1.0002870457246102 -0.005697647258031134 5.971795892853654 0.005697647258031134 1.0002870457246102 -1.397975409632053
286 1.0006727621380924 -0.004762437081911601 5.2228982849055745 0.004762437081911601 1.0006727621380924 -1.6164111414746822
287 0.9998206911431893 -0.008615646082084757 8.861166142089626 0.008615646082084757 0.9998206911431893 -0.5887955263219768
288 0.9999046850011443 -0.009058075200317992 8.864023607069617 0.009058075200317992 0.9999046850011443 1.0982487962849945
289 1.000173614664255 -0.008498353866480192 8.440504967926639 0.008498353866480192 1.000173614664255 -0.9684747171680839
290 1.0000237023268495 -4.3159331189053495e-05 -0.21227748714979003 4.3159331189053495e-05 1.0000237023268495 0.5323075858694883
291 0.9972697762070857 0.007201601133469256 -7.653952210934932 -0.007201601133469256 0.9972697762070857 4.173448773836215
292 0.9953990948842587 0.00954818288105867 -9.079612278312965 -0.00954818288105867 0.9953990948842587 6.452693404888762
293 0.9953506274619289 0.009232884332689966 -9.185792127162312 -0.009232884332689966 0.9953506274619289 6.841694894401455
294 0.9961181382810963 0.004616763552642978 -4.935923197378517 -0.004616763552642978 0.9961181382810963 5.603041676480857
295 0.9893220246769637 0.0013203810780573041 0.4720060584003152 -0.0013203810780573041 0.9893220246769637 10.62493677778334
296 0.9995139912055521 -0.00016377331705967296 0.45628871117149894 0.00016377331705967296 0.9995139912055521 -0.6921463681154763
297 1.0000399234675865 0.0001047649733123459 0.44378275834860564 -0.0001047649733123459 1.0000399234675865 -1.4789122478583732
298 1.0006361285945171 0.0009558081905207973 1.0860889804084497 -0.0009558081905207973 1.0006361285945171 -1.8192851089614726
299 1.0012308769130829 0.000473613240616616 0.6804713159787015 -0.000473613240616616 1.0012308769130829 -1.6319931164262897
300 1.006670036110749 -0.0005182104425691585 0.9798023821507337 0.0005182104425691585 1.006670036110749 -6.68286600915222
301 0.9975343370410388 0.0016952014986672545 7.275891300421764 -0.0016952014986672545 0.9975343370410388 2.5616673059217203
302 0.9980389678187578 0.002007880328675003 7.057544610853404 -0.002007880328675003 0.9980389678187578 2.6699726556902617
303 0.9944799591065819 0.0006021871787892649 12.034440692710113 -0.0006021871787892649 0.9944799591065819 3.981857987247588
304 1.0055120676478864 -0.0010992770367518675 2.001573561603058 0.0010992770367518675 1.0055120676478864 -5.653543789189937
305 0.9982626126220532 0.0027039768986617226 18.016686793856447 -0.0027039768986617226 0.9982626126220532 3.550265248084532
306 1.0049743268905498 -0.0008414213427762778 1.760673756331723 0.0008414213427762778 1.0049743268905498 -5.0528687480133545
307 1.0026870823788163 -0.0006787084050885888 2.6640138918329166 0.0006787084050885888 1.0026870823788163 -2.614397404636254
308 0.998005940719898 0.00028706032422261377 7.769498608785218 -0.00028706032422261377 0.998005940719898 1.4626222476861062
309 1.0030778721843683 -0.0012829572565026322 3.249293530061442 0.0012829572565026322 1.0030778721843683 -3.5070241665027044
310 1.0080734116650965 -0.0010082627191131434 -0.06272036565596828 0.0010082627191131434 1.0080734116650965 -8.611198645101787
311 1.0025260548395414 -0.001061848408207084 1.772245574655199 0.001061848408207084 1.0025260548395414 -2.6708475523655384
312 1.0029675051113056 -0.0005148999932866658 1.071019537923298 0.0005148999932866658 1.0029675051113056 -2.6229480481290723
313 1.0013769600132796 -0.00030090166003904703 1.2781103158256564 0.00030090166003904703 1.0013769600132796 -2.1069320753874274
314 1.0009546940077616 0.0001666051236052066 0.4790148067050259 -0.0001666051236052066 1.0009546940077616 -1.0172544261410654
315 1.0028883116438945 0.00037011656605537855 0.6239319195225033 -0.00037011656605537855 1.0028883116438945 -2.9614374302562236
316 1.0010744954761162 -3.089071131810034e-06 0.556633482823182 3.089071131810034e-06 1.0010744954761162 -1.6640569147957684
317 1.0005510383645777 -0.000384658640573877 0.9353724485968666 0.000384658640573877 1.0005510383645777 -0.5670704198497739
318 1.0003368583672125 -0.0002700584299855486 0.6718592615279853 0.0002700584299855486 1.0003368583672125 -0.11980496356567938
319 1.000932102478491 -5.848208924565064e-05 0.0728829475430629 5.848208924565064e-05 1.000932102478491 -0.7478589128923715
320 1.0011111617436095 -0.00031049174773661875 -0.28829274130922083 0.00031049174773661875 1.0011111617436095 -0.34387400737687224
321 1.0012320755848192 -0.00011730820963305082 -0.6670803768514209 0.00011730820963305082 1.0012320755848192 -0.9382832854855461
322 0.9997537817114966 0.00016980708607029822 -0.3746463456864169 -0.00016980708607029822 0.9997537817114966 0.3994472322187825
323 0.9991260016115101 -0.0008610390617669494 0.7100232190571337 0.0008610390617669494 0.9991260016115101 0.9317397984761642
324 0.9959454820825386 -0.006456464988762424 7.689880182919374 0.006456464988762424 0.9959454820825386 3.249878098752639
325 1.0020721373069108 -0.0008882611312152059 0.34451807325654443 0.0008882611312152059 1.0020721373069108 -2.3407106687162735
326 1.001692163022131 -0.0022619729896628414 1.1645028003413962 0.0022619729896628414 1.001692163022131 -1.6531414526328356
327 1.0011510426005283 -0.0011996813997742256 0.5307170439308813 0.0011996813997742256 1.0011510426005283 -0.37510346695421215
328 1.0016449402604606 -0.00035562601986990374 0.23860942667010743 0.00035562601986990374 1.0016449402604606 -1.9365489313164674
329 1.002866289334705 0.000928070678405292 -1.3872848097405175 -0.000928070678405292 1.002866289334705 -2.0507593360111875
330 1.0051605794266234 -0.0012675513053267782 0.5842188006994717 0.0012675513053267782 1.0051605794266234 -4.814803753805183
331 1.001985891632402 0.0009614782440287952 -0.6728941887363905 -0.0009614782440287952 1.001985891632402 -2.2626741611835195
332 1.0011609781579283 -0.00030994992356468844 0.7374051211080539 0.00030994992356468844 1.0011609781579283 -2.4000247298785533
333 1.0014003090447412 0.0009550191631678412 -0.5252905370662665 -0.0009550191631678412 1.0014003090447412 -2.092747235108133
334 1.0032864282477136 0.0059892681116652255 -6.120815480730264 -0.0059892681116652255 1.0032864282477136 -1.5364993264576072
335 1.0017938009258 -0.0002201375319322279 -0.141199647508361 0.0002201375319322279 1.0017938009258 -2.412392809192384
336 1.002184210219327 0.0012568691335407953 -2.033008375030468 -0.0012568691335407953 1.002184210219327 -2.295911558578647
337 1.0014620617128909 0.0010306057124499658 -2.651153300178221 -0.0010306057124499658 1.0014620617128909 -1.463647609049849
338 1.000404447986453 0.0004225471582783131 -1.0650816658035773 -0.0004225471582783131 1.000404447986453 -0.11880634908835064
339 1.0006771466646027 7.29713369142166e-05 -0.7720658053308196 -7.29713369142166e-05 1.0006771466646027 0.006830974295969849
340 1.0001678048420535 -0.0008498768955157708 1.027309500098418 0.0008498768955157708 1.0001678048420535 -0.01441621444682184
341 0.9996427942744514 -0.0004558596613561539 0.7401377027194218 0.0004558596613561539 0.9996427942744514 0.6324710004845382
342 0.9999736956854782 -0.00104066264708066 0.8757621499918232 0.00104066264708066 0.9999736956854782 -0.08252191775018515
343 0.9998819936417068 -0.0005578888891871216 0.29178037677093543 0.0005578888891871216 0.9998819936417068 0.1299836088472044
344 1.0002355285286453 -0.0002186199099830529 -0.23310352132605702 0.0002186199099830529 1.0002355285286453 0.02741202072411024
345 0.9997742434456383 -0.0001271194840680649 -0.4125361766295322 0.0001271194840680649 0.9997742434456383 0.6341527524348105
346 0.9994052787964168 0.0010060931053225608 -0.9592350220909848 -0.0010060931053225608 0.9994052787964168 1.451006991253706
347 0.9996876001086638 0.00014892592500436206 -0.7395420838285675 -0.00014892592500436206 0.9996876001086638 0.9236207981426993
348 0.9989060069696895 0.0007253724602476192 -1.2043966953987681 -0.0007253724602476192 0.9989060069696895 1.5537038212458667
349 0.9964569171626243 0.0019942550050006847 -1.8067804664085987 -0.0019942550050006847 0.9964569171626243 4.0618949630791175
350 0.9987737802103878 -0.00036717179248030036 -0.09119251503236026 0.00036717179248030036 0.9987737802103878 1.369347325595497
351 0.9996151482479892 -9.944021035056495e-05 0.20641069247341565 9.944021035056495e-05 0.9996151482479892 0.5194470018527632
352 1.0002890376149127 9.475584720924972e-05 -0.8169587565828436 -9.475584720924972e-05 1.0002890376149127 -0.42335215612650434
353 1.0003570651664426 -0.00041728178895514517 -0.10223133617180412 0.00041728178895514517 1.0003570651664426 -0.6754253826568842
354 1.0003596013045837 -0.0003172158906421247 0.2965381278418126 0.0003172158906421247 1.0003596013045837 -0.1649984937335088
355 1.0000112411691178 -0.0008085836013935883 0.9224944694904232 0.0008085836013935883 1.0000112411691178 0.6570163976469033
356 1.0005807570038452 -0.00023640743836295718 0.44188816565357025 0.00023640743836295718 1.0005807570038452 -1.088264653452035
357 1.0007312271504922 0.0008036545041001655 -0.5813100562755256 -0.0008036545041001655 1.0007312271504922 -1.1994104318504133
358 0.999969361234988 0.0004314282924901869 -0.12303201684074838 -0.0004314282924901869 0.999969361234988 0.09602087075007776
359 1.0028187959182113 0.004061337096783626 -5.006177585324505 -0.004061337096783626 1.0028187959182113 -2.531451266246081
360 1.0007038494862677 0.0001255921333634804 0.05215532290874419 -0.0001255921333634804 1.0007038494862677 -0.6783196513837123
361 1.0008373206478443 0.00019537235459869955 -0.5622404654926947 -0.00019537235459869955 1.0008373206478443 -0.5422106664813515
362 1.0015060770706912 9.937727900490037e-05 -0.6738268661603224 -9.937727900490037e-05 1.0015060770706912 -0.9466221085411995
363 1.0004419733709582 -4.3153820927931304e-05 0.5235028939407944 4.3153820927931304e-05 1.0004419733709582 -0.375106302394292
364 0.9996834045628767 -6.106416919298286e-06 0.45807613966048616 6.106416919298286e-06 0.9996834045628767 0.4103279520209955
365 0.9957088891507233 -0.000508091223133778 2.1477352144495025 0.000508091223133778 0.9957088891507233 3.934362557968242
366 0.9986914171246947 0.00015540890032791495 0.7734289379512844 -0.00015540890032791495 0.9986914171246947 1.1658058201703567
367 0.9988165584491243 -5.695058524646692e-06 0.7666058329554319 5.695058524646692e-06 0.9988165584491243 0.3526530810999427
368 0.9993951135570927 0.0007428154062896096 -0.08859120077424265 -0.0007428154062896096 0.9993951135570927 -0.03168873805545225
369 0.9992657479617276 0.0007254946998155796 -0.1235788974126639 -0.0007254946998155796 0.9992657479617276 0.19502385657358504
370 1.0020376083180629 0.006901291655674321 -7.68145943263049 -0.006901291655674321 1.0020376083180629 -1.0851180742606261
371 1.0012617082041166 0.001972129145987661 -2.8153180319408797 -0.001972129145987661 1.0012617082041166 -1.4664288939000178
372 0.999177336919834 0.0008300176349508114 -0.02068206726977616 -0.0008300176349508114 0.999177336919834 0.3484860475073569
373 1.0008062050897635 0.002038140104068089 -2.8169153411651857 -0.002038140104068089 1.0008062050897635 -0.3249427307712958
374 0.9994093721289279 0.0009023154142819418 -0.5424640116793975 -0.0009023154142819418 0.9994093721289279 0.5157754141921972
375 0.9992523400455969 0.0010021788254148407 -0.607126495096948 -0.0010021788254148407 0.9992523400455969 0.3621915919553519
376 1.0000091942953888 0.0004978715135566048 -0.9573734502942752 -0.0004978715135566048 1.0000091942953888 -0.7866322407845568
377 1.0000333983282979 0.0009156749345860045 -1.5578311373664095 -0.0009156749345860045 1.0000333983282979 -0.35204581208588714
378 1.0003855449762438 0.0012064250828665859 -2.1895435883360235 -0.0012064250828665859 1.0003855449762438 -0.5375026953681443
379 0.9990202907151442 0.003485182941227338 -3.6831564252000386 -0.003485182941227338 0.9990202907151442 1.5854737740888707
380 0.9986811413281815 0.0012515036732174843 -2.6191953411668645 -0.0012515036732174843 0.9986811413281815 1.6805079164323933
381 0.9993799121148204 0.0003085315992774559 -2.065796883574751 -0.0003085315992774559 0.9993799121148204 2.405364766148205
382 0.9994334958628155 0.0005243769229411207 -2.0512603600550254 -0.0005243769229411207 0.9994334958628155 1.698835376544133
383 0.9990343754908025 0.0009716816227346485 -2.609580338818392 -0.0009716816227346485 0.9990343754908025 1.0599103517614443
384 0.9997606940510148 0.00023964650893174542 -1.5663443473533876 -0.00023964650893174542 0.9997606940510148 -0.028245351741425766
385 0.9997557106043409 0.020567689851025046 -21.550092785348216 -0.020567689851025046 0.9997557106043409 5.077330590601782
386 1.004489142580949 0.009519564835614629 -11.655357112804904 -0.009519564835614629 1.004489142580949 -1.694033922602078
387 1.0099155793047587 -0.0017195654228779446 -11.684084653658779 0.0017195654228779446 1.0099155793047587 -11.077894491681596
388 1.0055260003871769 0.0021447184062309416 -5.536719372090478 -0.0021447184062309416 1.0055260003871769 -4.940490071161439
389 1.001604990573262 0.0008400947674941813 -2.5021299044956415 -0.0008400947674941813 1.001604990573262 -1.7799079734578203
390 1.0001192291277323 -0.0005481805515806138 0.4152421513723054 0.0005481805515806138 1.0001192291277323 -0.2623243109570959
391 1.0044064541085278 0.0003282961682233689 -2.890260677172132 -0.0003282961682233689 1.0044064541085278 -4.305767403889002
392 1.0043682374302203 0.0017494620357878527 -5.087528677798087 -0.0017494620357878527 1.0043682374302203 -3.611543043223212
393 1.0022740239598338 0.001027436345554957 -3.1080265810812353 -0.001027436345554957 1.0022740239598338 -1.827292396014503
394 1.003432247578994 0.0013511329785761243 -4.072765606009425 -0.0013511329785761243 1.003432247578994 -3.1753180976536433
395 1.0038130768011984 0.0009638817485545186 -2.571085079121565 -0.0009638817485545186 1.0038130768011984 -3.6713468128327102
396 1.0010521124405674 0.000629074042096588 -1.7111654137862669 -0.000629074042096588 1.0010521124405674 -2.0075701128390593
397 1.0006682477903377 0.00128602394763614 -1.681481792687281 -0.00128602394763614 1.0006682477903377 -0.7405111292690391
398 1.0005064942568573 0.0003282826037956906 -1.5142529028082317 -0.0003282826037956906 1.0005064942568573 -0.8677282330032188
399 0.9990274616553433 8.081419765388373e-05 -0.6976885641351896 -8.081419765388373e-05 0.9990274616553433 1.7200607991630146
400 1.002438656297062 -0.0005557478916177155 -0.2650640202758079 0.0005557478916177155 1.002438656297062 -2.6121835021821713
401 1.0020984420287078 -0.0006017370198863934 -1.56570014196401 0.0006017370198863934 1.0020984420287078 -2.039739114500336
402 1.0008961702781507 0.00029756332428675287 -1.6507977883147622 -0.00029756332428675287 1.0008961702781507 0.8872355716616012
403 1.001048152489448 0.000455710823254398 -1.5050028161365145 -0.000455710823254398 1.001048152489448 -0.5901468700855549
404 1.0172300791080218 0.00010352377307978606 -3.952937740685562 -0.00010352377307978606 1.0172300791080218 -17.495471378389745
405 1.0154667875604984 -0.0012548507109484913 -2.35914344665946 0.0012548507109484913 1.0154667875604984 -15.787060155733723
406 1.0012722547121313 0.0003173703302334291 -0.9347499589527425 -0.0003173703302334291 1.0012722547121313 -0.797629668042551
407 1.0142061822048816 -0.002577249705406864 -2.319739735238818 0.002577249705406864 1.0142061822048816 -14.49976971621789
408 1.0117548638494445 -0.0016181625534571276 -1.5510031677362812 0.0016181625534571276 1.0117548638494445 -11.801514166143354
409 1.010876227588397 -0.0017883796772268008 -1.1562580477932516 0.0017883796772268008 1.010876227588397 -10.141679661175601
410 1.0094712584357215 -0.0023061208547674795 -0.69651115009767 0.0023061208547674795 1.0094712584357215 -8.232919953968734
411 1.0147478272047923 -0.009579180412878302 6.709807398060097 0.009579180412878302 1.0147478272047923 -16.573850315585446
412 1.004298411482414 -0.006264141010341758 4.833359901828519 0.006264141010341758 1.004298411482414 -4.734346127277817
413 1.0037882364002861 -0.0058380358907526644 4.4033835033061 0.0058380358907526644 1.0037882364002861 -3.8564726652669874
414 1.0026099248578297 -0.0067075323347171615 6.091092864972532 0.0067075323347171615 1.0026099248578297 -3.6924730739918945
415 1.0017799932504663 -0.008931502064951762 8.331453188512967 0.008931502064951762 1.0017799932504663 -3.2575626554878188
416 1.0065012919729444 -0.017364006819518715 16.372924241963137 0.017364006819518715 1.0065012919729444 -10.226381154569268
417 1.0107303123386784 -0.0017752849431686307 -4.525652037764233 0.0017752849431686307 1.0107303123386784 0.43639202977652847
418 0.9995490042834134 0.0002531690488943149 -2.514945302795126 -0.0002531690488943149 0.9995490042834134 1.1877771032195763
419 1.0023922901546345 -0.009706897533888996 9.423791146498417 0.009706897533888996 1.0023922901546345 -4.6582536694912635
420 1.0011021532604298 0.00015633086063508597 -3.24375034299052 -0.00015633086063508597 1.0011021532604298 0.04080865892342297
421 1.0015708144360842 -0.0005439997010589652 0.3332012800393003 0.0005439997010589652 1.0015708144360842 -1.6068968077782046
422 0.9933835714087609 0.003015855604184177 -1.7484113466526887 -0.003015855604184177 0.9933835714087609 6.656896805347916
423 0.9934685826096976 0.0018850208489448379 -1.3161491357861603 -0.0018850208489448379 0.9934685826096976 5.642232098534093
424 0.9952758963985694 -0.003544639301008021 -4.7387367207642725 0.003544639301008021 0.9952758963985694 -4.74445696195227
425 0.9983676848746983 -0.0012929467177587581 -9.298257111701647 0.0012929467177587581 0.9983676848746983 -3.863830830911683
426 0.9890391270022911 0.005117178732856215 -3.1833808072434437 -0.005117178732856215 0.9890391270022911 12.20220952758315
427 0.9970219347711301 0.0012623956763118066 -6.360174020590814 -0.0012623956763118066 0.9970219347711301 3.4300677570100677
428 0.9996825935103497 -7.39691718686305e-05 -9.159979726805268 7.39691718686305e-05 0.9996825935103497 0.4757596591972568
429 0.9943389701310962 0.0007350033200987942 -0.009500008923387092 -0.0007350033200987942 0.9943389701310962 5.677286654973693
430 0.9957839017345467 0.001523056012417368 -2.191368762052058 -0.001523056012417368 0.9957839017345467 4.443099926420322
431 0.994737001925907 0.0013260571387341698 -1.3670406647286633 -0.0013260571387341698 0.994737001925907 4.522205545695245
432 0.998190682099399 0.0001118122186715367 -0.605643763188217 -0.0001118122186715367 0.998190682099399 1.58060655537163
433 0.9977631316885128 0.00021369361176951326 -0.7107874554675557 -0.00021369361176951326 0.9977631316885128 2.670835567228511
434 0.994270871755279 0.0008098128976039838 -0.8475366631598871 -0.0008098128976039838 0.994270871755279 7.147429377508925
435 0.9980003835885001 0.0015454257931758568 -1.51345806859802 -0.0015454257931758568 0.9980003835885001 4.808216934548194
436 0.9951661041471157 0.0008227049810139171 -0.6287807841873734 -0.0008227049810139171 0.9951661041471157 4.80225307540304
437 0.9966282050990388 -0.0003697097251269874 0.6648840827463629 0.0003697097251269874 0.9966282050990388 4.527098969500756
438 0.9972951991280466 0.00014474297592383185 0.1637297488856972 -0.00014474297592383185 0.9972951991280466 2.72949935459702
439 0.9978129183692528 0.0002458053236144547 0.23648567855955108 -0.0002458053236144547 0.9978129183692528 1.591659486639309
440 0.9989694337790049 0.0003424337757876116 0.10455397004346148 -0.0003424337757876116 0.9989694337790049 0.42155023227331906
441 1.000785020496757 -0.00027449280341936553 1.219864216190697 0.00027449280341936553 1.000785020496757 -1.7903596575456031
442 0.999295383685423 0.00047672590748373974 -1.2454399821608146 -0.00047672590748373974 0.999295383685423 0.6334508933469025
443 0.9994150344111833 0.001448834389293171 -2.5167702401931336 -0.001448834389293171 0.9994150344111833 0.9104026354976014
444 0.9940516796476806 -0.0030389776927130527 3.4604427194971294 0.0030389776927130527 0.9940516796476806 4.3746671371859485
445 0.9994908341308578 0.000523028864139569 -0.42717773658122854 -0.000523028864139569 0.9994908341308578 1.3971154155495182
446 1.0002748945194346 -0.000427014437061598 0.3418105758117668 0.000427014437061598 1.0002748945194346 -0.2697868282930763
447 1.0012626760425878 -0.00023360645874772378 -0.4433630852054522 0.00023360645874772378 1.0012626760425878 -1.4350807037948317
448 1.003174002782313 -0.0008151352870282343 0.47398832918060896 0.0008151352870282343 1.003174002782313 -2.9490809898797385
449 1.0011532599711552 -0.000536120981627863 1.9623578413144427 0.000536120981627863 1.0011532599711552 -0.873582712325278
450 1.0015611808818878 -0.0012501060908115748 1.22699834085917 0.0012501060908115748 1.0015611808818878 -2.3563968024789643
451 1.0001674138948364 -0.0007440413927413199 1.1329967303873427 0.0007440413927413199 1.0001674138948364 -0.57421881356596
452 1.0004988897422173 -0.0012150375429133102 1.3306754520103452 0.0012150375429133102 1.0004988897422173 -1.538718457653835
453 1.0009727491091067 -0.006443467010131682 7.077625086861082 0.006443467010131682 1.0009727491091067 -2.3556322377219954
454 1.0009178692006753 -0.007267534965669906 8.618487094607937 0.007267534965669906 1.0009178692006753 -2.353753348348229
455 0.9937410651013012 -0.0004341186187336934 13.392959626301659 0.0004341186187336934 0.9937410651013012 5.874536184147546
456 0.9906094598256754 0.0007098043292585694 19.925183248461085 -0.0007098043292585694 0.9906094598256754 7.652656063303571
457 0.994734408162738 -0.0006455692395971725 10.722044701682051 0.0006455692395971725 0.994734408162738 2.0283190154509145
458 0.9945617998132396 -0.0005730225936558422 10.410078896430322 0.0005730225936558422 0.9945617998132396 1.9430335402356678
459 0.9951750947552234 -4.2509427876985025e-05 9.870625681640144 4.2509427876985025e-05 0.9951750947552234 1.5445010994524717
460 0.9952903830888761 0.000115240015819366 9.355148997447369 -0.000115240015819366 0.9952903830888761 2.2008432378215925
461 0.9897785562739326 3.944328949630035e-05 17.771093697136845 -3.944328949630035e-05 0.9897785562739326 5.422729268228574
462 0.9980992029703836 4.928981865181262e-05 2.7211075717735325 -4.928981865181262e-05 0.9980992029703836 1.2405677789444662
463 0.9952096912202477 -0.0005761596638077196 7.333693881337972 0.0005761596638077196 0.9952096912202477 3.182615109337075
464 0.997531415235751 0.0001786997750359989 2.744827465101029 -0.0001786997750359989 0.997531415235751 1.852104753856233
465 0.997318221990088 4.956114672172604e-05 2.9972036458645643 -4.956114672172604e-05 0.997318221990088 2.0424722189063536
466 0.9862140019077191 0.0003246312818059672 16.397144082231833 -0.0003246312818059672 0.9862140019077191 9.803900280467653
467 0.9960321855800163 4.939412367636095e-05 5.582960241186306 -4.939412367636095e-05 0.9960321855800163 3.3480332437452436
468 0.9911862164563273 0.0008173904633686927 11.234214313078924 -0.0008173904633686927 0.9911862164563273 6.590062086552104
469 0.9989466954289506 0.0005422856171448333 1.0405309786984343 -0.0005422856171448333 0.9989466954289506 0.530661641709476
470 0.9830254274260348 -0.0006433242299656637 24.028761683154528 0.0006433242299656637 0.9830254274260348 10.847548335476118
471 0.9994730125743909 0.0011201346484296295 -0.39665658905515316 -0.0011201346484296295 0.9994730125743909 0.49080907312163957
472 0.9962823575279339 0.00034533855052741087 6.391254683413527 -0.00034533855052741087 0.9962823575279339 3.6383346525084583
473 0.9979504898133844 -0.0002925422884971708 3.0768617183489 0.0002925422884971708 0.9979504898133844 1.2394093010208633
474 0.9972159207998472 0.00023702180649699724 2.4065573336471244 -0.00023702180649699724 0.9972159207998472 1.9312153637638236
475 0.9966141161901553 0.00045735938285403624 1.8602584927372912 -0.00045735938285403624 0.9966141161901553 2.3924654283112585
476 0.9969796575803298 0.001156868904178753 -0.6187702461952057 -0.001156868904178753 0.9969796575803298 2.7381720261072493
477 0.997833429327063 -0.00017958525491543352 1.2479160353838425 0.00017958525491543352 0.997833429327063 1.2673474773884474
478 0.9985597265259041 -0.0004937443289264174 0.48054680452346976 0.0004937443289264174 0.9985597265259041 0.8015524990004008
479 0.998507716525822 0.0007105515885945029 -0.8874682386607714 -0.0007105515885945029 0.998507716525822 2.9895208505131525
480 0.9960550994326882 -0.0006343860952276559 2.1726669263664413 0.0006343860952276559 0.9960550994326882 4.083603999965687
481 0.9968265680619406 -0.0013379055588499543 3.518724094428691 0.0013379055588499543 0.9968265680619406 4.009817233207364
482 0.9972312842305581 -0.0003181821611378099 2.0280034477360336 0.0003181821611378099 0.9972312842305581 3.8217096789763465
483 0.997875127365217 -0.0005236113841663541 1.7667524606547491 0.0005236113841663541 0.997875127365217 2.5945523174510208
484 0.9994328585415875 -0.00010004533930492822 0.3834118799867736 0.00010004533930492822 0.9994328585415875 0.9991824432472276
485 0.9994468404903438 0.0002106816419790712 0.6982260663620677 -0.0002106816419790712 0.9994468404903438 0.8941051919348322
486 0.99784754189325 4.941514489367263e-05 1.6236320609099884 -4.941514489367263e-05 0.99784754189325 1.3000492216544945
487 0.997464988768895 0.0006372525412897496 1.8242818673993115 -0.0006372525412897496 0.997464988768895 2.3316797073609097
488 0.998658101677938 6.199162812595424e-05 1.5850235288911059 -6.199162812595424e-05 0.998658101677938 1.2893159140648283
489 0.9985610018254218 -0.00029290472822121496 1.772285300341734 0.00029290472822121496 0.9985610018254218 1.6499176759696483
490 0.9991531821800014 -0.00026293706771729074 1.7573585099452607 0.00026293706771729074 0.9991531821800014 1.4428342158347094
491 0.9978607286396032 -0.0006828397804909735 3.5127458759845362 0.0006828397804909735 0.9978607286396032 2.8651604904543166
492 0.9986591923129506 -0.00014241167750788774 1.5890483387553258 0.00014241167750788774 0.9986591923129506 1.5764445261732836
493 0.9983605956143721 -0.00019493147465427072 1.6196763265189924 0.00019493147465427072 0.9983605956143721 1.5118515752571826
494 0.9974495212587373 3.2858008669229305e-05 2.3142826911882395 -3.2858008669229305e-05 0.9974495212587373 2.0247339675236913
495 0.9974973432975905 2.9225170563857003e-05 2.354108904905106 -2.9225170563857003e-05 0.9974973432975905 1.9833145644352284
496 0.9897977715780855 0.00044182382087459566 9.843479743690585 -0.00044182382087459566 0.9897977715780855 7.8041263320316725
497 0.995853669630468 0.0001642832250123561 3.692019806781989 -0.0001642832250123561 0.995853669630468 3.2565317059067023
498 0.9960803098504436 0.00010721942009926346 3.7608688118442295 -0.00010721942009926346 0.9960803098504436 3.2988172019114206
499 0.996127523103348 -0.0001361673354948246 3.8305940380146035 0.0001361673354948246 0.996127523103348 3.403021790318797
500 0.9972124822224528 0.00017267523901183234 2.4230232407698824 -0.00017267523901183234 0.9972124822224528 2.7844477062514654
501 0.9968299107204883 -0.0005813241308402109 3.9785266097101273 0.0005813241308402109 0.9968299107204883 3.323081552974511
502 0.9985882506905237 -0.0007182684090117762 2.0276233225838376 0.0007182684090117762 0.9985882506905237 1.0882574440280761
503 0.998080539931026 -0.0007754813941931293 2.486268229037663 0.0007754813941931293 0.998080539931026 1.2856298654283256
504 0.9990222139312372 -0.0004995845122084547 1.3224950565123703 0.0004995845122084547 0.9990222139312372 0.39953683000840545
505 0.9985676392309599 -0.000336342960024078 1.6287293416518454 0.000336342960024078 0.9985676392309599 0.647500331607312
506 0.9989161529025281 8.764107872531518e-06 0.6225585664115953 -8.764107872531518e-06 0.9989161529025281 0.75655537676762
507 0.9993327298939239 0.00040850827729558463 -0.1281372136141303 -0.00040850827729558463 0.9993327298939239 0.8980277965815552
508 0.9999333396506601 0.00015891608755790217 0.0743338056029873 -0.00015891608755790217 0.9999333396506601 0.10879856353208872
509 0.9994949813214992 0.00040233205618235156 -0.34451945790757454 -0.00040233205618235156 0.9994949813214992 0.8269055957980703
510 0.9995390475139619 -0.00023487326061193443 0.0742401672046932 0.00023487326061193443 0.9995390475139619 -0.17170560706953245
511 0.9972940283494933 0.00025289953751429783 1.1964485361102066 -0.00025289953751429783 0.9972940283494933 1.343986729811276
512 0.9977542708124808 0.00019218522928095681 0.7788901065033045 -0.00019218522928095681 0.9977542708124808 0.8000650582451037
513 0.9985982540425674 -2.6564478466667008e-05 0.16248287228543815 2.6564478466667008e-05 0.9985982540425674 -0.22662938534114876
514 0.9963510871117973 0.0017772243936051237 0.32483870476800053 -0.0017772243936051237 0.9963510871117973 2.054834506009374
515 0.9992419156405556 0.001337483934716891 -1.1733434753200294 -0.001337483934716891 0.9992419156405556 0.16580380186542665
516 0.9981902340762436 0.0003598275678026099 0.1813409745469991 -0.0003598275678026099 0.9981902340762436 1.45671897565467
517 0.999713093171949 0.0002334841775951538 0.2833882962133584 -0.0002334841775951538 0.999713093171949 0.26844708419461705
518 0.9998527197760807 0.0001590875092761265 0.7193841951492308 -0.0001590875092761265 0.9998527197760807 0.07220756242549742
519 1.0002122827383246 -0.00010351658736067845 0.43702682557142997 0.00010351658736067845 1.0002122827383246 -0.0035712400646919582
520 1.001058249236535 0.00022585380448523535 -0.3048079895802625 -0.00022585380448523535 1.001058249236535 -1.2232205780741352
521 0.9996078595972875 0.00025467961011065005 -0.3149301773074237 -0.00025467961011065005 0.9996078595972875 0.8106372505425089
522 0.9996309737282828 0.0017053646901022345 -1.7909541219886944 -0.0017053646901022345 0.9996309737282828 0.307227079707032
523 0.9998068613668372 0.0008625213667611022 -1.3103616899894501 -0.0008625213667611022 0.9998068613668372 0.4203650234162709
524 0.9969961019881207 0.008364487183423286 -7.530385333563677 -0.008364487183423286 0.9969961019881207 3.6727109737109407
525 0.9991976548269934 0.0006132124640894612 -1.0396471183069873 -0.0006132124640894612 0.9991976548269934 0.6403190361688837
526 0.9995159015350581 0.000982775926900179 -1.668581433958665 -0.000982775926900179 0.9995159015350581 0.6420219516798745
527 0.9993578188035842 -0.00011987763329807414 -0.12326378753619238 0.00011987763329807414 0.9993578188035842 0.7065779358934765
528 0.999949454983046 0.0003880515819887666 -1.0947701605222218 -0.0003880515819887666 0.999949454983046 0.22314021627374525
529 0.9993862726863649 0.0004909511803653329 -0.751544350126502 -0.0004909511803653329 0.9993862726863649 0.5862710902164677
530 0.999441486890686 0.0007180406819337604 -0.9423862664198451 -0.0007180406819337604 0.999441486890686 0.6555045081579738
531 0.9994231020751625 0.0008125270386794006 -1.9568985914803 -0.0008125270386794006 0.9994231020751625 0.18181103071466503
532 0.9993233420998913 0.0002557067853487591 -0.44146623529973456 -0.0002557067853487591 0.9993233420998913 0.40171525299720773
533 0.9978058263911866 0.0009062820042341086 -0.3555852278164462 -0.0009062820042341086 0.9978058263911866 1.8823256754807343
534 1.0005268592741532 -0.0003894165092802433 0.04504876230903791 0.0003894165092802433 1.0005268592741532 -0.7172002190285387
535 1.0012901633227762 -0.0002578589526481168 -0.02123020467869577 0.0002578589526481168 1.0012901633227762 -1.27334407265375
536 1.0021203936897987 -0.0003898306292298727 0.05259199499591658 0.0003898306292298727 1.0021203936897987 -2.621576606137004
537 1.001315555281769 -0.0004942157891681337 0.7598619997599525 0.0004942157891681337 1.001315555281769 -1.134777905379266
538 1.001558679560266 -0.0005409837218122071 0.30660589454742476 0.0005409837218122071 1.001558679560266 -1.1078963103649548
539 1.0023733988599608 -0.0007939117903621231 -0.55353989144053 0.0007939117903621231 1.0023733988599608 -1.9776878262920647
540 1.0011409678851206 0.00046261510470477256 -1.4569394370058069 -0.00046261510470477256 1.0011409678851206 -0.66162020698213
541 0.993514042199811 -0.011983929046634792 13.49807721766606 0.011983929046634792 0.993514042199811 4.191448234180918
542 0.9955420656892906 -0.01289946132532797 13.333372408980404 0.01289946132532797 0.9955420656892906 1.6677462501418163
543 0.9976171503108127 -0.009948858585461469 10.3374382270689 0.009948858585461469 0.9976171503108127 0.3965141723234402
544 0.9989777155211058 -0.008855360485482827 8.938135774311819 0.008855360485482827 0.9989777155211058 -0.39727452915271355
545 1.004372391540906 -0.001980377124142671 -1.6951288486267306 0.001980377124142671 1.004372391540906 -3.134773053598955
546 1.0003285895110225 0.00040701309785624016 -1.643175963502683 -0.00040701309785624016 1.0003285895110225 0.28899865698671845
547 1.0028604334259663 0.0010424992585334797 -3.154588436485218 -0.0010424992585334797 1.0028604334259663 -3.0539350047767453
548 1.0026750634031674 0.0008200368319191765 -2.470879740849898 -0.0008200368319191765 1.0026750634031674 -2.8202146917822564
549 1.0021024556132285 0.0009450912222968308 -2.1938566147410166 -0.0009450912222968308 1.0021024556132285 -2.6001941017093158
550 1.0113744110712535 0.010182317915933263 -13.025563015572867 -0.010182317915933263 1.0113744110712535 -10.027713609090407
551 1.0008701348756721 -4.2505099946022453e-05 -0.587125454618561 4.2505099946022453e-05 1.0008701348756721 -1.000738815179811
552 1.002620181748451 -0.0001486105798646138 -1.0135990353450002 0.0001486105798646138 1.002620181748451 -2.031065175496848
553 1.0024737119562293 0.0006370427502841021 -2.330819851790924 -0.0006370427502841021 1.0024737119562293 -1.6549304432650311
554 1.0013020108430992 0.00010781503595739536 -1.4164003514161507 -0.00010781503595739536 1.0013020108430992 -0.4539597046060375
555 1.001230805484152 -0.0005638087529537377 -0.1815201389826302 0.0005638087529537377 1.001230805484152 -0.9325614324349633
556 0.9995721804465151 -0.0007682487848215773 1.01535341516531 0.0007682487848215773 0.9995721804465151 0.540081281223765
557 1.0006155286953484 -0.00010278947642352557 0.06553759641893037 0.00010278947642352557 1.0006155286953484 -0.9466456672248623
558 1.0002374398606677 -0.00039463147272123086 0.13894917244432725 0.00039463147272123086 1.0002374398606677 -0.13850718929202827
559 1.0003259310787773 -0.0007478236283191797 0.21672990431454842 0.0007478236283191797 1.0003259310787773 -0.4562063165043165
560 0.9982525470815408 -0.005349497931979566 5.922272398911225 0.005349497931979566 0.9982525470815408 0.7145042699410249
561 1.0009333900318467 -0.00031637177584525867 -0.10875182456165777 0.00031637177584525867 1.0009333900318467 -0.7401860750552871
562 1.0003511571585242 -0.000338016722894955 -0.019787469346886234 0.000338016722894955 1.0003511571585242 -0.3890077162911284
563 1.0004742080556766 -0.0005042301603857595 0.4362531856442059 0.0005042301603857595 1.0004742080556766 -0.1851152547044148
564 1.0003420992501788 0.0003046019583411864 -0.25365162966478616 -0.0003046019583411864 1.0003420992501788 0.4990757134578475
565 1.0005865558367053 0.00011259178651505924 -0.012565310433526378 -0.00011259178651505924 1.0005865558367053 0.15465211371360876
566 1.0010305235211867 -0.0006922459654526613 0.34624635778360147 0.0006922459654526613 1.0010305235211867 -1.5209804025037554
567 1.0006082747045757 -0.0001027798833591405 -0.07117776740191552 0.0001027798833591405 1.0006082747045757 -0.9126196987420734
568 1.0003767732569178 -0.00022967641305804345 -0.11930493573430241 0.00022967641305804345 1.0003767732569178 -0.9131171854393849
569 1.000266707720656 0.0005127068888489272 -1.1454831184704688 -0.0005127068888489272 1.000266707720656 -0.32329280806957356
570 1.0005262141277613 -0.00038335310578393837 -0.9814574436726244 0.00038335310578393837 1.0005262141277613 -1.3852554231066545
571 1.000411588290796 -0.001137110476346184 0.5629844304144889 0.001137110476346184 1.000411588290796 -0.6714596902832748
572 1.0002949607542237 -0.003062959726419374 2.5944449418393116 0.003062959726419374 1.0002949607542237 -0.14713434457458693
573 1.0001052328611948 -0.0010251439713788333 0.6889584179074192 0.0010251439713788333 1.0001052328611948 0.734493368776133
574 1.0001109339292846 0.00042000039848117716 -0.5378478256648026 -0.00042000039848117716 1.0001109339292846 1.8508946183738948
575 1.0006904360513873 -0.00044508330032085524 0.1707679656697662 0.00044508330032085524 1.0006904360513873 -0.07611056376093692
576 1.0016942069785648 -0.00010471742948361731 -0.7007472250713789 0.00010471742948361731 1.0016942069785648 -2.629677534178963
577 1.0016432137731266 0.00017304918867745733 -0.8742903874023995 -0.00017304918867745733 1.0016432137731266 -1.6881613763603125
578 1.0023197023952715 0.001118646882259527 -2.1319297544498608 -0.001118646882259527 1.0023197023952715 -2.5448707853550845
579 1.0011643667923147 -0.0004939747843405954 -0.47510574517243 0.0004939747843405954 1.0011643667923147 -1.63609278617405
580 1.0012900125443112 -0.0003832481582557842 -0.45790594694208875 0.0003832481582557842 1.0012900125443112 -1.3108516437530278
581 1.0013316136738322 -0.0003242583134175139 -0.7235478643485519 0.0003242583134175139 1.0013316136738322 -0.558238940335163
582 1.0040412240362238 -0.0004492390990346627 -2.35630424808049 0.0004492390990346627 1.0040412240362238 -2.8194139734598886
583 1.001430280789658 0.00041014716583201726 -1.6038506194222437 -0.00041014716583201726 1.001430280789658 -0.7686222498140433
584 1.0014057638058818 0.0002450410041708632 -1.4667492309395236 -0.0002450410041708632 1.0014057638058818 -0.7556486803783955
585 1.0009047520621006 0.00029320275873515636 -1.2888081643461413 -0.00029320275873515636 1.0009047520621006 -0.4620359218744433
586 1.0005039736021182 0.0005787724032570372 -1.7965785593436918 -0.0005787724032570372 1.0005039736021182 -0.14973686493336016
587 1.0024873895137394 -0.00013598391835050903 -2.4718118863343714 0.00013598391835050903 1.0024873895137394 -1.6694134243766794
588 1.0011491814424143 -1.7698879854676115e-05 -1.576227399454785 1.7698879854676115e-05 1.0011491814424143 -0.45155750366299685
589 1.001277213812477 8.251272744078586e-05 -1.6843646071831233 -8.251272744078586e-05 1.001277213812477 -0.7671665456946716
590 1.0016486953313941 0.00017754610463305252 -1.8859074658386856 -0.00017754610463305252 1.0016486953313941 -1.1459065935287007
591 1.0021341351137394 0.00037520007179843375 -2.7501590931674507 -0.00037520007179843375 1.0021341351137394 -1.5126360560011385
592 1.0038020635663005 0.0002498471670884599 -4.632678752354878 -0.0002498471670884599 1.0038020635663005 -2.326923565177054
593 1.0012899153214674 -4.883849294973501e-06 -1.5079596156486028 4.883849294973501e-06 1.0012899153214674 -0.5359339874396234
594 1.0009413676071162 5.520821211531763e-05 -1.19430156193027 -5.520821211531763e-05 1.0009413676071162 -0.1754812514915904
595 0.9993537776800218 -0.00018218649565353968 -0.14302370655497665 0.00018218649565353968 0.9993537776800218 1.0475961695479854
596 1.001672832934953 -8.095896300130265e-05 -0.6870356159183697 8.095896300130265e-05 1.001672832934953 -1.1378706147891462
597 1.0019827705412314 -0.0006271711261499562 -0.0284897384076801 0.0006271711261499562 1.0019827705412314 -1.8532154701953467
598 1.0013377913617403 -0.0006113213895376196 0.40711232403958586 0.0006113213895376196 1.0013377913617403 -1.3084863876563548
599 1.0015939638239724 -9.457763100914446e-05 -0.554948115852962 9.457763100914446e-05 1.0015939638239724 -1.0248724733242178
600 1.003013546866867 0.00028026711439439495 -0.5723917665512607 -0.00028026711439439495 1.003013546866867 -2.4456598104967675
601 1.0013110708954152 -0.0004726858595097018 1.3956564693701041 0.0004726858595097018 1.0013110708954152 -1.650710193774181
