0 1.0 0.0 0.0 0.0 1.0 0.0
1 0.9980498949550249 0.0005097825804908442 0.253769491911472 -0.0005097825804908442 0.9980498949550249 2.280364420165103
2 0.996285364585487 0.0014044823174538036 -0.1016080798182265 -0.0014044823174538036 0.996285364585487 3.5689723789230516
3 0.9979495823239699 -5.081366500192487e-05 0.5503320007925077 5.081366500192487e-05 0.9979495823239699 2.026429240385001
4 0.9978241655137069 9.511160228701809e-05 0.40445388083688405 -9.511160228701809e-05 0.9978241655137069 2.107784479229603
5 0.9983593972557041 -0.0007822909340967134 1.1812103931688662 0.0007822909340967134 0.9983593972557041 1.9836112342893413
6 0.9980922115589176 -0.000931200049491764 1.232636973741958 0.000931200049491764 0.9980922115589176 2.1970914197199476
7 0.9962053257957362 -0.0031834223732911567 4.379603266055711 0.0031834223732911567 0.9962053257957362 3.3124850976816225
8 0.9966266689682951 -0.003908877826967238 5.170326346233711 0.003908877826967238 0.9966266689682951 2.5950932165297798
9 0.9932822952011819 -0.00927364192661539 12.410586597794794 0.00927364192661539 0.9932822952011819 5.176460509005051
10 0.9977333378644219 -0.0035320171647522554 4.109210405887577 0.0035320171647522554 0.9977333378644219 1.6410546253423393
11 1.0003128322217156 -6.559629615001685e-06 -0.45352948124991843 6.559629615001685e-06 1.0003128322217156 -0.3055835467065909
12 1.0006989729043294 0.0004877932010252738 -1.618568618687482 -0.0004877932010252738 1.0006989729043294 -0.889556162243357
13 1.0000578101262347 0.0009763462853242042 -0.9795171519438044 -0.0009763462853242042 1.0000578101262347 -0.34984833296516593
14 1.0007678099521435 0.0006879211115320588 -1.2835956490491958 -0.0006879211115320588 1.0007678099521435 -1.3909440049349362
15 0.999381097206361 0.0003983340977064364 -0.20520318635488932 -0.0003983340977064364 0.999381097206361 0.11460331036463284
16 1.0001693772941784 0.0004996300424349627 -0.586726104067796 -0.0004996300424349627 1.0001693772941784 -0.5267085542424949
17 1.0003612982119638 0.0009428310481336035 -0.9271093632803427 -0.0009428310481336035 1.0003612982119638 -1.0228111655542953
18 0.9987292456664558 0.000511063765781657 -0.024179312580919654 -0.000511063765781657 0.9987292456664558 1.612956500149285
19 0.9998400174063051 -0.0008559428661481881 1.0733569310877635 0.0008559428661481881 0.9998400174063051 0.2715248846990914
20 1.0004287093914233 -0.001235575600559116 1.116454583535413 0.001235575600559116 1.0004287093914233 -0.3070901986201295
21 1.0017785648639366 0.0004185556492207699 -1.6203944963125316 -0.0004185556492207699 1.0017785648639366 -1.4874560186604968
22 1.0013860637851077 0.0009189550424172084 -2.0234803915035418 -0.0009189550424172084 1.0013860637851077 -1.5817115571556164
23 1.0011920668261847 0.0005127345147443237 -0.46330134274479406 -0.0005127345147443237 1.0011920668261847 -1.608541962715078
24 1.000160375010826 0.0008808831333363528 -1.7786495439340482 -0.0008808831333363528 1.000160375010826 0.09099509867786541
25 1.0014191072904073 -0.00022612341715677045 -1.4984070052675489 0.00022612341715677045 1.0014191072904073 -1.3208275765082553
26 1.0022644217276855 0.0010864908722598692 -2.380424533703236 -0.0010864908722598692 1.0022644217276855 -2.3765749411061527
27 1.004245225767414 0.0029593938297739213 -4.4176361329183385 -0.0029593938297739213 1.004245225767414 -3.858347402500727
28 1.0003838303150463 -0.00019749586959613366 -0.02770810974492155 0.00019749586959613366 1.0003838303150463 -0.5967101912085089
29 0.9999116278617908 -0.0045236680853391765 3.8794470885385604 0.0045236680853391765 0.9999116278617908 -0.45760978706484634
30 1.0003404214054605 -0.001599369391692553 0.8636388002615214 0.001599369391692553 1.0003404214054605 0.5027214463956086
31 1.0056250720955022 -0.0005865218387860133 -3.3454460060614633 0.0005865218387860133 1.0056250720955022 -4.957653627517055
32 1.0021847749241797 -0.0006748035644064993 -0.25471949830747054 0.0006748035644064993 1.0021847749241797 -3.534015318494189
33 1.001170475142704 -0.0008862333355361621 0.6816283008117832 0.0008862333355361621 1.001170475142704 -1.3655478204220277
34 1.006605543329255 0.001119244557537071 -3.129928223522988 -0.001119244557537071 1.006605543329255 -6.529314187956115
35 1.0062437782031388 -0.00047682720599572697 -1.2074812146764584 0.00047682720599572697 1.0062437782031388 -5.635373142521885
36 1.0063625898814832 0.0014771273426971148 -3.0194490246385515 -0.0014771273426971148 1.0063625898814832 -6.242039691895478
37 1.001754785157825 0.0011004713402397706 -2.160269215069476 -0.0011004713402397706 1.001754785157825 -2.5953956234221462
38 1.0039235109782985 -0.0038920637656854416 3.1398811736824186 0.0038920637656854416 1.0039235109782985 -5.037415154520052
39 1.0012105024961677 -0.0018337352592916734 1.9646936563334374 0.0018337352592916734 1.0012105024961677 -0.9506037127715684
40 1.0002634505325025 -0.0013111398260571383 0.6663380008188173 0.0013111398260571383 1.0002634505325025 0.1888310498998848
41 1.001785390248451 0.0006320882558679398 -1.9166199799891743 -0.0006320882558679398 1.001785390248451 -1.2024864549671503
42 1.0020545510317498 0.0010174572902607747 -2.0338928297761423 -0.0010174572902607747 1.0020545510317498 -2.2374574884287433
43 1.000076791190585 0.0006934990498073702 -1.0117288068784316 -0.0006934990498073702 1.000076791190585 0.1446049561708567
44 0.9999391818222927 9.991519853146433e-05 -0.5230621761338272 -9.991519853146433e-05 0.9999391818222927 0.1258384275718838
45 0.9994187043250681 0.0008001821221574647 -0.2688792639737745 -0.0008001821221574647 0.9994187043250681 -0.4442386578790022
46 1.0003683356005009 0.0031845674689965596 -2.9131324554795013 -0.0031845674689965596 1.0003683356005009 -0.6779970505181763
47 1.0015265222951106 0.008260220263493446 -8.972683907644498 -0.008260220263493446 1.0015265222951106 -0.5787737383817354
48 0.9990945246035062 0.0007619621918387046 -0.7110765584145741 -0.0007619621918387046 0.9990945246035062 0.6308756872413448
49 0.998460091494694 3.2871263860222806e-05 0.22597879836399604 -3.2871263860222806e-05 0.998460091494694 1.6748305547837334
50 0.9986667151124738 -0.0009842132342544896 1.2813818453496102 0.0009842132342544896 0.9986667151124738 2.1908012782374655
51 0.9990447515322264 -0.0006016362334711987 0.8510927759587247 0.0006016362334711987 0.9990447515322264 1.4471753639437281
52 0.9991510656599447 7.646050264955891e-05 0.1324349881014163 -7.646050264955891e-05 0.9991510656599447 0.4240410940296417
53 0.9986533732255988 0.0005326486404741293 -1.0544599358607742 -0.0005326486404741293 0.9986533732255988 0.8600947760514956
54 0.9995844134789732 0.000567513369593935 -1.091365159274642 -0.000567513369593935 0.9995844134789732 1.0152904958499396
55 0.9994716294712286 8.810231522593612e-05 -0.3397549296897666 -8.810231522593612e-05 0.9994716294712286 1.1870724939415491
56 0.9994474151325543 -0.00037520403118191086 0.22793114802419412 0.00037520403118191086 0.9994474151325543 1.1058214664471406
57 0.9994278648781716 -0.0003870289721513201 0.5605320133683125 0.0003870289721513201 0.9994278648781716 1.1129751686518021
58 0.9984844877700518 -0.001489187202896661 1.2005784195077864 0.001489187202896661 0.9984844877700518 1.3665233421685163
59 1.0000878607263801 -9.154396468600504e-05 -0.6438744159307299 9.154396468600504e-05 1.0000878607263801 -0.6433158390046247
60 1.0004991705136157 0.0006391207050229183 -1.4693261165791551 -0.0006391207050229183 1.0004991705136157 -0.5797345966736752
61 1.001084519584096 0.0030948563193430004 -4.041982964865529 -0.0030948563193430004 1.001084519584096 -0.6669992502954354
62 1.001301357972947 0.0031759573278053376 -4.235255715800878 -0.0031759573278053376 1.001301357972947 -1.181806114791491
63 1.000284863468148 0.0012981283419770718 -1.947328439868414 -0.0012981283419770718 1.000284863468148 -0.22350654838602013
64 1.000080376410565 -0.00043364559219210864 0.5592015196791724 0.00043364559219210864 1.000080376410565 0.07297497191418056
65 1.0003332691081854 -0.0007915260241625172 0.4946160520728897 0.0007915260241625172 1.0003332691081854 -0.3423019173695401
66 0.9996041023085281 -0.000867928410140563 0.5882955091088087 0.000867928410140563 0.9996041023085281 0.7260410713077144
67 0.9989207031234467 -0.0018957288784306509 1.9147466343754116 0.0018957288784306509 0.9989207031234467 1.0686633874595328
68 0.9996290399144875 -0.001073824424091504 1.080688404100559 0.001073824424091504 0.9996290399144875 0.4666937187863045
69 1.0001915618014607 -0.0012237612040812856 1.4499817643054276 0.0012237612040812856 1.0001915618014607 0.3309730524576423
70 1.0001706760359337 -0.00020247513505849884 0.28511325393369835 0.00020247513505849884 1.0001706760359337 -0.051199648190625786
71 1.000754919965493 0.000760072071289904 -1.0463072535255162 -0.000760072071289904 1.000754919965493 -1.1598177446592963
72 1.000717546211335 0.0038212625039651775 -3.859473888055839 -0.0038212625039651775 1.000717546211335 -0.04337961140265787
73 1.0019585707718828 0.005032333476592586 -6.019268304904394 -0.005032333476592586 1.0019585707718828 -1.2925536196250391
74 1.0006706445610987 0.006621302488113013 -7.428513222598509 -0.006621302488113013 1.0006706445610987 0.3960428645939279
75 0.999459325626235 -0.0002476803224809977 0.12253190171713199 0.0002476803224809977 0.999459325626235 0.035716450535797674
76 0.9981067899978582 -0.0018145206773278763 1.9774103115335477 0.0018145206773278763 0.9981067899978582 1.3053971001276525
77 0.9988456181354337 0.0006268581844909378 0.841891401207089 -0.0006268581844909378 0.9988456181354337 4.011080986199264
78 1.0002175458087321 -0.0008217650035391374 0.9250490710293665 0.0008217650035391374 1.0002175458087321 0.35738157000115045
79 1.000852212017005 0.00010357571634728104 -0.44749847079657523 -0.00010357571634728104 1.000852212017005 -0.6344712056496146
80 1.0013484258570742 -0.00010891926082723922 -0.01741908446581475 0.00010891926082723922 1.0013484258570742 -1.6996420975291953
81 1.0013255884581207 0.0001511043015220703 -0.7025461131841569 -0.0001511043015220703 1.0013255884581207 -1.7358364780273179
82 1.0005948511671015 0.0006674417141542884 -1.3478693647376696 -0.0006674417141542884 1.0005948511671015 -0.6668404523053139
83 1.0003313942921934 0.00036359095578306403 -0.9853271648563526 -0.00036359095578306403 1.0003313942921934 -0.021289338875128294
84 1.0001996814974343 0.0002994512835835731 -0.9456447074898335 -0.0002994512835835731 1.0001996814974343 0.3424698815881705
85 1.000791187374144 0.0006469792756653447 -1.642878555018783 -0.0006469792756653447 1.000791187374144 -0.8890037948962861
86 1.000521664087041 0.00033236637060399753 -1.1581295139064633 -0.00033236637060399753 1.000521664087041 -0.5276517887719303
87 1.0008091417820673 0.0006684185359314629 -1.7997616539985684 -0.0006684185359314629 1.0008091417820673 0.04795161556695723
88 1.000514116986896 -0.0002371225227926553 -0.31283707772530955 0.0002371225227926553 1.000514116986896 -0.6594731072028877
89 1.001415128523157 -8.029006784816053e-05 -0.08303436072976356 8.029006784816053e-05 1.001415128523157 -1.2695707656229303
90 1.000464738522477 0.0004918289649682732 -1.1262225109078965 -0.0004918289649682732 1.000464738522477 -0.29128665632797524
91 0.9998639551531258 -0.00012835453748663637 -0.19525511921090333 0.00012835453748663637 0.9998639551531258 0.6470067706271379
92 0.999824749486162 -0.0001486783380902409 -0.03131954420035216 0.0001486783380902409 0.999824749486162 0.6044211031432754
93 1.0000031397922415 0.0006538364628423227 -0.8808668599415959 -0.0006538364628423227 1.0000031397922415 0.47665274090353504
94 1.0002092680156471 0.000420212290108198 -1.1063697841084275 -0.000420212290108198 1.0002092680156471 -0.7857826835528341
95 0.9997047765037186 -0.00015723224253633226 -0.09913753559594335 0.00015723224253633226 0.9997047765037186 0.14858528743540378
96 0.9997984382125531 -0.0005710415150949961 0.632520498325537 0.0005710415150949961 0.9997984382125531 0.2655363118145047
97 0.9992710385325244 -0.000254545351624425 0.6187368281127452 0.000254545351624425 0.9992710385325244 1.3496423184294701
98 0.9993936026363558 0.00011419345822317323 0.4654518215575121 -0.00011419345822317323 0.9993936026363558 1.1109525739541488
99 0.9994845635507223 -2.491527798123626e-05 0.06280571457360239 2.491527798123626e-05 0.9994845635507223 0.6990398118422074
100 0.9993600168713658 -0.00041316453464435417 0.6277659487389868 0.00041316453464435417 0.9993600168713658 1.004932460069562
101 0.9992685835487216 -0.0003627660754941704 0.6275588100584004 0.0003627660754941704 0.9992685835487216 0.8301368448295499
102 1.0002141563447735 -8.939349878823098e-05 0.3684715458422535 8.939349878823098e-05 1.0002141563447735 -0.1782088673562347
103 1.0002152705705745 0.0005904840012796535 -0.7053638063168846 -0.0005904840012796535 1.0002152705705745 0.27096680033948806
104 1.000119963888222 -0.000367826449893834 0.792308406797342 0.000367826449893834 1.000119963888222 -0.18051721797737774
105 0.9998010330905582 0.00022327716112500117 -0.275468312842148 -0.00022327716112500117 0.9998010330905582 0.4376993246580281
106 0.9996147956371838 -0.0007311440469015386 0.5110773714641822 0.0007311440469015386 0.9996147956371838 0.21233004403854835
107 0.9996651049320586 -0.00037475947425502496 0.5527860079972491 0.00037475947425502496 0.9996651049320586 0.6268002529014655
108 0.9995722629478898 0.00015853587452937525 0.31027379919961545 -0.00015853587452937525 0.9995722629478898 1.0127436591243513
109 0.9999169127257319 -0.00027344090242521974 1.0556896815081704 0.00027344090242521974 0.9999169127257319 -0.525036740087296
110 1.0004136843846587 0.0010261264387079834 -0.5229808240959972 -0.0010261264387079834 1.0004136843846587 -0.0674829936620684
111 1.0002322913516397 9.09888527749173e-05 0.28775899221410284 -9.09888527749173e-05 1.0002322913516397 -0.27816571504948323
112 1.0001560468221637 -0.0003582540560934823 0.6791905835767978 0.0003582540560934823 1.0001560468221637 -0.051885626490862535
113 1.000088932602421 -0.0006989697473735522 1.2646198209225454 0.0006989697473735522 1.000088932602421 -0.08019796826142496
114 0.9999163716701311 -0.0005512322135378827 0.8505660145293761 0.0005512322135378827 0.9999163716701311 -0.5915933231099482
115 1.0001831712857474 0.00029639125184426784 -0.819703553001263 -0.00029639125184426784 1.0001831712857474 -0.6930173549968308
116 1.0003062538832255 0.0007538517309959813 -1.2771568873168395 -0.0007538517309959813 1.0003062538832255 -0.05408773481033434
117 0.9999289894450123 0.000514967872422419 -1.0069544888617812 -0.000514967872422419 0.9999289894450123 0.5510712647815061
118 0.9996114350775263 0.00021174524662565683 -0.6306040464184853 -0.00021174524662565683 0.9996114350775263 0.9776357587915236
119 0.9994056186428932 -0.000699132928284615 0.02043265551409834 0.000699132928284615 0.9994056186428932 1.2828805411232143
120 0.9993434181917019 0.0003081583576654297 -0.5033894049918921 -0.0003081583576654297 0.9993434181917019 0.6887758171981265
121 0.9995342025313059 0.0009125222277298548 -1.1065338977255503 -0.0009125222277298548 0.9995342025313059 0.4760205228546298
122 0.9984236797234387 0.0013985212137711314 -1.0210970316705965 -0.0013985212137711314 0.9984236797234387 1.581759807992074
123 0.9995724539295633 0.010089969346916973 -10.74929641225779 -0.010089969346916973 0.9995724539295633 2.547947924151183
124 0.9942679812884428 0.01411724888915981 -13.65913199139742 -0.01411724888915981 0.9942679812884428 9.057115087715394
125 0.9990607049144584 0.0014262120152515499 -3.431718403066866 -0.0014262120152515499 0.9990607049144584 1.9476337525281155
126 0.9991040982883084 0.0010604739973093726 -2.738958894715031 -0.0010604739973093726 0.9991040982883084 3.5564126035319776
127 1.0016113383337566 0.0011809001078319783 -6.2281223659246825 -0.0011809001078319783 1.0016113383337566 0.9132752409486231
128 0.9977617005588267 0.0006605475607526193 -1.42602207748816 -0.0006605475607526193 0.9977617005588267 2.7199058691114413
129 0.9886224356930993 0.0018347060607052487 -0.04763686070125128 -0.0018347060607052487 0.9886224356930993 12.542079165345353
130 0.9964081872922668 -0.001292462696740172 1.2863730395833948 0.001292462696740172 0.9964081872922668 3.962665210388408
131 0.9975305130785603 -0.0017710457143509369 1.4221834484611322 0.0017710457143509369 0.9975305130785603 2.017305655891929
132 0.9976425994136444 0.0008308623036868231 -1.1314355700917282 -0.0008308623036868231 0.9976425994136444 2.6748799646168844
133 0.9999690357411567 0.0014868569329082137 -2.3412487710854735 -0.0014868569329082137 0.9999690357411567 0.037650333609499986
134 1.0007350568564148 -0.00020654820610843802 0.9690896512930625 0.00020654820610843802 1.0007350568564148 -1.2892507964343836
135 0.9993226112660528 0.0004778103328095035 -0.8673607816178652 -0.0004778103328095035 0.9993226112660528 1.2309341197762222
136 0.9992251990600804 -0.0008290298728038523 1.401405843190885 0.0008290298728038523 0.9992251990600804 0.6135026392020211
137 0.9995488506877706 -0.002879316452364415 3.518631311775634 0.002879316452364415 0.9995488506877706 0.011574084492085402
138 1.00148778891174 -0.00017550377436961544 0.6170186284383434 0.00017550377436961544 1.00148778891174 -1.2573495899594134
139 1.0046832726806467 0.0003562743546558814 -0.41896624990539266 -0.0003562743546558814 1.0046832726806467 -4.873344213313276
140 1.0096568492835396 -0.0009102143468578512 -1.6146861420035978 0.0009102143468578512 1.0096568492835396 -10.665853888167241
141 1.0006526692333262 -0.0009138702085508827 2.166696268883505 0.0009138702085508827 1.0006526692333262 -2.1120251040482056
142 1.0071976706668053 -0.00101501350530679 -0.37357458640257635 0.00101501350530679 1.0071976706668053 -8.081884334831392
143 1.0075317558209238 -0.0010685014999443718 -0.12801781491809106 0.0010685014999443718 1.0075317558209238 -7.954539200810274
144 0.9998691315053462 -1.4383096154278521e-06 0.1676620939815826 1.4383096154278521e-06 0.9998691315053462 0.36435832229959675
145 0.9999674329395932 -7.550484385923374e-05 0.11085300920854713 7.550484385923374e-05 0.9999674329395932 0.8844090349075313
146 0.9998240203050922 8.444096394589866e-05 -0.06047063681515086 -8.444096394589866e-05 0.9998240203050922 0.888572535417411
147 1.0005718165870612 -0.0008176246178902722 1.4433780204783844 0.0008176246178902722 1.0005718165870612 -0.7578795521979734
148 1.0026054941758304 0.00035657566884298185 -0.5497217024230805 -0.00035657566884298185 1.0026054941758304 -2.4929146352082814
149 0.9998720018764173 -0.00020861997859729353 0.3643115522331979 0.00020861997859729353 0.9998720018764173 0.13491753892813918
150 1.0158128593631743 -0.0026782410086719373 -0.02047380291768801 0.0026782410086719373 1.0158128593631743 -17.028896689224307
151 1.0122568701520667 -0.002587191649956491 0.6716380255369191 0.002587191649956491 1.0122568701520667 -13.428939396395323
152 1.0042975699954222 0.00013118689813129307 -0.8734092538388393 -0.00013118689813129307 1.0042975699954222 -3.948949471929145
153 1.0053599440947323 -0.0010687939681252331 0.19303129141228 0.0010687939681252331 1.0053599440947323 -5.2363236116817
154 0.999436762011235 5.483507548698649e-05 -0.12907403598818767 -5.483507548698649e-05 0.999436762011235 1.29939850170359
155 1.0101144299816074 -0.006586133042504143 4.2410580398712465 0.006586133042504143 1.0101144299816074 -11.574103630613665
156 1.0004772000038793 -0.00035245567950664247 0.5016487400245508 0.00035245567950664247 1.0004772000038793 -0.20774802962130715
157 1.0088095937702817 -0.005036142180307392 4.7318467689712636 0.005036142180307392 1.0088095937702817 -10.398755186824221
158 1.0082542384439188 -0.0033357824715541198 2.3402477552592877 0.0033357824715541198 1.0082542384439188 -9.527368228003615
159 1.0178206488228891 -0.0037615732509565175 0.5843526378508337 0.0037615732509565175 1.0178206488228891 -19.204150555079636
160 1.0081530171564768 -0.0019760364831902513 0.4570054099933308 0.0019760364831902513 1.0081530171564768 -8.869880774971
161 1.003972733760595 -0.0020219615017631927 1.8349547734452396 0.0020219615017631927 1.003972733760595 -4.689109856267032
162 1.0063838933674274 -0.003655040428084626 2.8566512540754756 0.003655040428084626 1.0063838933674274 -6.918557120974586
163 1.0053948949488845 -0.0037422303786316235 3.312249931698702 0.0037422303786316235 1.0053948949488845 -5.849313857944154
164 1.0046281347174797 -0.011333354418680167 10.692879237594562 0.011333354418680167 1.0046281347174797 -7.144820184882795
165 1.0042203320321412 -0.005858887440894191 5.269710967406263 0.005858887440894191 1.0042203320321412 -5.671468204426359
166 1.0050339766228373 -0.004228882716288068 3.4109044753751636 0.004228882716288068 1.0050339766228373 -6.538236359729583
167 0.9993936263961797 -0.0003471803249296977 2.5823675358292157 0.0003471803249296977 0.9993936263961797 -0.0884471362786888
168 1.0048643728459936 -0.0015746160532482702 0.7919897088826312 0.0015746160532482702 1.0048643728459936 -5.402262635786325
169 1.009661995218358 -0.0005410942795006638 -0.9758508839143155 0.0005410942795006638 1.009661995218358 -10.555987421210581
170 1.001041880911036 0.00011339857024759529 -0.10227182725366807 -0.00011339857024759529 1.001041880911036 -1.7436952783248563
171 0.9989820584124334 -0.00011590770780726034 0.15021023745896128 0.00011590770780726034 0.9989820584124334 0.6574493704346724
172 0.9992885742710925 -0.0005840460121294418 0.817060888104016 0.0005840460121294418 0.9992885742710925 0.854036945498563
173 0.9952197079490127 -0.001279418746240356 2.1882534098854034 0.001279418746240356 0.9952197079490127 4.196145929957779
174 1.0008793928069804 -0.0007109414970058944 0.907241820053631 0.0007109414970058944 1.0008793928069804 -1.1281927400093605
175 0.9989966986544442 -0.0008626990687603171 1.0856371038624282 0.0008626990687603171 0.9989966986544442 -0.024500305146657464
176 0.9991594441135795 -0.0011724394924995875 1.187594200189662 0.0011724394924995875 0.9991594441135795 0.3682653936560907
177 0.9982154091311566 0.0007068315172280558 -0.4775580115838809 -0.0007068315172280558 0.9982154091311566 1.6413804649894346
178 0.9990357220900093 0.00044479487883195316 -0.6428097386842874 -0.00044479487883195316 0.9990357220900093 1.442461898525834
179 0.9999911380136062 0.00015061010836001242 -0.05170262528298595 -0.00015061010836001242 0.9999911380136062 0.02711927516350044
180 1.0008603270674374 -0.00037169145097405135 0.1255301684427545 0.00037169145097405135 1.0008603270674374 -0.8613875903060362
181 0.999756813358114 -0.0001672545320762856 0.1662652397714918 0.0001672545320762856 0.999756813358114 0.2749408699338169
182 0.9997249729464923 -0.0006843155199507932 0.8373818278380818 0.0006843155199507932 0.9997249729464923 0.22901471308180393
183 0.9997597941472204 -0.00199867345560668 2.782662909671258 0.00199867345560668 0.9997597941472204 -0.09779996858164745
184 0.9953824381936119 -0.00864134063047308 10.027259157789498 0.00864134063047308 0.9953824381936119 3.1570886259109403
185 0.9936495970784923 -0.000313870001870116 2.3203375745511097 0.000313870001870116 0.9936495970784923 6.341691031570173
186 0.9950925027908735 -0.00039181570439161763 2.0700696282936986 0.00039181570439161763 0.9950925027908735 4.521647019098779
187 0.9985732598474107 0.00026790890597331744 -1.5480236737303088 -0.00026790890597331744 0.9985732598474107 1.6849068186775848
188 0.9976532397188292 0.00022164322089261162 -1.040118235160192 -0.00022164322089261162 0.9976532397188292 2.6795838355011106
189 0.9903650509522075 0.000651248092043957 -0.012364444485641054 -0.000651248092043957 0.9903650509522075 9.908305135936168
190 0.9966302894091442 0.0010682285088416527 -2.366128282407498 -0.0010682285088416527 0.9966302894091442 3.578891613893901
191 0.9944758936256025 0.0018021576301816438 -1.7821975044756349 -0.0018021576301816438 0.9944758936256025 6.683774867885253
192 0.9940330465322036 0.002104229943945123 -1.780588687746304 -0.002104229943945123 0.9940330465322036 7.002343858193736
193 0.9936857851173395 0.00048541000147794383 -0.44277139838548524 -0.00048541000147794383 0.9936857851173395 6.928926934265506
194 0.9917510679351136 -0.001460990233547415 0.6396386468035479 0.001460990233547415 0.9917510679351136 7.939100631071772
195 0.9991684265195503 0.0003542810917247339 -1.4440532773728416 -0.0003542810917247339 0.9991684265195503 1.6563007009631152
196 0.9991851826638106 -0.0005302224420401874 -0.24929338692045966 0.0005302224420401874 0.9991851826638106 0.6438898190857342
197 0.9993801137694776 -0.0006197406542499506 0.04885371938921468 0.0006197406542499506 0.9993801137694776 -0.040560368777650374
198 1.0002472919835856 0.0011610592507435228 -2.081754496590009 -0.0011610592507435228 1.0002472919835856 -0.6657746405568319
199 1.001125138930633 0.011316037506537265 -12.134294259255457 -0.011316037506537265 1.001125138930633 1.9153287697409487
200 1.0006706833603332 0.0014893372984981295 -2.3692343812619066 -0.0014893372984981295 1.0006706833603332 -1.2437542049433146
201 0.9990523965809878 0.004649276873002935 -4.318755223673347 -0.004649276873002935 0.9990523965809878 2.101275400543634
202 1.0006738485178719 0.0005582954945071508 -1.4199672552464049 -0.0005582954945071508 1.0006738485178719 0.0818140219783916
203 1.000158557656169 -0.002440995551489743 1.56046685301773 0.002440995551489743 1.000158557656169 0.09769463744034126
204 0.9997751596384177 -0.000281929529523572 -0.32554666223836326 0.000281929529523572 0.9997751596384177 0.4116231139377078
205 1.0003306047282032 0.00038566867536370055 -0.3361068799214956 -0.00038566867536370055 1.0003306047282032 -0.28063744650078404
206 0.9999481685159589 -2.5764784836554273e-05 0.5084156497709389 2.5764784836554273e-05 0.9999481685159589 -0.17811302190540743
207 0.9999218017506163 -0.00027383698670657014 0.869479782228838 0.00027383698670657014 0.9999218017506163 -0.09067381886783005
208 1.0001495964733733 -0.0006273087782131496 1.153711150138459 0.0006273087782131496 1.0001495964733733 -0.42422709429018324
209 1.000891592900857 -7.424293770332413e-06 -0.04571571774746392 7.424293770332413e-06 1.000891592900857 -0.96484475534977
210 1.0002451579918672 -0.00013643399259275778 0.2363597917193892 0.00013643399259275778 1.0002451579918672 -0.1266836746196353
211 1.000411936050845 5.192369796072361e-05 -0.3959869370411959 -5.192369796072361e-05 1.000411936050845 -0.04612000724188739
212 0.9998569573512832 -5.519784989237045e-05 -0.059303635888296014 5.519784989237045e-05 0.9998569573512832 0.601846058551339
213 1.000373863340976 -0.000710664871540417 0.7816650047849623 0.000710664871540417 1.000373863340976 -0.4533347369591526
214 1.0012311607510616 -0.0005333006789156851 0.7987837566877395 0.0005333006789156851 1.0012311607510616 -0.9077231821388733
215 1.0000347816945336 -0.0006070931708654778 1.2569269006210668 0.0006070931708654778 1.0000347816945336 0.43949947017649027
216 0.9999076388745867 -0.000291662433844639 1.2163886658643985 0.000291662433844639 0.9999076388745867 0.2840914515895605
217 0.9989974225942859 -0.0009943096773129378 2.241766804255069 0.0009943096773129378 0.9989974225942859 0.7057514582318146
218 0.9991934069800577 -6.307415180908395e-05 1.0368790906781995 6.307415180908395e-05 0.9991934069800577 0.8998722664009339
219 1.0000127021002612 0.00029572410218960577 0.38657738364987076 -0.00029572410218960577 1.0000127021002612 0.19318843816696074
220 0.9994364272122814 -2.5804693811301203e-05 0.7950445038742165 2.5804693811301203e-05 0.9994364272122814 0.910029532334705
221 0.999405702789039 -0.000460503152471645 1.1851450775095198 0.000460503152471645 0.999405702789039 0.7182543965864893
222 0.9998437022672303 -0.0007381508538416737 1.3206330666663586 0.0007381508538416737 0.9998437022672303 -0.135858548921302
223 1.000053275772408 -0.00015159998087892136 0.5340608195614206 0.00015159998087892136 1.000053275772408 -0.0029886980775348793
224 1.000187634776136 0.00014657672448938045 -0.24045420207183757 -0.00014657672448938045 1.000187634776136 0.5245100499151406
225 1.0002410468862593 0.00017153370899235633 -0.2644441139123752 -0.00017153370899235633 1.0002410468862593 0.18366124434958397
226 1.000306134398904 0.0003121411002603109 -0.32590038084943657 -0.0003121411002603109 1.000306134398904 -0.04467322423750437
227 1.0001935829604363 0.0003215030983385373 -0.505088805688612 -0.0003215030983385373 1.0001935829604363 0.10280599849314154
228 1.0002750324618248 0.0004117712411139459 -0.6047163503866484 -0.0004117712411139459 1.0002750324618248 -0.0246313987524861
229 1.0006417620172383 0.00034788314087713597 -0.7583095698949904 -0.00034788314087713597 1.0006417620172383 -0.7422879772834734
230 1.000287398575617 0.0002161236161354075 -0.6157679502118377 -0.0002161236161354075 1.000287398575617 -0.216781085562751
231 1.0002018775972692 0.00019353428056733313 -0.7568076412347596 -0.00019353428056733313 1.0002018775972692 -0.15053909164879942
232 0.9998171163418631 0.0002682438332091208 -0.8348084338453823 -0.0002682438332091208 0.9998171163418631 0.13107080484047734
233 1.00003110422425 3.590338202374586e-05 -0.784552929441275 -3.590338202374586e-05 1.00003110422425 0.1830774609943271
234 1.0000105336336622 -0.00010393804664048697 -0.5460245338618721 0.00010393804664048697 1.0000105336336622 0.8390389245584651
235 1.0001565604059126 0.00024142005052001303 -0.49745275926351445 -0.00024142005052001303 1.0001565604059126 -0.06993969850110088
236 1.0000574796567376 0.0004377089369671751 -0.912726023264535 -0.0004377089369671751 1.0000574796567376 0.016780766762496614
237 1.0001772333729353 0.00035084741030078185 -1.0292383175143067 -0.00035084741030078185 1.0001772333729353 0.14075770277758878
238 1.0000607250482298 0.00028014374566393257 -0.8199659365840801 -0.00028014374566393257 1.0000607250482298 0.33542528724982734
239 1.0004227297536044 0.00012235273202402863 -0.5464800513063546 -0.00012235273202402863 1.0004227297536044 -0.12883823290663166
240 1.0005264013411643 0.0002887807283116386 -1.0983332805099766 -0.0002887807283116386 1.0005264013411643 -0.45587671631214927
241 1.000111490338636 -3.5900385842698208e-06 -0.48119537843131216 3.5900385842698208e-06 1.000111490338636 -0.031233429180668015
242 1.0003765170203778 -0.00017291802976493811 -0.28062742456426304 0.00017291802976493811 1.0003765170203778 -0.21256824210934866
243 1.0003519234207396 -0.00012018025537530207 -0.33542559676314054 0.00012018025537530207 1.0003519234207396 -0.14424526741590515
244 1.0005597141094273 0.00011007096169894006 -0.47528253410768784 -0.00011007096169894006 1.0005597141094273 -0.4863185920120752
245 1.0008400765348484 0.0001572262105448597 -0.6202737200308054 -0.0001572262105448597 1.0008400765348484 -0.6125022570749489
246 1.000581834215833 0.00018881415423482485 -0.7896370675677878 -0.00018881415423482485 1.000581834215833 -0.2447142343507409
247 1.000786916701067 0.00013331268126650503 -0.7621377218775882 -0.00013331268126650503 1.000786916701067 -0.5158122816797226
248 1.000796625098691 3.592932280419968e-05 -0.8062177696476476 -3.592932280419968e-05 1.000796625098691 -0.7545810221967995
249 1.0008876538627818 0.00012220241074626992 -0.8771276354144437 -0.00012220241074626992 1.0008876538627818 -0.7287214038011256
250 1.0009796620700995 0.00034948244002733914 -0.6825761875131064 -0.00034948244002733914 1.0009796620700995 -0.634751383138664
251 1.0008456278682267 0.00030072553667980406 -0.48758646262403404 -0.00030072553667980406 1.0008456278682267 -0.9096935925181766
252 1.0005849695019433 0.0005246109398649654 -0.5435260623148452 -0.0005246109398649654 1.0005849695019433 -0.5039965587171844
253 1.0006033348072032 0.0010032838881858764 -0.960310775694089 -0.0010032838881858764 1.0006033348072032 -0.5155383366883404
254 1.000358309240455 0.0013475943099487205 -1.2712862865882815 -0.0013475943099487205 1.000358309240455 -0.14860559894192935
255 0.9998989827357336 0.0009044502837834991 -0.8653911738942136 -0.0009044502837834991 0.9998989827357336 0.12232565903304862
256 0.9993948215484573 0.007587191086879997 -6.797863747897205 -0.007587191086879997 0.9993948215484573 2.3187570144183187
257 0.9994804677717452 2.911703914947205e-05 0.26095808527080283 -2.911703914947205e-05 0.9994804677717452 0.35556787240597376
258 0.998992124923382 0.0003369309514240174 -0.0679126491129094 -0.0003369309514240174 0.998992124923382 0.7367237384436764
259 0.9990724371318132 -0.0019293799728509193 2.017493279324427 0.0019293799728509193 0.9990724371318132 0.05551428255692814
260 0.9986799294664994 -0.00022295527269348148 0.8827252899516054 0.00022295527269348148 0.9986799294664994 1.7554480040645963
261 0.9998390742918727 0.0006993373068504222 -0.43495035240268376 -0.0006993373068504222 0.9998390742918727 0.9133014560300647
262 0.9999941121001561 0.0004023724211159938 -0.4567343683133671 -0.0004023724211159938 0.9999941121001561 0.8315016159094715
263 0.9995153789645604 1.5564480997448796e-05 0.3591097281127418 -1.5564480997448796e-05 0.9995153789645604 0.9788714752619199
264 0.9996170106007505 -0.00036036728644088 0.5055983694210155 0.00036036728644088 0.9996170106007505 0.5291083749982071
265 0.9995303977081552 -9.371337105424031e-05 0.1857939750996568 9.371337105424031e-05 0.9995303977081552 0.45065130104016343
266 0.9999930259166774 8.810706919932891e-05 0.05008837652132869 -8.810706919932891e-05 0.9999930259166774 0.16078098001900532
267 0.9998459491963926 0.0001196861093436365 0.05277195972241078 -0.0001196861093436365 0.9998459491963926 0.17246351971485252
268 0.9997673535010646 -0.00023220021179013763 0.6631638499175383 0.00023220021179013763 0.9997673535010646 0.6649835671240165
269 0.9992679259095667 -0.0011079634786670105 1.9936397862278619 0.0011079634786670105 0.9992679259095667 1.0619731321859018
270 1.0062318691791197 -0.006083339072959538 4.350869273092417 0.006083339072959538 1.0062318691791197 -7.145132709949283
271 0.999315217322712 -0.001189959644461357 2.1463035810101547 0.001189959644461357 0.999315217322712 1.542011069336704
272 1.0007756982920621 0.0009279383219560543 -0.659136045644054 -0.0009279383219560543 1.0007756982920621 -0.0895134635747512
273 1.0023929883530027 0.0023134071236272304 -3.366583227209099 -0.0023134071236272304 1.0023929883530027 -1.8565222382245141
274 1.0017335357075716 0.0032926931229843347 -3.768896949049452 -0.0032926931229843347 1.0017335357075716 -0.8736962029066828
275 1.000561829827157 0.0004988709694733449 -0.6914467158534984 -0.0004988709694733449 1.000561829827157 -0.6633159298198785
276 1.0003052827793477 0.00027215366107338887 0.07508926070484212 -0.00027215366107338887 1.0003052827793477 -0.19160699387866797
277 0.9993361873019886 -0.0007667896457363315 1.6765565664550897 0.0007667896457363315 0.9993361873019886 -0.5820817360853456
278 0.9996836941207949 -0.00022888056171984532 0.6140583185281033 0.00022888056171984532 0.9996836941207949 -0.15449752550120088
279 0.9995936660713572 -0.0010459948269407326 0.8889285511278732 0.0010459948269407326 0.9995936660713572 0.03138337476137325
280 1.000148993400455 -0.0043751225301874854 4.300953333174528 0.0043751225301874854 1.000148993400455 -1.07755448456798
281 0.9998459178875441 0.0002045686473372823 0.784151425791949 -0.0002045686473372823 0.9998459178875441 0.9581983987780969
282 1.0000991866586721 0.0012756432301300857 -0.9573731026306267 -0.0012756432301300857 1.0000991866586721 0.7435268863573439
283 0.9997898765919856 0.001725068388828893 -2.231060262166588 -0.001725068388828893 0.9997898765919856 0.5054766864806569
284 0.9995922915106527 0.0010852258589479182 -1.4250135720952926 -0.0010852258589479182 0.9995922915106527 0.27942914532388674
285 0.9988713670709716 0.0012948154266807623 -1.1557534294990697 -0.0012948154266807623 0.9988713670709716 1.6634312727980167
286 0.999777948185282 6.193676546823541e-05 0.04690336661118266 -6.193676546823541e-05 0.999777948185282 -0.06090432951633118
287 0.9996816784613672 -0.0005296648212517453 1.0612245896334007 0.0005296648212517453 0.9996816784613672 -0.1610464611779444
288 0.9996015157482538 -0.0012446297501349701 2.079969882835497 0.0012446297501349701 0.9996015157482538 0.1291273351257178
289 0.9992291661858149 -0.002391331219186341 3.3953780843203685 0.002391331219186341 0.9992291661858149 0.40981091711462303
290 1.0003842399438478 -0.004120752040578231 4.3545057872444115 0.004120752040578231 1.0003842399438478 -1.2970389352333351
291 1.0008236677284141 0.002934469636312659 -2.9338818169475704 -0.002934469636312659 1.0008236677284141 -0.31578777705266514
292 1.0011644156206494 0.001741131600013292 -1.7518561243646404 -0.001741131600013292 1.0011644156206494 -1.078012431814717
293 1.002016502092109 0.0037965066444717 -3.635331738194388 -0.0037965066444717 1.002016502092109 -0.887236872829452
294 1.0004949524628861 0.0008585911725356006 -0.7660523938389747 -0.0008585911725356006 1.0004949524628861 -0.5997942079255306
295 1.0006539581567913 0.0004379707907666924 -0.680519576437251 -0.0004379707907666924 1.0006539581567913 -0.44312379373706523
296 0.9992470491587359 -3.498311158456769e-05 -0.19987458060047558 3.498311158456769e-05 0.9992470491587359 0.953320698254343
297 0.9989237729041789 0.00015038542125102522 -0.24287554685317136 -0.00015038542125102522 0.9989237729041789 0.5651172600201637
298 0.997837332470536 0.0004919976313354786 -0.32839147066070695 -0.0004919976313354786 0.997837332470536 1.6620856329727016
299 0.9991595710166636 -0.0005739837418241394 0.4630771403702042 0.0005739837418241394 0.9991595710166636 0.7221105620499664
300 0.9977980751577329 -0.007086434767180065 7.211674677857957 0.007086434767180065 0.9977980751577329 0.7985091423559718
301 1.000089007311218 0.0001405533767313541 -0.29452300248137064 -0.0001405533767313541 1.000089007311218 0.2985142083396321
302 0.999796664677272 0.0009024172985305872 -1.17422236973141 -0.0009024172985305872 0.999796664677272 0.16652089756747412
303 0.9993606678615327 0.001009224009830288 -1.2881292682091754 -0.001009224009830288 0.9993606678615327 -0.15918633610826702
304 1.00168455244028 0.010501384360894195 -11.0553380302114 -0.010501384360894195 1.00168455244028 0.28581459445359175
305 1.0023606115777006 0.013050286547417293 -13.690051403938726 -0.013050286547417293 1.0023606115777006 0.20311958285936849
306 0.9998752745890701 0.0007779620734152233 -0.7165629720880473 -0.0007779620734152233 0.9998752745890701 -1.1547817684366752
307 1.000109723519911 -0.0006709307235673863 0.6647328078481328 0.0006709307235673863 1.000109723519911 -1.5623433224407828
308 0.9996624440873304 0.0008271361327499311 -0.08179657677195307 -0.0008271361327499311 0.9996624440873304 0.5903095744539691
309 0.9996400722661576 -0.0025388920436631604 2.691846767676328 0.0025388920436631604 0.9996400722661576 0.9686351328707629
310 0.9952657945782143 -0.015896678574215128 16.896002298239125 0.015896678574215128 0.9952657945782143 3.0531452619835577
311 0.9977065472958317 -0.012056459419317891 12.2281624725347 0.012056459419317891 0.9977065472958317 1.4358874042575889
312 0.9986052025603671 -0.006893694193199754 7.411149191277488 0.006893694193199754 0.9986052025603671 0.021680113016812275
313 0.9956980230619187 -0.004118670100037093 5.640394848559266 0.004118670100037093 0.9956980230619187 3.8800069102126504
314 0.9975684872791267 -0.004287869255182449 4.819826469686066 0.004287869255182449 0.9975684872791267 2.2257584251315565
315 0.9987429565546763 -0.0003775662248462798 0.42071263080525245 0.0003775662248462798 0.9987429565546763 1.621385252140107
316 0.9991757952383543 -9.08675671053433e-05 1.1733027195457637 9.08675671053433e-05 0.9991757952383543 1.6606384599727293
317 1.0000091235230966 -0.0014854375266378154 1.4343507427376776 0.0014854375266378154 1.0000091235230966 0.20238840178907266
318 0.9994499250129179 -0.0005557006498861049 0.7033572236453431 0.0005557006498861049 0.9994499250129179 0.8426679806706174
319 0.9996084757676186 -0.0003371226172573014 0.469026403542301 0.0003371226172573014 0.9996084757676186 0.6265073365502222
320 0.9989372426870573 -5.434998794666283e-05 -0.042645366424561924 5.434998794666283e-05 0.9989372426870573 1.4285480950508016
321 0.999002933173445 -0.0005670900556266495 0.8595050904136818 0.0005670900556266495 0.999002933173445 1.1966113529807567
322 0.9993668897719469 5.9039009339548545e-08 -0.025538942906474293 -5.9039009339548545e-08 0.9993668897719469 0.7192854779767905
323 0.9987030468610603 7.908183032410737e-05 1.1938573770905905 -7.908183032410737e-05 0.9987030468610603 1.6702125795595397
324 0.9993296229892648 -7.604200663818665e-05 0.29339098662634344 7.604200663818665e-05 0.9993296229892648 0.9132037073442005
325 0.9988332498855185 -1.2987957434492778e-05 -0.27976977153334226 1.2987957434492778e-05 0.9988332498855185 1.2754285485788033
326 0.9993913977419168 -0.00013337687692182033 0.2045089620770007 0.00013337687692182033 0.9993913977419168 0.5165560877666627
327 0.9993993358383387 -4.5074047774866293e-05 -0.09118747482421607 4.5074047774866293e-05 0.9993993358383387 0.3451974098142342
328 0.9997223651714057 -5.8169345390324256e-05 -0.3364869247502756 5.8169345390324256e-05 0.9997223651714057 0.20589266825355781
329 1.0001897215605784 7.186709697117261e-05 -0.10303359815212132 -7.186709697117261e-05 1.0001897215605784 -0.06219319155996694
330 1.001030648276847 -0.00032615414050545514 0.6147785593974013 0.00032615414050545514 1.001030648276847 -0.7072554981610026
331 1.0009184500482278 -0.0003420764531100563 0.7376476663741459 0.0003420764531100563 1.0009184500482278 -0.8976887582307782
332 1.0009103694864045 9.850041025141797e-05 -0.2069510736802288 -9.850041025141797e-05 1.0009103694864045 -0.6043255093302444
333 1.0005430710865688 -0.0002267165422031633 -0.21238339690105518 0.0002267165422031633 1.0005430710865688 -0.34491547159285885
334 0.99982549401852 0.00016041018337006137 0.013703947572044406 -0.00016041018337006137 0.99982549401852 0.08440771447662776
335 1.0001328361488426 -4.8054057362673745e-05 0.09504003676404274 4.8054057362673745e-05 1.0001328361488426 -0.5026112880720089
336 1.000012863744969 0.0006079947924975318 -0.7721759383616071 -0.0006079947924975318 1.000012863744969 -0.3496805698126688
337 1.0000211601460856 0.0008758285664865295 -0.994100419854059 -0.0008758285664865295 1.0000211601460856 0.025958771241273253
338 0.9999656785186177 0.0004971257217649225 -0.5142938982582292 -0.0004971257217649225 0.9999656785186177 0.1859837656471251
339 1.000169153405953 0.00027883124825593496 -0.8861601456824654 -0.00027883124825593496 1.000169153405953 -0.08343817497379721
340 0.9996248978574739 0.0003008827775819007 -1.616636204363406 -0.0003008827775819007 0.9996248978574739 0.5476166920800161
341 0.999982725053194 9.414287385619867e-05 -0.6027504425829444 -9.414287385619867e-05 0.999982725053194 0.016639002151610863
342 1.0001116550305504 7.011295691906431e-06 -0.1833097639373159 -7.011295691906431e-06 1.0001116550305504 0.06178884766973996
343 1.0001563150047303 -6.309213929972408e-05 0.024055002858458067 6.309213929972408e-05 1.0001563150047303 0.08217133611236525
344 1.0001886490259964 0.0002557577501125931 -0.19361325547052288 -0.0002557577501125931 1.0001886490259964 -0.284148587350882
345 1.0003734379548264 0.0002038080058148811 -0.1665387132767686 -0.0002038080058148811 1.0003734379548264 -0.9975087549516461
346 0.999938736312786 -6.536394735277943e-05 -0.05472075649415648 6.536394735277943e-05 0.999938736312786 0.1400189131461289
347 0.99988362381503 -8.228781554994995e-05 0.13757979446676338 8.228781554994995e-05 0.99988362381503 0.012397731657922541
348 0.9998049962231869 -4.215017476554342e-05 0.15044397599148485 4.215017476554342e-05 0.9998049962231869 -0.07799292064772545
349 0.9994715118386076 -0.000545940445264244 0.9182912401868755 0.000545940445264244 0.9994715118386076 0.2338837444604047
350 0.9987760122228245 -0.0007435505725296186 1.308272170691868 0.0007435505725296186 0.9987760122228245 0.6711822258679848
351 0.9989067457055908 -0.00014840960460886624 0.5348598147147584 0.00014840960460886624 0.9989067457055908 1.3814618471183873
352 0.998601470260642 -0.0007643694458400925 1.2644122290235824 0.0007643694458400925 0.998601470260642 1.6279984052686347
353 0.9999012879118919 -0.00037603007451113236 0.7159751087299803 0.00037603007451113236 0.9999012879118919 -0.3307447475166911
354 0.9995187705956952 -0.0005313397550140609 0.836191585366523 0.0005313397550140609 0.9995187705956952 0.13894815110823958
355 0.9998787523612852 0.0004846562868928652 -0.11880748307764499 -0.0004846562868928652 0.9998787523612852 -0.17326397479866085
356 0.9997872658053352 0.0016304783841579224 -1.1642561172475714 -0.0016304783841579224 0.9997872658053352 0.20552800160103302
357 1.00001387260314 0.0009683959325015568 -0.8841558547327693 -0.0009683959325015568 1.00001387260314 -0.10119152688693996
358 1.0004054632042092 -0.0006079284473648149 0.42776951714600303 0.0006079284473648149 1.0004054632042092 -0.6651631427986427
359 1.000851640512173 -0.001094742595439466 0.9124712304944194 0.001094742595439466 1.000851640512173 -2.6449133275607077
360 0.9997848003534103 -6.389191860255889e-05 0.12732048995783327 6.389191860255889e-05 0.9997848003534103 0.4190284991132963
361 1.0006631294890753 -0.009415043751226343 8.669116611034916 0.009415043751226343 1.0006631294890753 -1.9067238108740352
362 0.9985575290830307 -0.012938718557591433 12.642316595803617 0.012938718557591433 0.9985575290830307 -0.4185373274405588
363 1.000555844319718 -0.0003624899137666855 0.4984352133982171 0.0003624899137666855 1.000555844319718 -0.10398895849065659
364 1.0000899119066602 -0.00017002145551279813 0.10331053818159788 0.00017002145551279813 1.0000899119066602 -0.1347599977046674
365 1.0004013628119413 -0.0006481449055496416 0.9745967832036229 0.0006481449055496416 1.0004013628119413 -0.6245785579457702
366 1.0014190824827716 0.0004809505489500914 0.42459064189229895 -0.0004809505489500914 1.0014190824827716 -1.4540723812483092
367 0.999423434658194 2.6009129516637664e-05 0.9526514209093895 -2.6009129516637664e-05 0.999423434658194 0.6212110717130792
368 0.9985883997356898 -0.000643559890121862 1.8522353452451663 0.000643559890121862 0.9985883997356898 1.2698230968542725
369 0.9943391682955502 0.006708808546630421 -5.124977177454443 -0.006708808546630421 0.9943391682955502 7.213061152867217
370 1.000449172464512 0.0009187947203321085 -1.0699489709030776 -0.0009187947203321085 1.000449172464512 -0.26743957793074424
371 0.9944501675930072 0.005179603502676329 -4.526924555212888 -0.005179603502676329 0.9944501675930072 6.5699910991944135
372 1.0060187568559842 0.0007902609655067875 -1.105587672101847 -0.0007902609655067875 1.0060187568559842 -6.088650420687497
373 1.008868358346459 0.000876847696298742 -1.4489025871337091 -0.000876847696298742 1.008868358346459 -8.259466740341104
374 0.9949253888928989 0.009334662235759435 -8.974642215599214 -0.009334662235759435 0.9949253888928989 7.426318793096748
375 0.9857684206866004 0.009826107829776392 -7.16850302280404 -0.009826107829776392 0.9857684206866004 16.889181488191042
376 0.985766479481672 0.008179308206719289 -5.718619817513111 -0.008179308206719289 0.985766479481672 16.04450018429632
377 0.999758794360515 -0.00029391659689692807 1.0186519361580022 0.00029391659689692807 0.999758794360515 0.5298282734032493
378 0.9996066928991516 -0.00011335327696441436 0.6470424355343025 0.00011335327696441436 0.9996066928991516 0.6471829613914457
379 1.000425507820566 -1.1110683406287377e-06 0.14097139962195035 1.1110683406287377e-06 1.000425507820566 -0.4892022096974055
380 0.9888770403054059 -0.004935841454537508 7.004074177356585 0.004935841454537508 0.9888770403054059 10.613517994957668
381 0.9994685777988318 6.538271835773859e-05 0.6246060164024885 -6.538271835773859e-05 0.9994685777988318 0.4042919595974498
382 1.000089780613839 -0.0004756033447956007 1.3779246614270173 0.0004756033447956007 1.000089780613839 0.1240050448037966
383 1.0003238428917947 0.0005705526443498421 -0.2415825587777387 -0.0005705526443498421 1.0003238428917947 -0.2707391792223185
384 1.0005397433121426 -0.0005679262962187656 0.4931219653486037 0.0005679262962187656 1.0005397433121426 -1.033587560365493
385 1.000553867025855 -0.0056794139322642444 5.734080136335258 0.0056794139322642444 1.000553867025855 -2.123306243119584
386 1.0030388090008164 -0.00014042143889108675 0.19584427226345744 0.00014042143889108675 1.0030388090008164 -2.194380258497323
387 0.9999456117711157 -0.0004881088705558593 1.1404367991898776 0.0004881088705558593 0.9999456117711157 0.1968215893189992
388 1.005116096649469 -0.0002940804816220018 -0.01790297503599102 0.0002940804816220018 1.005116096649469 -5.30430843588042
389 1.006270093844325 -0.0005847522497493946 -0.2586003815261002 0.0005847522497493946 1.006270093844325 -6.544453052724025
390 1.0049394061976045 -0.006757298521733185 6.305403035676888 0.006757298521733185 1.0049394061976045 -6.7296594010188775
391 0.9994894935571813 -0.00017656596661902162 2.849910712833862 0.00017656596661902162 0.9994894935571813 0.3537241280601306
392 1.0011308465100754 0.0004264805820085979 -0.8816446906442608 -0.0004264805820085979 1.0011308465100754 -0.9053691413797809
393 1.0012337755782725 -0.00020491824768591567 0.5574597511939391 0.00020491824768591567 1.0012337755782725 -1.9314845424849052
394 1.0018351520302322 0.0003035488084643387 -0.127710009425952 -0.0003035488084643387 1.0018351520302322 -2.727086409170154
395 1.011306641985289 0.0007015794599401085 -2.5763159297982035 -0.0007015794599401085 1.011306641985289 -12.344013394524383
396 1.0035792555006984 -0.00016424253516278024 -0.31079028404683373 0.00016424253516278024 1.0035792555006984 -4.0162235152232135
397 1.0000260060997952 -0.0012809881954880013 2.941299367361124 0.0012809881954880013 1.0000260060997952 -1.437640927898286
398 1.0003552789063441 -0.0011617218208005505 3.417669041429979 0.0011617218208005505 1.0003552789063441 -1.210618666699067
399 1.0048644120713726 0.001432525108723895 -2.032233398770929 -0.001432525108723895 1.0048644120713726 -4.2567596152543405
400 1.0056470838903069 0.0005134561658634356 -1.6252070816725284 -0.0005134561658634356 1.0056470838903069 -5.710262823728607
401 0.9999436861370695 -0.0003725824552091915 1.0910645986341094 0.0003725824552091915 0.9999436861370695 -0.2812003955119804
402 0.9674873739197704 0.0035646624529794275 39.21336721435198 -0.0035646624529794275 0.9674873739197704 26.180651979604352
