0 1.0 0.0 0.0 0.0 1.0 0.0
1 1.0072876382997944 0.003947490585865292 -13.073928146493998 -0.003947490585865292 1.0072876382997944 -2.873030034844249
2 1.003126194990166 0.00028271660482547987 -3.6328109247298017 -0.00028271660482547987 1.003126194990166 -3.550282021346605
3 1.003100241411231 0.0008926514252672494 -4.754356587403721 -0.0008926514252672494 1.003100241411231 -2.665431310857187
4 1.0024334397630363 0.0008873813312646857 -3.6003196617861892 -0.0008873813312646857 1.0024334397630363 -1.5948883153009112
5 1.001644120494605 0.0006705730130523832 -2.6260464772707968 -0.0006705730130523832 1.001644120494605 -1.0809984666535692
6 1.001322780040191 0.0009805886897303487 -2.4785350896110994 -0.0009805886897303487 1.001322780040191 -0.5749914938728777
7 0.9998068782378106 -0.00031375222117574963 0.3360451133777719 0.00031375222117574963 0.9998068782378106 0.04577523404808539
8 1.0007141616421937 -0.0002729525983660721 -0.2868939357913158 0.0002729525983660721 1.0007141616421937 -0.8599102682284587
9 1.002657867362413 -0.0008915946949571364 -2.0022103166885397 0.0008915946949571364 1.002657867362413 -3.1221155741023283
10 1.0015633294559785 -0.0005734283648680396 -0.9474054559521174 0.0005734283648680396 1.0015633294559785 -3.3434905592966384
11 1.001805732921272 -0.0005400663975962485 -1.636210965104862 0.0005400663975962485 1.001805732921272 -2.6576884112503105
12 1.0015226011775513 -0.00080010377261375 -1.2332354618269223 0.00080010377261375 1.0015226011775513 -2.508634759318479
13 1.0028346993100845 -0.0010792419244711549 -2.4886301285125274 0.0010792419244711549 1.0028346993100845 -4.609210392629692
14 1.0012621415139957 -0.0006522784225980551 -0.9654114189908722 0.0006522784225980551 1.0012621415139957 -2.2829236902833294
15 1.001312229606293 9.554631515280333e-06 -1.2477691336878025 -9.554631515280333e-06 1.001312229606293 -1.6773509594518472
16 0.9996391744672076 0.0006283234528303127 0.5004029614739718 -0.0006283234528303127 0.9996391744672076 0.45509247873820036
17 0.99846074541304 0.001843491414209445 -1.2398340436414912 -0.001843491414209445 0.99846074541304 3.0509871900604626
18 0.9993062773078929 -0.0006281217924566638 0.7145439233526591 0.0006281217924566638 0.9993062773078929 -0.1311719007360399
19 0.9976635860472195 -0.001222457092753561 4.967210614045398 0.001222457092753561 0.9976635860472195 1.2566922925203157
20 1.0004649523000915 0.000584467830343454 -1.2154980939321847 -0.000584467830343454 1.0004649523000915 -0.6746303929539039
21 1.0021865633331948 -0.0017898886637504193 0.6094834860803773 0.0017898886637504193 1.0021865633331948 -4.10314254496271
22 1.0002498959561106 -0.00038841038902372274 0.5847991358393003 0.00038841038902372274 1.0002498959561106 -0.6662517527024456
23 0.999778377216823 -0.0006042115135533019 1.6554921653114059 0.0006042115135533019 0.999778377216823 -0.5408132686747672
24 1.0016273554776411 0.0017615213417951827 -1.970428029605154 -0.0017615213417951827 1.0016273554776411 0.43559704412422606
25 1.0015734139600456 0.002083338275323261 -2.805951146981521 -0.002083338275323261 1.0015734139600456 0.9280650896823276
26 1.0015687421225756 1.3602332852503279e-05 -0.5368066842331585 -1.3602332852503279e-05 1.0015687421225756 -1.1200685625872333
27 1.0009571018118457 -0.0026880227063339067 3.3205376132082103 0.0026880227063339067 1.0009571018118457 -4.864761691862871
28 1.0004313353740777 -0.000499992854459232 1.4167826212935202 0.000499992854459232 1.0004313353740777 -1.388412610763219
29 0.9984668338721254 0.0003676208940576714 2.549322211134875 -0.0003676208940576714 0.9984668338721254 1.257504342655629
30 0.9984406476261152 -0.0008662037301721858 3.853894675125046 0.0008662037301721858 0.9984406476261152 0.3701255697977547
31 0.9977744168352948 -0.0014691415322640614 4.249513776556843 0.0014691415322640614 0.9977744168352948 0.5945175108304888
32 0.998693511773907 6.817309727123137e-05 1.7004643511654762 -6.817309727123137e-05 0.998693511773907 1.0470759105102614
33 0.9951192529639372 -2.5175349976451575e-05 4.976744663231723 2.5175349976451575e-05 0.9951192529639372 4.416805227721847
34 0.9971255140595376 0.0004773336565394148 3.4919757491986325 -0.0004773336565394148 0.9971255140595376 0.9690171044237277
35 0.9978093187364232 -0.00032229935337576296 2.9079023765467986 0.00032229935337576296 0.9978093187364232 0.286525550916376
36 0.9943441825850086 -0.0005218526856388363 7.06044155576584 0.0005218526856388363 0.9943441825850086 4.5115953932911035
37 0.9951171717578705 0.0005908459574191153 5.641310542121889 -0.0005908459574191153 0.9951171717578705 5.841572615948369
38 0.9977927761808746 -0.0001945245704908533 3.5850319778321182 0.0001945245704908533 0.9977927761808746 1.5096411557722205
39 0.9975291515596653 -0.0016228758643492386 3.1057934647995817 0.0016228758643492386 0.9975291515596653 -0.3295150134048665
40 0.9930081133174623 0.0017410232815245198 5.155868361195711 -0.0017410232815245198 0.9930081133174623 8.978561746486186
41 0.9941450041930906 -0.000687013076010327 5.743972977721503 0.000687013076010327 0.9941450041930906 5.720125689746237
42 0.9963664250106345 0.001000331456156862 3.2645004004972504 -0.001000331456156862 0.9963664250106345 4.758714175855484
43 0.9957472761251935 -1.7408284870327963e-05 4.689583869516999 1.7408284870327963e-05 0.9957472761251935 3.919681916569026
44 0.9920988231768012 0.0006713526861628387 7.492586098176668 -0.0006713526861628387 0.9920988231768012 5.674519832219751
45 0.9947017990645471 0.001978431324561471 3.562313432478325 -0.001978431324561471 0.9947017990645471 6.9332880650829996
46 0.9938780796715506 -0.001017696286353645 6.2730539295014305 0.001017696286353645 0.9938780796715506 4.953207485370013
47 0.9948245666366723 -0.0016398239284469629 6.304255974258139 0.0016398239284469629 0.9948245666366723 3.48612974152274
48 0.99498184449419 -0.004702815612894611 9.279866832077566 0.004702815612894611 0.99498184449419 -0.961408735575136
49 0.996519618948226 0.0005508749548446557 1.7308438338205843 -0.0005508749548446557 0.996519618948226 2.6990965311501838
50 0.9931961950635159 -0.0021317662975550737 6.746841444288524 0.0021317662975550737 0.9931961950635159 4.146775031931089
51 0.9969910996400357 -0.0008737588428881452 3.9271279011927547 0.0008737588428881452 0.9969910996400357 2.2667508920699793
52 0.9957403569150506 -0.0009644860367855592 4.864090830149348 0.0009644860367855592 0.9957403569150506 3.4873828690161477
53 0.9960223097553538 -0.003712589812163801 4.723436773876781 0.003712589812163801 0.9960223097553538 -0.4194280828582131
54 0.9998002151227431 0.0002442667943495849 -0.28887513818825106 -0.0002442667943495849 0.9998002151227431 0.15983752240164661
55 0.997343236903362 0.0016232109212443865 0.7909388000638177 -0.0016232109212443865 0.997343236903362 3.4294899549502302
56 0.9975400195208914 0.0009253065480886301 1.3442127201999738 -0.0009253065480886301 0.9975400195208914 2.9495142843507334
57 0.9943917575226179 -0.0006542917471911163 5.482839982315902 0.0006542917471911163 0.9943917575226179 5.982219508497202
58 0.9979465214683426 0.005466721090791369 -3.7640815972624733 -0.005466721090791369 0.9979465214683426 7.953162211745748
59 0.9997980537981644 -0.0010502160588081646 2.097666349597463 0.0010502160588081646 0.9997980537981644 -2.0484505994027207
60 1.0001721814473898 -0.00937257921375006 10.278378466745837 0.00937257921375006 1.0001721814473898 -11.268273532892351
61 0.9965020935021627 -0.0017661655138977792 6.0290937775959 0.0017661655138977792 0.9965020935021627 1.9728431725270839
62 0.9942701783686252 -0.0030226615218007266 8.535959955391034 0.0030226615218007266 0.9942701783686252 3.498491111560453
63 1.0096497066405383 -0.005464870310116579 -4.503462840728377 0.005464870310116579 1.0096497066405383 -15.227543449688739
64 1.0110896437276609 0.0011967263467589303 -13.143451851354072 -0.0011967263467589303 1.0110896437276609 -10.25793463222076
65 0.9986133360510925 0.0017909931328425573 -0.26848695568345793 -0.0017909931328425573 0.9986133360510925 1.740610030238382
66 1.0013170347743894 0.001360933412383884 -2.3383508869468046 -0.001360933412383884 1.0013170347743894 -0.134348813312215
67 0.9989163045440995 0.00021633196074016003 1.0321938192737288 -0.00021633196074016003 0.9989163045440995 2.098717307824229
68 0.9998221970412458 0.0009842886722056085 0.1255615683416419 -0.0009842886722056085 0.9998221970412458 1.1792720425550764
69 1.0012292513371608 1.4202239096531457e-05 -1.2232430786828765 -1.4202239096531457e-05 1.0012292513371608 -1.4969107953860763
70 1.001312175146682 0.0003541023083130278 -2.2969334418830964 -0.0003541023083130278 1.001312175146682 -0.9406179467526051
71 1.0020427012841655 -0.0012039231820283325 -1.6437946525697695 0.0012039231820283325 1.0020427012841655 -4.219057338870462
72 1.0001687571521765 8.952068289356438e-05 0.34227624485855157 -8.952068289356438e-05 1.0001687571521765 -0.25218070604152154
73 1.0025310485469197 0.004709617478214796 -6.966058231792146 -0.004709617478214796 1.0025310485469197 1.4656383985405044
74 0.9997290207618696 0.0015020057901302699 -1.7353954102992732 -0.0015020057901302699 0.9997290207618696 1.4607974592903226
75 1.0005269855577177 0.0006822695783830062 -1.6478344796256394 -0.0006822695783830062 1.0005269855577177 -0.0028614928294002223
76 0.9995567338938102 0.0007011078262676293 -0.9294192854352162 -0.0007011078262676293 0.9995567338938102 1.1799469302896437
77 0.9998229729720141 0.0016294706902864472 -2.5641621440844244 -0.0016294706902864472 0.9998229729720141 2.281170266465508
78 1.0010333800275808 0.0008287690904535919 -3.180765886542898 -0.0008287690904535919 1.0010333800275808 0.18022386726506062
79 1.0005983611847251 5.747216312396911e-05 -1.2910923590195265 -5.747216312396911e-05 1.0005983611847251 -0.022916751914445567
80 1.0000618888259774 -0.00021313596963203955 -1.4214505706485407 0.00021313596963203955 1.0000618888259774 0.9215434769045971
81 0.9999232865471168 -0.00022022229607702968 -0.6011500340152609 0.00022022229607702968 0.9999232865471168 0.7184401022071033
82 0.9999548091380792 -0.0001229439675392034 -0.6541232681639083 0.0001229439675392034 0.9999548091380792 0.8082108331759801
83 1.0006664580587767 -0.00020857923778243173 -2.9717285011011914 0.00020857923778243173 1.0006664580587767 0.9590036055595439
84 1.0002520605854759 0.00013384503155812976 -1.1143185585019564 -0.00013384503155812976 1.0002520605854759 0.42807428894621524
85 1.0002215533337264 0.00019691166391389752 -1.0784683439067488 -0.00019691166391389752 1.0002215533337264 0.5542114353768696
86 1.0001951597296344 0.00015080929440194644 -1.0280612908968016 -0.00015080929440194644 1.0001951597296344 0.5896086944836023
87 0.9998270981681832 0.0006435427995313051 -1.6677321790052573 -0.0006435427995313051 0.9998270981681832 1.9675756380846603
88 1.0001102564985576 -0.00019469238212454273 -1.0437651750983008 0.00019469238212454273 1.0001102564985576 0.5324627617019093
89 1.000469062929793 6.276826712477276e-06 -0.9918031831514581 -6.276826712477276e-06 1.000469062929793 -0.1288512226143823
90 0.999904809804751 -0.0007485179598001935 -0.3620622707911799 0.0007485179598001935 0.999904809804751 -0.05583788166291637
91 0.9999299336742525 0.00015195458488434803 -0.4864787900212698 -0.00015195458488434803 0.9999299336742525 0.5682343805435613
92 0.999582417213002 0.0006636954940667551 -0.1443068474770477 -0.0006636954940667551 0.999582417213002 1.6095749810585023
93 0.9963122344729181 -0.0019819770555170855 4.1623015384556865 0.0019819770555170855 0.9963122344729181 3.13866208843244
94 1.0004065018529942 -0.00024340136105411106 0.2048128359354755 0.00024340136105411106 1.0004065018529942 -0.28342094403269513
95 1.0005675772537594 -0.0010788577686796524 1.3810063352487494 0.0010788577686796524 1.0005675772537594 -1.6391263981802524
96 1.0015103229089006 0.00012636991750486007 -0.09080525737456976 -0.00012636991750486007 1.0015103229089006 -0.9616677116594655
97 1.0065559622617848 0.006637979757617105 -9.318801607397365 -0.006637979757617105 1.0065559622617848 3.419364366995385
98 0.9952972881315405 0.0024099552080024326 2.316916981466691 -0.0024099552080024326 0.9952972881315405 7.9575493518592735
99 1.0009121950856483 0.0013607726198407027 1.7810191360023508 -0.0013607726198407027 1.0009121950856483 1.3035574595348147
100 1.0161650034954592 -0.0025591549574549874 -4.307729552057498 0.0025591549574549874 1.0161650034954592 -18.208605953253674
101 0.9999987031919416 -2.498855694901456e-06 0.0036625586833030424 2.498855694901456e-06 0.9999987031919416 -0.001909110181371159
102 1.0047975540372591 -0.0022255336430093147 -0.1094592733272044 0.0022255336430093147 1.0047975540372591 -8.361801282745203
103 1.0045256431670562 0.0006993548327441755 11.427012186765117 -0.0006993548327441755 1.0045256431670562 -4.106615643142193
104 1.0009711620084962 -0.0053188886028085105 16.169753127418748 0.0053188886028085105 1.0009711620084962 -6.365307594665177
105 0.9974505857731839 -0.004198845942368454 9.994306703392537 0.004198845942368454 0.9974505857731839 -3.2118285304770513
106 0.9995517985320888 -0.0024427981276933996 4.830789527973913 0.0024427981276933996 0.9995517985320888 -2.366260247368075
107 0.9991290647997194 -0.003364256459057439 7.047405123532295 0.003364256459057439 0.9991290647997194 -3.7868501729825397
108 0.9886083075586938 0.020542386528897626 17.034315103999546 -0.020542386528897626 0.9886083075586938 36.49394906536297
109 0.9988680393061384 -0.00344611431566444 5.3848551071727755 0.00344611431566444 0.9988680393061384 1.6043855725988605
110 0.9948312320862961 -0.003946797165504366 9.450596034362205 0.003946797165504366 0.9948312320862961 0.39708901145974357
111 1.009210165558493 -0.0032672167523884123 -6.513815921470104 0.0032672167523884123 1.009210165558493 -11.350818435144125
112 1.006144691948057 -0.003060726330574597 -2.501433928085643 0.003060726330574597 1.006144691948057 -8.538643390270835
113 1.0091239204634896 -0.011584632821694673 -1.950172411438919 0.011584632821694673 1.0091239204634896 -18.327152550322307
114 0.9871116620040502 -0.017773900055896213 27.64087246100391 0.017773900055896213 0.9871116620040502 -8.9953839598126
115 1.0011670272253907 -0.003982165976032926 2.0870026723377806 0.003982165976032926 1.0011670272253907 -4.743676391672804
116 0.9982518892373142 -0.00417882295040298 4.580380822863059 0.00417882295040298 0.9982518892373142 -3.025148428624566
117 1.002218084195805 -0.003602520733028305 -0.5992530490886633 0.003602520733028305 1.002218084195805 -4.056460372990807
118 1.0098043336118925 -0.018047470887043948 -3.3142952655830378 0.018047470887043948 1.0098043336118925 -19.189224949056012
119 1.0000343853618912 -0.0027663453025030035 -2.53812189216156 0.0027663453025030035 1.0000343853618912 -1.3551889120532392
120 1.0005565988476417 -0.0017374899634280453 -4.470194207372117 0.0017374899634280453 1.0005565988476417 -1.7097032397740368
121 1.0006803040504737 -0.0010075059400816797 -12.396468190279803 0.0010075059400816797 1.0006803040504737 -0.7709609926313024
122 1.0004421182662981 -0.00037276920295362863 -7.390227008748211 0.00037276920295362863 1.0004421182662981 -0.12394094809890915
123 0.9958263892304396 0.0032419964485761207 -13.802417823656771 -0.0032419964485761207 0.9958263892304396 10.269957961546686
124 0.9954918499271812 0.0016702781903165733 -10.892486210217088 -0.0016702781903165733 0.9954918499271812 8.59327559026396
125 0.9993689212091683 0.0012873248328009004 -8.067803393441615 -0.0012873248328009004 0.9993689212091683 3.1993956059437547
126 1.0035791232160258 0.006016642435417591 -18.731249175797338 -0.006016642435417591 1.0035791232160258 5.914494720820755
127 0.9973849479206532 0.010074458493230885 -16.337415872562367 -0.010074458493230885 0.9973849479206532 13.628987357544592
128 1.0051575255801324 0.00041616601427969173 -16.487166601766727 -0.00041616601427969173 1.0051575255801324 -2.7417555850007003
129 0.9995265592562639 0.0010117268100848982 -3.429329603013216 -0.0010117268100848982 0.9995265592562639 2.2041368777277395
130 0.9955534071393877 0.005900672144456711 -4.427949704528372 -0.005900672144456711 0.9955534071393877 10.301800127713236
131 0.9998854517664524 -0.0005194098774185384 2.69390067593442 0.0005194098774185384 0.9998854517664524 -0.027073245776321378
132 0.9974941816371727 0.002912896596867241 0.4747998140639081 -0.002912896596867241 0.9974941816371727 5.005077834045506
133 0.9994083652419784 0.00022063826782083365 8.01823481332869 -0.00022063826782083365 0.9994083652419784 0.8356269769729805
134 0.9972208040575951 0.0004360828917186558 11.745328923229772 -0.0004360828917186558 0.9972208040575951 3.0196581818823693
135 0.9992060838711443 -0.00011338762253785891 6.135219198764031 0.00011338762253785891 0.9992060838711443 0.2665455349375633
136 0.9992134187877196 -0.0005514703316544517 6.507660986301326 0.0005514703316544517 0.9992134187877196 -0.15062536885893063
137 0.9993807930170274 -0.0005415249258377533 6.070117546515144 0.0005415249258377533 0.9993807930170274 -0.009576050526981517
138 0.9988918325419326 0.0001265932420616368 13.223360214788798 -0.0001265932420616368 0.9988918325419326 1.4814396867270552
139 1.0003815696924323 0.00030080827177335524 2.4531378146245046 -0.00030080827177335524 1.0003815696924323 0.22398079164250606
140 1.0006305126484554 0.0005275628183941365 1.4423468843522174 -0.0005275628183941365 1.0006305126484554 0.15833471239804403
141 1.0019769825113825 0.0022982200690798097 1.4510733644215263 -0.0022982200690798097 1.0019769825113825 1.579153777545436
142 0.9995443063989528 0.0013136586948755387 2.3290937326752856 -0.0013136586948755387 0.9995443063989528 2.953278713666918
143 0.9982875763330402 0.0014771982377325436 5.470782136602247 -0.0014771982377325436 0.9982875763330402 4.595262394956116
144 0.9988967901743736 0.0018003847171980043 4.0355682310621175 -0.0018003847171980043 0.9988967901743736 4.263456778525763
145 0.9998208320188176 -0.0063127898517426305 9.347421320956325 0.0063127898517426305 0.9998208320188176 -3.966087896126698
146 0.9994279196650944 -0.0001747052321367725 2.7883074041692546 0.0001747052321367725 0.9994279196650944 0.8663619295440746
147 0.9979827762960044 -0.0069899887174803554 11.710709453965466 0.0069899887174803554 0.9979827762960044 -3.2856058753162243
148 1.0017708293385839 -0.0012344545854547175 1.5500242984306012 0.0012344545854547175 1.0017708293385839 -1.371517979592159
149 0.9989439527877328 -0.005374015492923442 9.526400715087485 0.005374015492923442 0.9989439527877328 -3.4016269114282687
150 0.9987749466148176 -0.004406831421551445 7.719792919684537 0.004406831421551445 0.9987749466148176 -2.8190367995573986
151 0.9925913608101024 -0.004321625854156493 13.3567282959497 0.004321625854156493 0.9925913608101024 3.5449364511746184
152 0.9984427879433254 -0.0011552164076577577 3.3040280373702067 0.0011552164076577577 0.9984427879433254 1.1666755627117646
153 0.9993172676431151 0.00021948992228642107 -1.6294149804095261 -0.00021948992228642107 0.9993172676431151 1.8167167665383763
154 0.9992208145386383 0.0007500137878492143 -3.146288861921237 -0.0007500137878492143 0.9992208145386383 2.184806022651849
155 1.000079482159605 0.00034795230257035235 -2.1652356205055208 -0.00034795230257035235 1.000079482159605 0.43984968565662075
156 1.0000777759771227 0.0003015476701303918 -2.080400809749504 -0.0003015476701303918 1.0000777759771227 0.3462161529219654
157 0.9998991797561001 0.0003650126518514986 -1.8367267910872942 -0.0003650126518514986 0.9998991797561001 0.6774550142868705
158 0.9994149172106738 0.0012329533195736145 -4.3991368813398966 -0.0012329533195736145 0.9994149172106738 2.1848529004375608
159 1.0000821226061416 0.0005793819770829847 -1.3441462541264193 -0.0005793819770829847 1.0000821226061416 0.46594305993377994
160 1.000008607203473 0.0007528449956386549 -0.9683126556719688 -0.0007528449956386549 1.000008607203473 0.604336002265347
161 0.9998258062749406 0.0010137279962618045 -1.5227480018213362 -0.0010137279962618045 0.9998258062749406 1.864424693898776
162 0.9999691602666146 0.0008374978305584874 -1.613914156672938 -0.0008374978305584874 0.9999691602666146 1.4294056866836464
163 1.0031915430234983 0.0052678141162708835 -10.135495817219141 -0.0052678141162708835 1.0031915430234983 3.0399489919839855
164 1.0035978288474572 0.00567097672450656 -11.942676343799606 -0.00567097672450656 1.0035978288474572 4.454344852431021
165 1.0014314965160405 0.00466069633774515 -8.713308180297973 -0.00466069633774515 1.0014314965160405 4.651761053705998
166 1.0028319296124701 0.005641324148729943 -12.756991924863836 -0.005641324148729943 1.0028319296124701 4.900421313490917
167 1.0047783195963729 0.005402718218004057 -16.70664683820019 -0.005402718218004057 1.0047783195963729 3.740399723739852
168 0.9943554716537472 -0.0007770564260700337 1.6080584406691454 0.0007770564260700337 0.9943554716537472 4.886886523767185
169 1.004006960174127 0.004488932250760244 -11.376129017309703 -0.004488932250760244 1.004006960174127 2.8801645317238314
170 1.0035518494654883 0.004358538187449511 -10.060904887990102 -0.004358538187449511 1.0035518494654883 2.331704688872428
171 1.0024251347181479 0.004201934552454198 -10.07394217008085 -0.004201934552454198 1.0024251347181479 3.0396251313090024
172 1.0010843962941791 -0.0011964495204163962 -0.20443710003429943 0.0011964495204163962 1.0010843962941791 -1.5199985276130503
173 0.9988648764495177 -0.0015563788535326022 2.3247413831378854 0.0015563788535326022 0.9988648764495177 -0.5424039028290684
174 1.004553247606738 -0.005130338151440527 2.069461896743788 0.005130338151440527 1.004553247606738 -9.218778886122065
175 0.9987109455399408 -0.0025165359811187755 5.8377442244917965 0.0025165359811187755 0.9987109455399408 -1.1749592492559169
176 0.9933398923238766 -0.004833298847720681 14.421779766078021 0.004833298847720681 0.9933398923238766 -0.1546307371918329
177 0.99344987731641 -0.0035461548997260607 12.967449158605367 0.0035461548997260607 0.99344987731641 1.4045760919499002
178 1.0000756320446733 -0.025951365139632154 25.319811704177948 0.025951365139632154 1.0000756320446733 -22.704650589388716
179 0.9963845672261692 9.08735676460343e-05 3.5289160620280953 -9.08735676460343e-05 0.9963845672261692 3.220516023422484
180 0.9969215342265522 0.0011868135341084848 1.0365895191698913 -0.0011868135341084848 0.9969215342265522 4.119421319499915
181 0.9933469922194331 0.0045994818850055 -0.10394475652762392 -0.0045994818850055 0.9933469922194331 10.028388201297503
182 0.9994409041608143 0.004004998338248788 -6.073383390494308 -0.004004998338248788 0.9994409041608143 4.1013964661422255
183 0.9974784557188776 0.0035902635110324484 -6.413235751890927 -0.0035902635110324484 0.9974784557188776 4.644412332592316
184 0.99184645386018 0.012578937230668759 -18.015729359777065 -0.012578937230668759 0.99184645386018 16.185511704012185
185 1.0023790451841335 0.004245865699993948 -9.990765822837309 -0.004245865699993948 1.0023790451841335 1.699703566977858
186 1.0057300005593894 0.005520600199111966 -14.100956816661853 -0.005520600199111966 1.0057300005593894 0.556229853632955
187 1.004633320139106 0.007042067919050393 -13.533663030733097 -0.007042067919050393 1.004633320139106 2.0831573219536867
188 1.007895909830105 0.0040093526256303694 -13.688771581933992 -0.0040093526256303694 1.007895909830105 -5.304918353875351
189 1.001440979960185 0.002120407918865139 -4.491553115982763 -0.002120407918865139 1.001440979960185 0.7950428314126547
190 1.0008413084646066 0.001620584601414198 -2.9111615001093005 -0.001620584601414198 1.0008413084646066 0.9785795891104052
191 0.9989429824886895 0.0017091012826461033 0.2246413876921098 -0.0017091012826461033 0.9989429824886895 2.1226214991527947
192 0.9981246343614724 0.00012629562352287527 1.937105924915603 -0.00012629562352287527 0.9981246343614724 1.6564875516602737
193 0.9939502939349092 0.0017932666571901389 4.821182527679666 -0.0017932666571901389 0.9939502939349092 7.4087672606873705
194 0.9987587929521711 -0.0006830387807667253 2.3320725867675822 0.0006830387807667253 0.9987587929521711 -0.445990960651411
195 0.9966111291066052 -0.0019354362780328446 6.008129180228633 0.0019354362780328446 0.9966111291066052 1.1010973031294637
196 0.9948988755884796 -0.0012442229424665036 7.785828628298106 0.0012442229424665036 0.9948988755884796 3.308747723019677
197 0.9959993215562571 -0.00234900116131104 7.149873339631412 0.00234900116131104 0.9959993215562571 1.0003939413392267
198 1.0014063328205758 -0.0038844522330608983 2.7640505838822342 0.0038844522330608983 1.0014063328205758 -6.599100639391811
199 1.0001523289257448 -0.005718168239912947 5.935160126190574 0.005718168239912947 1.0001523289257448 -7.58220802942746
200 1.0020827985098943 -0.006377163559155999 4.54359080746814 0.006377163559155999 1.0020827985098943 -10.116315062948466
201 1.006493737653741 -0.022368511757924255 15.06525737925492 0.022368511757924255 1.006493737653741 -34.12550237689766
202 1.0000787108469402 -0.0019060900193277957 2.1957288155949892 0.0019060900193277957 1.0000787108469402 -2.9310103555314755
203 1.0014977791170445 0.0011521423224355553 -2.5597832900288893 -0.0011521423224355553 1.0014977791170445 -1.8659460839773672
204 1.001772745174363 0.0010562678363422147 -2.0051168843394565 -0.0010562678363422147 1.001772745174363 -2.77741981164352
205 1.0043382654766353 -0.004565219547383955 -0.24899014976726752 0.004565219547383955 1.0043382654766353 -12.131914848687696
206 1.0022142812142711 -0.006954111596900677 4.117832023865013 0.006954111596900677 1.0022142812142711 -13.249226919970166
207 1.0005986064148127 -0.0013284184266964601 1.6084962928254907 0.0013284184266964601 1.0005986064148127 -3.050413986124444
208 0.998991120715991 0.0004291874039659354 1.596882195447709 -0.0004291874039659354 0.998991120715991 1.2386325850924165
209 1.0029650621250252 -0.0018320511305192756 -0.4283505489717627 0.0018320511305192756 1.0029650621250252 -6.504281314604456
210 1.0040426471545565 0.00016044915539609877 -2.672697414356321 -0.00016044915539609877 1.0040426471545565 -5.361041661823258
211 1.016287139731237 -0.006367107083718702 -10.406930898039437 0.006367107083718702 1.016287139731237 -23.579795451975603
212 1.004003121018798 -0.0023919013168825073 -1.5128217693841632 0.0023919013168825073 1.004003121018798 -6.115908773257731
213 0.9995618896208526 -0.001335207167809062 2.9217650216156494 0.001335207167809062 0.9995618896208526 -0.003016523656665368
214 1.0059568732181055 -0.0005527728508137984 -7.263391985405819 0.0005527728508137984 1.0059568732181055 -7.007990638432093
215 1.0025372327374087 -0.0011136326035822365 -1.8914307239209815 0.0011136326035822365 1.0025372327374087 -3.852326540180358
216 1.0007820071356825 -0.00024299943345215853 -1.160015247027051 0.00024299943345215853 1.0007820071356825 -0.8281908132260472
217 1.0003614330851132 -0.00012735454265400145 -1.069042580744519 0.00012735454265400145 1.0003614330851132 0.011740088396942308
218 1.0011366050419284 0.00022490216556556277 -2.958351567015476 -0.00022490216556556277 1.0011366050419284 1.2086194481811228
219 1.0021841457326282 0.0019743668692689675 -4.934382986879246 -0.0019743668692689675 1.0021841457326282 -0.06643787026215059
220 1.002697718049432 0.0013608299880552162 -4.555381195968918 -0.0013608299880552162 1.002697718049432 -1.5811189632491154
221 1.0036939635409512 0.002732915655479017 -7.643868193486596 -0.002732915655479017 1.0036939635409512 -0.9946671154910461
222 1.0013800269280337 0.0010269277986911705 -3.0684838082756922 -0.0010269277986911705 1.0013800269280337 0.3479411959771028
223 1.003511893720837 0.00019896069356481293 -5.764901178345087 -0.00019896069356481293 1.003511893720837 -1.8702164655821396
224 1.0013703990557112 0.00306126474214272 -7.708128591512672 -0.00306126474214272 1.0013703990557112 1.9143002904022652
225 1.0008611932408762 0.0013392462353072016 -2.940551548442664 -0.0013392462353072016 1.0008611932408762 0.740162992794009
226 1.0016617890495887 0.0015016709658526321 -3.1190274741393678 -0.0015016709658526321 1.0016617890495887 0.06146050099449136
227 1.001054865962699 0.0008341764137885252 -1.4807650760914397 -0.0008341764137885252 1.001054865962699 0.3362502949873761
228 1.0011818577351328 0.0020417949701561967 -4.382741362743822 -0.0020417949701561967 1.0011818577351328 2.3757837805630433
229 0.9999830551538582 -0.0007731027413724017 1.0290408595977993 0.0007731027413724017 0.9999830551538582 -0.0179562964917363
230 1.0037751175750211 0.0034887323683693828 -7.732998457461505 -0.0034887323683693828 1.0037751175750211 0.4333920079809874
231 0.99832953042797 -0.0007134066318575938 3.708510233911542 0.0007134066318575938 0.99832953042797 1.5525099083485685
232 0.9992103483927681 -0.0015513969990945005 1.5717135233155601 0.0015513969990945005 0.9992103483927681 -0.2351370494868572
233 0.9978115395282358 -0.0025411822982664522 4.313464835582971 0.0025411822982664522 0.9978115395282358 0.14466183045404177
234 1.0015850533881285 -4.6491521307099253e-05 -1.3337797294866864 4.6491521307099253e-05 1.0015850533881285 -1.5415041032443162
235 1.0005344675989674 0.001298813535466905 -2.7649092158945607 -0.001298813535466905 1.0005344675989674 1.2344418774108492
236 1.0060692744022794 0.004048169719848692 -13.491306228265632 -0.004048169719848692 1.0060692744022794 0.2064175278955731
237 0.9983674348419952 0.002221550836719144 -1.102446931405503 -0.002221550836719144 0.9983674348419952 4.33001516962558
238 1.0021461351574623 0.0006971791419883675 -2.41869321889708 -0.0006971791419883675 1.0021461351574623 -1.4369303110001446
239 1.009454727373398 0.004983277183211428 -21.212436285002422 -0.004983277183211428 1.009454727373398 -2.1679590540976177
240 0.9968548552328539 0.0016802883258190337 -0.42642244946476393 -0.0016802883258190337 0.9968548552328539 3.8912510308886357
241 0.9908329061026752 0.007375410363701754 -4.9822007170846705 -0.007375410363701754 0.9908329061026752 12.546106070461498
242 0.9994302636657245 -0.00030971685684682063 0.6144842528162351 0.00030971685684682063 0.9994302636657245 -0.472698908639791
243 0.9998803547043117 -5.11665777188319e-05 0.7228957808716052 5.11665777188319e-05 0.9998803547043117 -0.4777626461419328
244 0.9990954102061658 0.002682858782160349 -1.2844869519229551 -0.002682858782160349 0.9990954102061658 1.4484562788554816
245 0.9997002879776956 0.00040194407012276783 -0.27978102816556993 -0.00040194407012276783 0.9997002879776956 -0.09140592391842306
246 0.9998277261217886 4.263238342368727e-05 0.5151518159428047 -4.263238342368727e-05 0.9998277261217886 -0.34148928024829384
247 0.9998615350194964 0.0008405438240259152 0.48929356136258295 -0.0008405438240259152 0.9998615350194964 0.47898654591769657
248 0.9997513168215467 0.001637944991512249 4.57941478435231 -0.001637944991512249 0.9997513168215467 0.3414689824899
249 0.9989637084813738 0.0004884383482771651 2.9911073111875037 -0.0004884383482771651 0.9989637084813738 1.0128201464140656
250 0.999060672989249 0.0010173964166940311 2.650511886661723 -0.0010173964166940311 0.999060672989249 1.0987919365545338
251 0.998941673416732 0.0006127696533169141 6.339058663417729 -0.0006127696533169141 0.998941673416732 0.6187089030072025
252 0.9992946306641292 0.0002168648603525659 3.516446156189404 -0.0002168648603525659 0.9992946306641292 0.4119863164826011
253 0.9988716388679224 0.0004791013295969187 6.923622858747236 -0.0004791013295969187 0.9988716388679224 0.7330940055930404
254 0.9993307966051627 0.0008242717207775311 6.190475018097091 -0.0008242717207775311 0.9993307966051627 0.29022293322354553
255 0.999498825354937 0.00034751383410088084 3.2269983920536895 -0.00034751383410088084 0.999498825354937 0.22271706900249025
256 0.9993640218854937 0.00030538058526613857 3.1312177823324028 -0.00030538058526613857 0.9993640218854937 0.30980840450663294
257 0.9995366398084132 0.00021540639917136053 2.9847087026513326 -0.00021540639917136053 0.9995366398084132 0.16915756019197364
258 0.9988715231663229 0.0005020545549809676 7.944642674722378 -0.0005020545549809676 0.9988715231663229 0.40461059993392784
259 0.9996779430201764 0.00010776742924635497 2.430186613942635 -0.00010776742924635497 0.9996779430201764 0.18557917805391477
260 0.9995989600905747 -7.00536342930582e-07 2.3316929732631335 7.00536342930582e-07 0.9995989600905747 0.17280746260349794
261 0.9996376894462221 0.00023202707911723085 3.8610820571141025 -0.00023202707911723085 0.9996376894462221 0.3536887426785952
262 0.9999523730388746 3.349973182989745e-05 1.8495416248120267 -3.349973182989745e-05 0.9999523730388746 0.05138239801283734
263 1.0000125966831763 -0.00013726199520081993 3.5094293319101997 0.00013726199520081993 1.0000125966831763 -0.07109152978091715
264 0.9998094264697388 0.0003038648501648048 2.9622803473803123 -0.0003038648501648048 0.9998094264697388 0.5439105844819601
265 0.9999917024028993 0.0003077714853675301 0.97763917102316 -0.0003077714853675301 0.9999917024028993 0.37780010782482387
266 1.0001323008200922 0.0006047605599478998 0.5238226245738156 -0.0006047605599478998 1.0001323008200922 0.3554680721485487
267 1.0001819689758025 0.0006371600283852394 0.29134280442324806 -0.0006371600283852394 1.0001819689758025 0.28184460682416773
268 1.0004477952927613 0.0004342901745640762 1.9546381877923373 -0.0004342901745640762 1.0004477952927613 0.13259841544630663
269 1.0003060487672166 6.78897692760479e-05 0.509673363219061 -6.78897692760479e-05 1.0003060487672166 -0.10121107253189092
270 1.00005957023514 4.731842580525112e-05 0.7845979480876006 -4.731842580525112e-05 1.00005957023514 0.06138793032986792
271 1.000021546524475 0.00013943049814323802 0.735803525919434 -0.00013943049814323802 1.000021546524475 0.295286797447198
272 0.9999505577327208 0.00029709069730955555 1.586879645169619 -0.00029709069730955555 0.9999505577327208 0.5524660637801954
273 1.0000191051539098 0.00010750713876735648 1.5896668971790677 -0.00010750713876735648 1.0000191051539098 0.4745381412001579
274 0.9999097224565477 -2.7574341785485257e-05 1.0744555181983368 2.7574341785485257e-05 0.9999097224565477 0.3589646049062172
275 1.0003138899475148 0.0005710937024761488 0.8104151294515978 -0.0005710937024761488 1.0003138899475148 0.4768283887823091
276 1.0004216150345648 0.0002556474859358609 0.1530833804364251 -0.0002556474859358609 1.0004216150345648 -0.08434249140702299
277 1.0001947033365441 6.561538281121978e-05 0.34190936482330325 -6.561538281121978e-05 1.0001947033365441 0.12144790540360995
278 1.0007500336701642 -8.812387622842213e-05 -1.149529656510454 8.812387622842213e-05 1.0007500336701642 -0.054654516242272244
279 1.0005263152323969 0.00014103467360284316 -1.0781363125131054 -0.00014103467360284316 1.0005263152323969 0.3370604056877645
280 1.0005984077848067 0.00032113317399757994 -1.1552728526020655 -0.00032113317399757994 1.0005984077848067 0.5344960952455099
281 1.0004043141357435 0.0003641239428157738 -1.166621425648205 -0.0003641239428157738 1.0004043141357435 0.7073769823430511
282 1.0005175447689256 8.989797200702634e-05 -1.5735407339076481 -8.989797200702634e-05 1.0005175447689256 0.41530575168380507
283 1.000486070255884 -0.00022499080153315213 -0.6005857140127102 0.00022499080153315213 1.000486070255884 -0.13938315418188996
284 1.0015752391424004 2.33919206914694e-05 -1.6717307230133063 -2.33919206914694e-05 1.0015752391424004 -1.476780850740959
285 1.0002222934847225 -0.00010445775307076679 0.0013565150770882414 0.00010445775307076679 1.0002222934847225 0.14517307096072804
286 0.9992535929204666 -0.0001151855898440412 1.7361390241314838 0.0001151855898440412 0.9992535929204666 0.4528764901769828
287 1.0012245590889703 -5.064339547325821e-05 -1.3567788111961474 5.064339547325821e-05 1.0012245590889703 -0.11864586100446806
288 0.9948892606968426 0.0013216909232863514 3.8767257559707256 -0.0013216909232863514 0.9948892606968426 7.537700520838894
289 0.9985417018784334 0.0005918307315157004 1.5997463380601888 -0.0005918307315157004 0.9985417018784334 2.983688702761694
290 0.998492102878107 0.0008918896408200562 1.1860262762029856 -0.0008918896408200562 0.998492102878107 3.627422316235754
291 1.0005273898580853 0.0005176559447009992 -1.044295896442733 -0.0005176559447009992 1.0005273898580853 1.0642381339273204
292 0.9986505665725607 2.7282823029269724e-05 2.869404497805946 -2.7282823029269724e-05 0.9986505665725607 3.641668729733443
293 0.9990917941847681 -0.0002959055506980428 2.9035581806762365 0.0002959055506980428 0.9990917941847681 1.6169102985497092
294 1.0018876649936705 0.0003505103247905667 -2.9019471221360793 -0.0003505103247905667 1.0018876649936705 -1.0869907914106793
295 0.9926320197249021 0.0011742800889322016 6.09762918585735 -0.0011742800889322016 0.9926320197249021 9.411742023320693
296 0.9978975499804719 0.00018983605189674567 2.4624094077798917 -0.00018983605189674567 0.9978975499804719 2.1349309147742774
297 1.0007234213242036 0.000747891163197043 -1.2787418307602767 -0.000747891163197043 1.0007234213242036 0.6981209399515901
298 1.0007942388798894 -0.001227724880833866 1.5908927628085276 0.001227724880833866 1.0007942388798894 -1.8927765080360306
299 1.0010737578639448 -0.0010509176857544282 0.43248038179790793 0.0010509176857544282 1.0010737578639448 -2.0754718458780146
300 1.0014144433006873 -0.0012749756328156877 0.24465967365853092 0.0012749756328156877 1.0014144433006873 -2.066716947885307
301 1.0011829037234066 -0.0016773545515888595 1.2794115508030843 0.0016773545515888595 1.0011829037234066 -1.9402388277713076
302 1.0023761545404324 -0.0022804871463439824 1.2862527495005385 0.0022804871463439824 1.0023761545404324 -5.1347163168905965
303 1.0057978179365075 -0.0029146671255495305 -4.758685680333562 0.0029146671255495305 1.0057978179365075 -9.875471712018847
304 1.0022426266927507 -0.0002632611053240485 -2.1569419456743897 0.0002632611053240485 1.0022426266927507 -3.102504755847173
305 1.0011705075676784 -0.0005990193946587913 1.347457050697012 0.0005990193946587913 1.0011705075676784 -2.4609541470756664
306 1.000972368147368 0.0018416565778219922 -2.087068434107933 -0.0018416565778219922 1.000972368147368 1.2203470376997707
307 0.9993141723377986 0.0014256361411222743 0.012382932688586593 -0.0014256361411222743 0.9993141723377986 2.1688771955971786
308 1.0000473434621584 0.0005470570189588982 0.8863046309831718 -0.0005470570189588982 1.0000473434621584 0.5066372970841976
309 0.9972872802358489 -0.0004187619276433837 4.754350894944928 0.0004187619276433837 0.9972872802358489 3.1208179820646382
310 0.9973366315017314 -0.0008851015038466286 4.060580266842762 0.0008851015038466286 0.9973366315017314 2.726289800223564
311 0.995174470587265 -0.0005553731559217235 5.747803989447132 0.0005553731559217235 0.995174470587265 5.134347688965844
312 0.9963755657608424 -0.0013009126159166662 3.702286299528095 0.0013009126159166662 0.9963755657608424 2.5835573443844115
313 0.992138404141946 0.0012122986619435764 7.471556520324377 -0.0012122986619435764 0.992138404141946 8.91207041291897
314 0.9972677283830709 0.0024537579078404456 0.4807364233771403 -0.0024537579078404456 0.9972677283830709 5.111484696376735
315 0.9988621660659622 -0.0006635483398008028 1.6961902297957463 0.0006635483398008028 0.9988621660659622 0.46418378895238077
316 0.9970608001415159 -0.0002580638806722658 2.992099688748756 0.0002580638806722658 0.9970608001415159 2.0431155795222153
317 0.9990618612334373 -0.0005462491302487473 0.9766846076994045 0.0005462491302487473 0.9990618612334373 0.09204763045227748
318 0.9995397870416073 -0.0015525241702387174 2.358833642881785 0.0015525241702387174 0.9995397870416073 -1.5939851594514254
319 1.0016152135884946 -0.0005248993526662172 -1.0346462136929078 0.0005248993526662172 1.0016152135884946 -1.9869414524874423
320 1.0021528055091118 0.00018531624764632303 -2.5398352200279306 -0.00018531624764632303 1.0021528055091118 -1.875348358264614
321 1.0020595058455224 -0.0006066282070777592 -1.4260904063935986 0.0006066282070777592 1.0020595058455224 -2.7893248971194784
322 0.9995249033716649 -0.001394312394920419 2.5866603541580035 0.001394312394920419 0.9995249033716649 -1.5924609706410666
323 0.9902232640479823 0.0032399247938074325 13.726914343799738 -0.0032399247938074325 0.9902232640479823 13.20674243288172
324 1.0026315121228089 -0.00021455179005924275 -2.0416539642258287 0.00021455179005924275 1.0026315121228089 -3.2876665505806217
325 1.0004444077700854 0.0004934664741221526 -0.8071884106565537 -0.0004934664741221526 1.0004444077700854 0.09252975341065128
326 0.9994845623776752 0.0005193525024008349 -0.3557225282133062 -0.0005193525024008349 0.9994845623776752 1.8630567588661866
327 1.0003714171801361 0.0013681985271560629 -1.1439528676080375 -0.0013681985271560629 1.0003714171801361 1.0004319422872792
328 1.0009452566242636 -0.0011168008124245446 1.1928297128689582 0.0011168008124245446 1.0009452566242636 -2.459764030880425
329 0.9994564873654396 -0.00010957678932576959 0.8144450569469874 0.00010957678932576959 0.9994564873654396 0.17238638252750732
330 0.9997649073798534 -5.2065318059984055e-05 0.523146698087504 5.2065318059984055e-05 0.9997649073798534 -0.08727172435320246
331 0.9999454261897573 -0.00024091243474336075 0.6330753051646113 0.00024091243474336075 0.9999454261897573 -0.826182214960729
332 0.9989226661329247 -0.0004462407458639931 1.8792585521500715 0.0004462407458639931 0.9989226661329247 -0.7775712155657121
333 0.998921170105584 0.0001359316161325614 0.5671968625972885 -0.0001359316161325614 0.998921170105584 0.3861788100365755
334 0.9981497107106729 0.000976077691171752 0.5749947297654749 -0.000976077691171752 0.9981497107106729 2.7208431518304748
335 0.9966217861211013 0.0028841476478404108 -0.7467939103050477 -0.0028841476478404108 0.9966217861211013 6.6701865015329345
336 0.9974805292475069 0.0010762596580261288 0.5451833999437724 -0.0010762596580261288 0.9974805292475069 3.807731210153009
337 0.998648159769924 0.001823989147437518 -2.0213592513192706 -0.001823989147437518 0.998648159769924 3.279318812880018
338 0.9975147235212952 0.0011509085162710777 0.8830515938887828 -0.0011509085162710777 0.9975147235212952 3.184383175116424
339 1.0001824059378683 0.004449904227488469 -6.443378796698226 -0.004449904227488469 1.0001824059378683 5.2040238081058074
340 0.997046990108006 0.0017754030223673598 0.7349209580239 -0.0017754030223673598 0.997046990108006 4.397771861509003
341 0.9983468361984632 0.003200417946345662 -2.4691698098763553 -0.003200417946345662 0.9983468361984632 4.592125006050074
342 0.9984598469282483 0.0013963578072598338 -0.588440268876816 -0.0013963578072598338 0.9984598469282483 2.456104436497268
343 0.9999775779044946 4.535678175516084e-05 -0.579258713305986 -4.535678175516084e-05 0.9999775779044946 -0.17449471063827057
344 1.000183557196376 0.00012721686238212782 -0.17672307964241818 -0.00012721686238212782 1.000183557196376 -0.1570924889215689
345 1.000551498854551 -0.00014884800780334717 -0.13775036779493935 0.00014884800780334717 1.000551498854551 -0.8339827437791061
346 1.0002857362522104 -0.00010697979329877595 0.08077481088103683 0.00010697979329877595 1.0002857362522104 -0.583655333378539
347 1.000118541616389 -0.0001814350411266614 0.3512890392615812 0.0001814350411266614 1.000118541616389 -0.5140149854584977
348 0.9995348737309172 -0.0005315514604036467 2.3727804331842406 0.0005315514604036467 0.9995348737309172 -1.134314284601514
349 0.9995225801429851 -0.000240967373004237 1.2473867362292954 0.000240967373004237 0.9995225801429851 -0.21165702662380392
350 0.9997136946630792 -0.0002499308115123991 1.1322336907341983 0.0002499308115123991 0.9997136946630792 -0.20710178274149493
351 0.9999228931606087 -0.0002114152996626453 0.8446883736349283 0.0002114152996626453 0.9999228931606087 -0.1938483411523124
352 1.0001448584218735 -7.440677017467941e-05 1.3294170052008059 7.440677017467941e-05 1.0001448584218735 -0.45152361374271793
353 1.0004969680353542 0.0005427219651615365 0.7341787858692105 -0.0005427219651615365 1.0004969680353542 0.618839352307837
354 1.0012141671531225 -0.0002452163752804256 -0.38897776379012355 0.0002452163752804256 1.0012141671531225 -1.2529153614183945
355 1.004942855022692 -0.0005217711433618688 -3.8746234762323755 0.0005217711433618688 1.004942855022692 -5.137912789962598
356 1.002507400642038 0.000123175689520575 -2.389619967047144 -0.000123175689520575 1.002507400642038 -2.1916719172240167
357 1.002073438098755 3.537934956431856e-05 -1.7800303953064387 -3.537934956431856e-05 1.002073438098755 -1.8570656614631746
358 1.0019995685883345 -0.0010682452298299062 3.067105917716131 0.0010682452298299062 1.0019995685883345 -2.47415132156643
359 1.0008934390088444 0.0006956056109180134 -0.031260437711875255 -0.0006956056109180134 1.0008934390088444 -0.24550985539996795
360 1.0028030510174542 0.00014301504280384434 -1.988984574685807 -0.00014301504280384434 1.0028030510174542 -2.89682387460428
361 1.0011115869002756 0.0008174645017481114 -0.9018326795262289 -0.0008174645017481114 1.0011115869002756 -0.2723085063924945
362 1.0024859936024046 0.0013742992517204644 -2.3274677928422096 -0.0013742992517204644 1.0024859936024046 -1.2024649314962301
363 1.0010399016884963 -0.0017045748215298306 2.6298060151455496 0.0017045748215298306 1.0010399016884963 -2.59539456849253
364 1.0001290778382113 -0.0011679684147737587 2.289449966452517 0.0011679684147737587 1.0001290778382113 -2.106341966054048
365 1.0004641165323833 0.00031347560273081005 1.395051861705067 -0.00031347560273081005 1.0004641165323833 0.16134778979033282
366 1.0049511903920827 0.006389411493769652 -9.670225140043387 -0.006389411493769652 1.0049511903920827 -0.4056757013102801
367 1.0016542685448087 0.0003178781575273273 -0.5999307428391132 -0.0003178781575273273 1.0016542685448087 -0.6000567439665737
368 0.9843996601637284 0.020648199888419535 -6.132487281770262 -0.020648199888419535 0.9843996601637284 36.83132962003144
369 0.998654304298852 -0.000505699009525512 2.2945563776480102 0.000505699009525512 0.998654304298852 0.8547361639119033
370 1.0004506930465553 -0.0009944447582456227 -0.22368518290425232 0.0009944447582456227 1.0004506930465553 -1.8969123872349014
371 1.0003173091276296 -0.0005336780128385979 0.279272370296079 0.0005336780128385979 1.0003173091276296 -1.0147355317922082
372 0.9998628792001631 -0.0016983329132921133 1.6636627928527343 0.0016983329132921133 0.9998628792001631 -1.5419153248492812
373 0.9990777344465264 0.000541510053862665 0.1948718505869511 -0.000541510053862665 0.9990777344465264 1.4714305582063747
374 1.001175300848338 0.0006388599883410437 -2.2027808850549726 -0.0006388599883410437 1.001175300848338 -0.8606562779992024
375 1.000293112248639 4.245191727227664e-05 -1.904766723811942 -4.245191727227664e-05 1.000293112248639 -1.124389460443042
376 0.9997271566834949 -0.0013420804817832542 1.2779631402902112 0.0013420804817832542 0.9997271566834949 -1.3924917603306648
377 0.9988632909868161 0.00043028379787792616 0.4667636653574634 -0.00043028379787792616 0.9988632909868161 1.504589871949467
378 1.000669470106289 0.0012372701652067154 -2.0586329145488644 -0.0012372701652067154 1.000669470106289 1.285619535566294
379 1.003993597818039 -0.001935338319819718 -1.5427181988811904 0.001935338319819718 1.003993597818039 -6.750536777859432
380 1.0044888013984776 -0.0024772262534487645 -1.155306215455146 0.0024772262534487645 1.0044888013984776 -7.833981839501886
381 0.9988443394391224 0.00011215245457420988 1.344955433721009 -0.00011215245457420988 0.9988443394391224 0.980985565926979
382 0.9972840762284634 0.00019901821402615904 0.9548672975145492 -0.00019901821402615904 0.9972840762284634 2.6448238652551503
383 1.0005452411323066 -0.0006844022939821836 -1.2415766321457065 0.0006844022939821836 1.0005452411323066 -1.4706527588781415
384 1.0014099658126365 -0.0013558859535320233 -0.2975891686341961 0.0013558859535320233 1.0014099658126365 -3.480755339030423
385 1.0012176916049011 -0.00015364906449442662 -2.029632316686016 0.00015364906449442662 1.0012176916049011 -2.5403915428269164
386 1.0028410304767585 0.0013613132335465574 -4.687422848007528 -0.0013613132335465574 1.0028410304767585 -2.428557697649028
387 0.9997226790039627 -6.937016895186859e-05 0.8314475478304894 6.937016895186859e-05 0.9997226790039627 -0.3324392552809237
388 1.003221273686704 -0.00010793565333366156 -4.333436619090598 0.00010793565333366156 1.003221273686704 -3.847115669316588
389 0.998112224712071 0.00542787350828528 -3.8500738017333647 -0.00542787350828528 0.998112224712071 10.565413905937273
390 1.0001296237709034 0.0008045688643576706 -2.289812457110414 -0.0008045688643576706 1.0001296237709034 0.8188045162077477
391 1.0016796613976537 -0.001992679107028878 0.20623938282646853 0.001992679107028878 1.0016796613976537 -4.499982400577258
392 1.0013384776841983 -0.0016213008101840431 -1.2129104746361286 0.0016213008101840431 1.0013384776841983 -3.530374962642739
393 1.0001319823171884 -0.0007008460342304702 -1.515537661374656 0.0007008460342304702 1.0001319823171884 -0.8044722298982733
394 1.0010280223249888 2.8130712397327344e-05 -2.5560674900540032 -2.8130712397327344e-05 1.0010280223249888 -0.4774756892880251
395 0.9996650852520909 0.0005159767009291488 -0.6205486531534457 -0.0005159767009291488 0.9996650852520909 0.8508775597128944
396 0.9981933237070986 0.0011188992861980124 -0.30248446607320734 -0.0011188992861980124 0.9981933237070986 2.923171247644364
397 0.995847746598098 -0.00016006101812072418 5.161184601547128 0.00016006101812072418 0.995847746598098 4.126521142186547
398 1.0008456483713417 0.00011375048568823423 -0.987897198838052 -0.00011375048568823423 1.0008456483713417 -1.0822666000079644
399 0.9996224896379905 0.0018053986406460624 -1.9719124415702967 -0.0018053986406460624 0.9996224896379905 2.4312104863800554
400 1.0011063634873596 0.0005974941830921848 -2.187172407853716 -0.0005974941830921848 1.0011063634873596 -1.7352185495062689
401 0.9997669440399187 -0.0008964080247704627 1.3710988395237265 0.0008964080247704627 0.9997669440399187 -2.0633323279938156
402 1.000055626751077 0.0012336542860118902 -2.7821367629714158 -0.0012336542860118902 1.000055626751077 -0.32314529823537613
403 1.0004569013901354 -0.0005633718055967807 -1.6033974216849027 0.0005633718055967807 1.0004569013901354 -1.6493580434543043
404 1.0014649379508485 -0.004001857965939361 2.3208385487189385 0.004001857965939361 1.0014649379508485 -5.866571868211196
405 1.0070580417337052 -0.006249554940107753 -3.8266441308094534 0.006249554940107753 1.0070580417337052 -16.395571422042995
406 1.0026830045589585 -0.00204052069317056 -0.7528526292519472 0.00204052069317056 1.0026830045589585 -6.142826395781797
407 1.0006724961137712 0.0027913720497540744 -2.6660877114090096 -0.0027913720497540744 1.0006724961137712 -0.08262624930456752
408 1.0244662487458234 0.003590571819167721 -38.571347247968525 -0.003590571819167721 1.0244662487458234 -19.845837276439457
409 0.998404285425803 0.00047323679462330003 0.21053049790673461 -0.00047323679462330003 0.998404285425803 2.570801133798317
410 0.9996786095364569 -0.0006224246129216966 0.36959667100481913 0.0006224246129216966 0.9996786095364569 -0.25113134537720616
411 1.0008785046289954 -0.0012177103626454572 -0.5039879541846669 0.0012177103626454572 1.0008785046289954 -2.535906599176131
412 1.001097796923754 -0.0017650954201451044 -0.10664263046686562 0.0017650954201451044 1.001097796923754 -2.9402740328534263
413 1.0029192175762334 0.0019835108941256524 -6.538415436213282 -0.0019835108941256524 1.0029192175762334 0.12447265484764795
414 0.9974516587822371 0.00040169439801858057 2.328489262659408 -0.00040169439801858057 0.9974516587822371 3.508817518748944
415 0.9985718060463593 0.002682652866357639 -1.4156297103304263 -0.002682652866357639 0.9985718060463593 4.332931480789354
416 1.0027340969242586 0.0020157986075476685 -6.141808617018323 -0.0020157986075476685 1.0027340969242586 -0.35377473776797785
417 0.9978651418218835 0.002219666082305037 -0.7215303380646644 -0.002219666082305037 0.9978651418218835 4.443314301186684
418 0.9987584916480969 0.0020427545562888326 -0.9149248101153526 -0.0020427545562888326 0.9987584916480969 2.443938707656149
419 0.9989548177901534 -0.005166711696956299 6.136800621723418 0.005166711696956299 0.9989548177901534 -2.397491909214469
420 0.9990763767439865 -0.0027189577719861184 4.548727252079482 0.0027189577719861184 0.9990763767439865 -1.4820386407059762
421 0.9978502869553358 -0.003052146365827643 6.1577628388603625 0.003052146365827643 0.9978502869553358 -0.8661466509383215
422 0.999147015654147 -0.0001324287474815336 2.2674336713469594 0.0001324287474815336 0.999147015654147 0.5641054451062383
423 0.9987235206245985 -9.159577660772461e-05 2.8670511077178986 9.159577660772461e-05 0.9987235206245985 1.6445900665635966
424 1.000508628344514 -0.0017300703362423716 2.9907710931155966 0.0017300703362423716 1.000508628344514 -1.9565788082796773
425 1.0013017597110354 -0.0005062673421164772 1.5804693575109028 0.0005062673421164772 1.0013017597110354 -1.8280143645357851
426 1.0015102474784496 -0.007719572590752651 5.852549434242476 0.007719572590752651 1.0015102474784496 -12.049737399258673
427 1.0030013086350535 -0.003090328227907787 0.49898079598277806 0.003090328227907787 1.0030013086350535 -7.972805007606962
428 0.9938030568651487 -0.004203780648293072 8.56347031970141 0.004203780648293072 0.9938030568651487 4.208834567663924
429 1.0011820435596692 -0.0027673286426685784 2.237733788020444 0.0027673286426685784 1.0011820435596692 -4.167295953335755
430 0.9983563002702696 -0.002110763680183106 3.9272526661245255 0.002110763680183106 0.9983563002702696 -0.6044468535491136
431 0.9967720089437682 -0.0010526723914571945 3.961577993961745 0.0010526723914571945 0.9967720089437682 2.2349013173438297
432 1.0034207002715967 -0.00393578732674729 -0.2351503785720852 0.00393578732674729 1.0034207002715967 -7.578592671087479
433 0.9984634716863293 -0.002636419082030654 4.375432624824422 0.002636419082030654 0.9984634716863293 -0.5766405256645051
434 0.9982595764738758 -0.001358071431992962 3.1851387771406676 0.001358071431992962 0.9982595764738758 1.494983525779535
435 0.9977640460094722 -0.0010320408930450168 2.4364249737955888 0.0010320408930450168 0.9977640460094722 2.2502444157182806
436 0.9995010440010277 0.0009329055956340067 -1.57575749689909 -0.0009329055956340067 0.9995010440010277 0.9171950938969599
437 0.9998784851859018 -0.00348413969417287 4.783676884942531 0.00348413969417287 0.9998784851859018 -1.6020759635469484
438 1.0009207175072863 -0.00046320495495907047 0.4203146595635776 0.00046320495495907047 1.0009207175072863 -1.446104701022874
439 1.003049276461398 0.0005366684469521245 -5.52533575176012 -0.0005366684469521245 1.003049276461398 -3.13038011611086
440 1.000760725053205 0.001292090154166531 -1.4715525667526894 -0.001292090154166531 1.000760725053205 0.8375613299608433
441 1.0028955058473779 0.0007189455307773017 -2.5309742007294695 -0.0007189455307773017 1.0028955058473779 -1.6209682596402222
442 0.9982028571511236 0.0023131363298564056 -1.9230540311415296 -0.0023131363298564056 0.9982028571511236 4.4954219738143335
443 0.9999697969440963 0.001317273240687223 -7.823284773944092 -0.001317273240687223 0.9999697969440963 1.0372619574234792
444 0.998266582342521 0.000690155854847662 -3.4135241980107036 -0.000690155854847662 0.998266582342521 2.9911587542986893
445 0.9991444998663724 2.0615637657329125e-05 -2.524869638392295 -2.0615637657329125e-05 0.9991444998663724 1.5212422680839222
446 0.9997797490021978 0.0005446549233559898 -7.634897291089953 -0.0005446549233559898 0.9997797490021978 1.5085968556417275
447 0.9994129548418192 0.00014631550271465677 -3.5160315299033744 -0.00014631550271465677 0.9994129548418192 0.6669035851049097
448 0.9989324308652473 0.00029911595751817204 -7.062339946206881 -0.00029911595751817204 0.9989324308652473 1.553569261067013
449 0.9981503612929481 -0.0007758539902418728 -4.65398622086233 0.0007758539902418728 0.9981503612929481 1.9982181406306485
450 1.000328186502925 0.0004488459810700606 -4.349672319689294 -0.0004488459810700606 1.000328186502925 1.091271729664852
451 0.9986297185522311 -0.0003704685431216394 -1.7611055737734282 0.0003704685431216394 0.9986297185522311 1.7242172507090103
452 0.9972041466004421 -0.0007295631737605397 0.4213610190144448 0.0007295631737605397 0.9972041466004421 2.9210973154113713
453 0.9990793343364414 9.370876111149075e-05 -4.265879610427806 -9.370876111149075e-05 0.9990793343364414 1.2723486486516422
454 1.000979236720345 0.0015102375135901858 -4.3899119768731065 -0.0015102375135901858 1.000979236720345 0.10848614292466752
455 1.0008842896916736 0.0011984266413860222 -3.878095835459102 -0.0011984266413860222 1.0008842896916736 0.30827624567297995
456 1.0006539165055426 0.0016791030116936933 -5.073154617676491 -0.0016791030116936933 1.0006539165055426 0.7893993975238232
457 1.00053876213059 0.0007823425768475607 -2.600288237530698 -0.0007823425768475607 1.00053876213059 -0.13154672914513166
458 1.0006272300497399 0.0010514382584410264 -4.139187813168381 -0.0010514382584410264 1.0006272300497399 0.3946332178739609
459 1.00279607116014 0.0008855255837647595 -5.96475364526123 -0.0008855255837647595 1.00279607116014 -1.5388857673335445
460 1.0002220720972639 -0.0011496858035213364 -0.1133938559351737 0.0011496858035213364 1.0002220720972639 -1.8900136876062243
461 0.9997504600640386 0.0012861457916319434 -2.571733058243205 -0.0012861457916319434 0.9997504600640386 2.1000122217463213
462 1.0006445267760842 0.0011588227328979033 -3.5011192354008993 -0.0011588227328979033 1.0006445267760842 1.213375776034054
463 0.9991558641675041 0.0007117166661259667 -3.521794513869165 -0.0007117166661259667 0.9991558641675041 2.707951752414488
464 0.9984691003513169 0.0011223482670551948 -0.5231609030033738 -0.0011223482670551948 0.9984691003513169 3.4969130586582975
465 1.0008338655690823 -0.00025669145962905864 -0.7446073751052538 0.00025669145962905864 1.0008338655690823 -0.42908216867337423
466 1.000411463640774 0.0001896016559423172 -1.848583386199844 -0.0001896016559423172 1.000411463640774 0.7580872588286024
467 1.002482726447198 0.0027446732743763177 -5.531281035651622 -0.0027446732743763177 1.002482726447198 0.9985178135442062
468 1.0007231036456286 -0.0005201601159784228 -0.575597915536523 0.0005201601159784228 1.0007231036456286 -0.6062504584584338
469 1.0010917421518684 -2.642995475088698e-05 -0.6922359023134717 2.642995475088698e-05 1.0010917421518684 -0.5760794484010736
470 1.0021154545664277 -0.0007705876682968672 -0.03392258231613132 0.0007705876682968672 1.0021154545664277 -2.765767439812853
471 0.996822081459881 -0.001648145868931329 7.744629219437235 0.001648145868931329 0.996822081459881 1.7860160151131277
472 0.9986550445723387 -0.00014300123663639477 2.2378071293018573 0.00014300123663639477 0.9986550445723387 2.0716390485284637
473 0.9980123447687471 0.0008663104276872385 0.760590796941541 -0.0008663104276872385 0.9980123447687471 3.6742565806058156
474 0.9967020145701091 0.0004969416362691356 1.2794590216074595 -0.0004969416362691356 0.9967020145701091 4.33873052749732
475 0.9975823103805554 0.0005072529308234126 0.8818301258724763 -0.0005072529308234126 0.9975823103805554 3.1802055360822616
476 0.9983821055136272 -0.00021819521362916795 -0.09320618805381556 0.00021819521362916795 0.9983821055136272 2.354825309992408
477 0.9989632135258872 -0.0001833951621629643 -1.8555733570697486 0.0001833951621629643 0.9989632135258872 1.119163805913142
478 1.0002316511419893 -0.0007263251779677549 0.7713244184511857 0.0007263251779677549 1.0002316511419893 -0.7229807272952599
479 1.0005203139930896 -0.0016422412702835894 0.9976899097880392 0.0016422412702835894 1.0005203139930896 -1.835286067129161
480 0.9974033606182536 -0.0013170741678473843 1.7492419653570073 0.0013170741678473843 0.9974033606182536 1.409066587416787
481 0.9970969459584269 -0.00040213418359296766 1.2392776253648872 0.00040213418359296766 0.9970969459584269 2.781910969016405
482 0.9998989368281608 -0.0019719498287536358 2.464542842130379 0.0019719498287536358 0.9998989368281608 -1.0128024152753288
483 0.9986404050003675 -0.0027512798456433714 1.826986425997409 0.0027512798456433714 0.9986404050003675 -0.21820171995031326
484 0.9991490030405036 -0.0024393593508482605 4.4822443820328 0.0024393593508482605 0.9991490030405036 -2.4988388047558265
485 1.0016274378549672 -0.0029993488700191463 2.3622617717563306 0.0029993488700191463 1.0016274378549672 -3.864656420116442
486 1.003626651119729 -0.0038734518482540143 6.346728878740812 0.0038734518482540143 1.003626651119729 -6.339784068795284
487 1.0008405906385183 0.00032500546682057336 1.8035344864926202 -0.00032500546682057336 1.0008405906385183 -1.1681341932699816
488 1.0079316603368136 -0.0014246768756095945 -2.3002737560985738 0.0014246768756095945 1.0079316603368136 -8.340795801171998
489 1.0129875403672575 -0.01088643949828869 1.0434436862604652 0.01088643949828869 1.0129875403672575 -18.705665188037134
490 1.0041361383696725 -0.003775840238650207 0.2601921488309764 0.003775840238650207 1.0041361383696725 -6.393900860242526
491 1.0038603579055074 -0.0063662473795938705 2.2424706021904153 0.0063662473795938705 1.0038603579055074 -8.213553056458748
492 1.001876269125097 -0.002563953649744512 -0.4481402730799556 0.002563953649744512 1.001876269125097 -3.221452182235662
493 1.000921809526365 0.0013151602861961858 -13.457888713998996 -0.0013151602861961858 1.000921809526365 1.1631962070494404
494 0.9995833845717653 0.0016465783562066086 -5.972394750768815 -0.0016465783562066086 0.9995833845717653 2.010205692293105
495 0.9984731607669439 0.0001312437245369363 -2.5719813625037555 -0.0001312437245369363 0.9984731607669439 2.2194243089694554
496 1.0008584104351765 0.0009419303529472383 -12.944255548427346 -0.0009419303529472383 1.0008584104351765 0.6962279654107775
497 1.0002450904397941 0.0006650536356356475 -6.474487227084413 -0.0006650536356356475 1.0002450904397941 0.6610152663445488
498 0.9996105821337855 0.00021816787777980003 -11.478716076517804 -0.00021816787777980003 0.9996105821337855 0.5946445890740732
499 1.0005225821510495 0.0008190950617372467 -12.733759387863994 -0.0008190950617372467 1.0005225821510495 0.3899987595005806
500 0.9997002726846915 0.000740141505404106 -4.593419150147645 -0.000740141505404106 0.9997002726846915 0.9583852453307543
501 0.998133158377736 -0.0004796826673242418 -1.354513646223425 0.0004796826673242418 0.998133158377736 1.5462958984106845
502 0.9992785240316094 0.00088735370885564 -9.4204543405515 -0.00088735370885564 0.9992785240316094 1.161729160126272
