0 1.0 0.0 0.0 0.0 1.0 0.0
1 1.0003845577233452 -0.0004101981421410244 1.4722792733167558 0.0004101981421410244 1.0003845577233452 -0.5979683887113331
2 1.0009791104351513 0.0008184985116369587 -0.43429864074498353 -0.0008184985116369587 1.0009791104351513 -1.0758116477800899
3 1.0016614688474834 0.0012815172447102697 -1.6513543075810035 -0.0012815172447102697 1.0016614688474834 -1.9637873836296036
4 1.0007756106478864 0.0022501495996736236 -2.8572248279554175 -0.0022501495996736236 1.0007756106478864 -0.4453843734518142
5 1.0034963480420922 0.0022402442396088794 -2.7904226906398777 -0.0022402442396088794 1.0034963480420922 -3.46049946033575
6 1.0040648498135096 0.0027826428733651594 -3.799768134315401 -0.0027826428733651594 1.0040648498135096 -3.9621778072452267
7 1.0019694308811313 0.0010331815468758144 -0.9417979302350379 -0.0010331815468758144 1.0019694308811313 -2.423901338562872
8 1.0017542698774906 0.0009289909177519404 -0.672065089917314 -0.0009289909177519404 1.0017542698774906 -1.7877045111884193
9 1.0020885817515555 2.3156605240163197e-05 -0.12642062586786773 -2.3156605240163197e-05 1.0020885817515555 -2.11523902833454
10 1.0020657950111824 -0.0005565964594339497 1.0254676225589079 0.0005565964594339497 1.0020657950111824 -1.8832910382061923
11 1.0030896242377831 -0.0011065609552927153 1.1991340971099937 0.0011065609552927153 1.0030896242377831 -3.0706535677229705
12 1.0026469961750444 -0.0012687373923972454 1.968293890391333 0.0012687373923972454 1.0026469961750444 -2.825029181079275
13 1.0065346307962537 -0.00278254149283604 2.0115025782678218 0.00278254149283604 1.0065346307962537 -7.016707161021647
14 1.0039174452518516 -0.0009334934837113918 1.4221151035541035 0.0009334934837113918 1.0039174452518516 -2.9208258519430554
15 1.0039186542894518 -0.0007647882204516805 1.3210254843771252 0.0007647882204516805 1.0039186542894518 -3.623145407875187
16 1.0082437950154743 -0.0011095205606941397 -0.11117166104099807 0.0011095205606941397 1.0082437950154743 -8.18695255200611
17 1.0080328470909616 -0.0011142604680797119 0.07353038589365307 0.0011142604680797119 1.0080328470909616 -8.151848758897248
18 1.0142952239922793 -0.0019389161355955224 -1.1493960449363982 0.0019389161355955224 1.0142952239922793 -14.830873967298023
19 1.0067461510485824 -0.002888685778851171 0.9438482966093337 0.002888685778851171 1.0067461510485824 -7.54735416627209
20 1.005863246234701 -0.0049095787179926275 3.232091301141238 0.0049095787179926275 1.005863246234701 -7.09135883084436
21 0.9985254840176806 -0.00017934720500963655 -0.08554166144794884 0.00017934720500963655 0.9985254840176806 1.8173659391823334
22 0.998682206719932 -0.00035347483358874767 0.4126676998336939 0.00035347483358874767 0.998682206719932 1.5851960174281814
23 0.9928409491203871 0.0019375098459772314 -0.4523885664561953 -0.0019375098459772314 0.9928409491203871 7.745240982514071
24 0.9982879174459423 0.00029240843102154243 -0.7708783167538967 -0.00029240843102154243 0.9982879174459423 1.9587046597112094
25 0.996179427712171 -8.74379634178411e-05 0.6495433129246491 8.74379634178411e-05 0.996179427712171 4.03709507876559
26 0.9955998744619488 -0.0004644449197255826 1.1939442318400055 0.0004644449197255826 0.9955998744619488 4.297687277596484
27 0.9946081990003435 0.0008950549285830593 -0.15665380280235608 -0.0008950549285830593 0.9946081990003435 5.437858482388632
28 0.9870040374700071 0.0026393461008704204 -0.5513900207090003 -0.0026393461008704204 0.9870040374700071 13.679288352860596
29 1.0114764704557415 0.0013573799182151245 -3.9627832423107874 -0.0013573799182151245 1.0114764704557415 -11.453707614202104
30 1.010653308356679 -0.0014958574847919847 -0.9295671728290958 0.0014958574847919847 1.010653308356679 -11.542707799345779
31 1.00742221185897 -0.002376140752178089 1.147608942932001 0.002376140752178089 1.00742221185897 -8.753886055080358
32 1.0047084319591253 -0.004725405950979532 3.845744012212777 0.004725405950979532 1.0047084319591253 -6.825827581646153
33 1.0135060883119833 -0.0103615045385253 7.777209764877775 0.0103615045385253 1.0135060883119833 -16.07215625241963
34 1.0026814950208034 -0.00016583825595141855 -0.21595117957236337 0.00016583825595141855 1.0026814950208034 -3.0715084100213637
35 1.0063847131827262 -3.155674105024923e-05 -1.028486564834523 3.155674105024923e-05 1.0063847131827262 -5.945613512844087
36 1.0058615691111887 -0.001873817932285811 1.215491597962448 0.001873817932285811 1.0058615691111887 -5.818037004190643
37 1.006770287811486 -0.003737477561439061 2.3559015229586433 0.003737477561439061 1.006770287811486 -7.8137349852133795
38 1.01427111258066 -0.002437846778443502 -0.2059186918242364 0.002437846778443502 1.01427111258066 -15.228246251837785
39 1.0107432526912565 0.003142857861496577 -5.310230535309289 -0.003142857861496577 1.0107432526912565 -10.618622949506081
40 1.0049209788141402 0.001325132293335568 -2.4734867656674444 -0.001325132293335568 1.0049209788141402 -5.174562975379282
41 1.0015793050255266 -0.0006300929713289077 0.752187724464155 0.0006300929713289077 1.0015793050255266 -2.3571934564718657
42 1.0052032776430024 -0.0037283981832759838 3.6718443810670967 0.0037283981832759838 1.0052032776430024 -6.584804004667354
43 1.0123921090382788 -0.011152376596016367 9.253640765822261 0.011152376596016367 1.0123921090382788 -15.252744984330405
44 1.0041921577819635 -0.004511262143367724 3.5500861518294777 0.004511262143367724 1.0041921577819635 -5.555252400671588
45 1.0040554710386436 -0.002931627299804703 2.13105702566409 0.002931627299804703 1.0040554710386436 -5.0169532026811705
46 1.0013198421453748 -0.0020387611346265964 1.9396966257746946 0.0020387611346265964 1.0013198421453748 -2.1631620705450736
47 0.999311347265186 -0.00033941791677881704 1.1758634049277639 0.00033941791677881704 0.999311347265186 0.021345229280466865
48 1.0123010630400542 -0.00027479379194254806 -2.1535719468300885 0.00027479379194254806 1.0123010630400542 -12.964717988311612
49 1.0015361935049798 -0.0015214241799681926 1.9520057503215311 0.0015214241799681926 1.0015361935049798 -2.208531617145248
50 1.000805583728805 -0.0014103963181571694 1.516441351648402 0.0014103963181571694 1.000805583728805 -1.4074779148812133
51 0.9990415696436057 -0.005945518183968458 6.785651816244186 0.005945518183968458 0.9990415696436057 -0.5917646778240522
52 1.0009033728026269 -0.00662603442447644 6.753125118076931 0.00662603442447644 1.0009033728026269 -2.4080935862314488
53 1.001075043407574 -0.012511653148644341 12.58540104571228 0.012511653148644341 1.001075043407574 -3.701570114658124
54 1.0009392976369775 -0.006333340620325663 6.510501838337437 0.006333340620325663 1.0009392976369775 -2.145673419182899
55 1.0021226444393199 -0.005763103307964303 5.793135542374252 0.005763103307964303 1.0021226444393199 -3.1073444341664174
56 0.9875701848971243 0.0011419670709404038 1.099755641051055 -0.0011419670709404038 0.9875701848971243 12.990131470325796
57 0.999936766232576 -0.0003318889949868768 1.036859559924063 0.0003318889949868768 0.999936766232576 -0.36978074907773545
58 0.999857601680873 -0.0005459072656584991 0.8451709292316675 0.0005459072656584991 0.999857601680873 0.035403815982448864
59 0.9902367340818296 0.00189962358803213 -0.4037590906345996 -0.00189962358803213 0.9902367340818296 10.078008239917194
60 0.9919859953842467 0.0012173222387769028 0.6139301139184952 -0.0012173222387769028 0.9919859953842467 8.689678553959482
61 0.9913887390458502 0.0018515260585883135 -0.6676005491622858 -0.0018515260585883135 0.9913887390458502 9.210410099950948
62 1.000487530756627 -0.001035173192014843 1.2397788250937634 0.001035173192014843 1.000487530756627 -0.45689550145918223
63 0.9999736886492185 -0.00033317105429798207 0.33836675837218 0.00033317105429798207 0.9999736886492185 0.1214016978853838
64 1.0003898427983673 -0.0002469109484372624 0.41246440541448437 0.0002469109484372624 1.0003898427983673 -0.6027943370941271
65 1.0039942885641202 -0.0009346326686497259 -0.1905204021218306 0.0009346326686497259 1.0039942885641202 -4.04840887528426
66 1.0023630032140929 -0.0005251927092767509 0.41594590199424086 0.0005251927092767509 1.0023630032140929 -2.775576169677899
67 1.005068266265645 -0.001368181950789467 0.6582489295215281 0.001368181950789467 1.005068266265645 -5.543643695158119
68 1.0094289270462216 -0.004550689065530136 2.8869418405318137 0.004550689065530136 1.0094289270462216 -10.852998476949725
69 1.0025035206573365 -0.0019509116725034204 1.7902806461644705 0.0019509116725034204 1.0025035206573365 -3.6096823122432635
70 1.0008809522735558 0.0004109723418003852 -1.748903375250929 -0.0004109723418003852 1.0008809522735558 -0.5146518304390194
71 0.9976333118134747 0.00012980273693740307 -0.4081773925633062 -0.00012980273693740307 0.9976333118134747 2.0091937589875677
72 1.0006381775787028 -0.00045424885013347325 0.23420379611583791 0.00045424885013347325 1.0006381775787028 -1.1152163612024846
73 1.0015608405511227 0.0006638157640867109 -0.9271704856813389 -0.0006638157640867109 1.0015608405511227 -1.1644385072716816
74 0.9997831110396224 0.00034745779225629623 -0.996008486456811 -0.00034745779225629623 0.9997831110396224 -0.17905600949267242
75 0.9996436823648442 0.0008003235294902186 -2.625222728398081 -0.0008003235294902186 0.9996436823648442 0.7628665758110746
76 1.0000729126397536 0.0008929313289709499 -3.41834775958902 -0.0008929313289709499 1.0000729126397536 0.5161453169347898
77 0.9991587055936964 0.0009690923830678434 -2.8710032006760167 -0.0009690923830678434 0.9991587055936964 0.907444538148665
78 0.9995381995990626 0.0010151427299242215 -2.8002235757944676 -0.0010151427299242215 0.9995381995990626 1.1148672460451596
79 0.9948784882627876 0.0024972106609466357 -3.2070002038970724 -0.0024972106609466357 0.9948784882627876 5.74961098664797
80 0.9991827374339562 0.0009563519779476 -2.887479117565922 -0.0009563519779476 0.9991827374339562 1.5340728557979422
81 0.9970195316275027 0.0009765909144249787 -1.4726222293557671 -0.0009765909144249787 0.9970195316275027 3.3540187186661052
82 0.9975572754480281 0.0009012727225435457 -1.8806665097594932 -0.0009012727225435457 0.9975572754480281 2.6740946790906057
83 0.9986822764295759 0.0009025408842721786 -2.1411802846179935 -0.0009025408842721786 0.9986822764295759 2.3607759701033775
84 0.9955529425170669 0.0009753520264676701 -2.214849621764947 -0.0009753520264676701 0.9955529425170669 4.648180154795972
85 0.9987287730490055 -0.0004013320329209755 -0.3499441134497725 0.0004013320329209755 0.9987287730490055 1.7372587714960699
86 0.9991669085179963 -0.0005742267269355382 -0.6401727281263234 0.0005742267269355382 0.9991669085179963 1.1619311218249864
87 0.9994958489815416 -0.0005734751235771589 0.03245532453580813 0.0005734751235771589 0.9994958489815416 0.6398246048995675
88 0.9995886175989156 -0.00037175020318902903 0.6808956363840089 0.00037175020318902903 0.9995886175989156 0.9809600425304075
89 1.0015813785634287 -0.0022345153818367626 2.7540264493037667 0.0022345153818367626 1.0015813785634287 -1.1940551848714798
90 1.0010782408043046 -0.0007154999647618551 3.032536642211115 0.0007154999647618551 1.0010782408043046 -0.8705283587410713
91 1.0029302959679816 -0.0005836146022478402 1.8459510935278445 0.0005836146022478402 1.0029302959679816 -2.5874278068098886
92 1.0026904607145826 -0.0007699579158839444 3.047877812355694 0.0007699579158839444 1.0026904607145826 -2.5313679592174023
93 1.0017576107111035 -0.000999452312602823 2.763182778294427 0.000999452312602823 1.0017576107111035 -1.9648292000801477
94 1.0045376984303123 -0.0015813871722541628 2.772259036715646 0.0015813871722541628 1.0045376984303123 -4.580461210789181
95 0.9999772480085551 -0.00042895785271284683 2.466574816746958 0.00042895785271284683 0.9999772480085551 -0.3864685108963552
96 1.0000137894177812 -0.0003395471525427738 1.2427752116843462 0.0003395471525427738 1.0000137894177812 -0.5759161247606936
97 0.9993657321528695 -7.999668461835933e-05 0.9195460796218314 7.999668461835933e-05 0.9993657321528695 0.07135615305947773
98 1.0002162953367435 -0.00012925448458667667 0.613899470340911 0.00012925448458667667 1.0002162953367435 -0.8409825796300209
99 1.0005348467117428 -0.0007212033977215393 2.58726615631577 0.0007212033977215393 1.0005348467117428 -0.9051215857268045
100 0.9984668623621195 0.00017950379124671368 0.02186047177826378 -0.00017950379124671368 0.9984668623621195 0.5477084167062132
101 0.9992618552064771 1.1965810828968703e-05 -0.4293343829469882 -1.1965810828968703e-05 0.9992618552064771 -0.2823094239442958
102 0.9995565704012048 -0.00024796839853085995 -0.23866721902086832 0.00024796839853085995 0.9995565704012048 -0.19776581595497877
103 0.9994946134231895 -0.00026791110352704156 0.08402118029308225 0.00026791110352704156 0.9994946134231895 -0.21265836202573418
104 0.9987055376319426 -0.00062896512620442 1.4948385579251304 0.00062896512620442 0.9987055376319426 0.9102660276696769
105 0.9991704389472589 0.0006356980878240762 -0.8902218641602331 -0.0006356980878240762 0.9991704389472589 0.12196608379970386
106 0.9992372317359656 0.0007295506546079887 -1.2088883676689532 -0.0007295506546079887 0.9992372317359656 0.2442219699695754
107 0.9994098233306987 -0.00015019973450869752 0.33502304826112117 0.00015019973450869752 0.9994098233306987 0.14380785037531274
108 0.9977665752929844 0.00021504325223354424 0.9219904585381962 -0.00021504325223354424 0.9977665752929844 1.3487506145021373
109 0.9991213859632547 5.5561235079110236e-05 0.66370821469215 -5.5561235079110236e-05 0.9991213859632547 0.9646941936879216
110 0.9999669857666292 0.0005775200529884877 -0.6243043697313092 -0.0005775200529884877 0.9999669857666292 0.18154700988805395
111 0.9997523451234762 0.0001922755068945797 -0.12121075855875318 -0.0001922755068945797 0.9997523451234762 0.2166634255911113
112 0.999787192505475 0.0007443468029165451 -0.52069836412522 -0.0007443468029165451 0.999787192505475 0.6366666465732288
113 1.000378995561137 8.506248101728547e-05 0.0011696575587158975 -8.506248101728547e-05 1.000378995561137 0.09903580769813937
114 1.0012295944786316 -0.0004985497319091332 1.9996140856758764 0.0004985497319091332 1.0012295944786316 0.36630124040524037
115 1.0001811501353586 -0.0005753645397234143 0.7722563261809103 0.0005753645397234143 1.0001811501353586 0.4821537717027135
116 1.0006148509859951 -0.0004868378519151084 0.5912061756436522 0.0004868378519151084 1.0006148509859951 0.20226176194156414
117 1.000290768012293 -0.00044645578886966947 0.5135857672430097 0.00044645578886966947 1.000290768012293 0.3381228762171927
118 1.0001295167843085 -0.0004214896864039289 0.15247471028173165 0.0004214896864039289 1.0001295167843085 0.2201154002609754
119 0.9996192463736753 0.0001044891932785539 -0.9731050182907147 -0.0001044891932785539 0.9996192463736753 0.7827536315149981
120 0.9996997434360763 0.00010189304802630599 -1.2887342264057868 -0.00010189304802630599 0.9996997434360763 -0.07826826137083577
121 0.9996908208526486 0.00013200941654759946 -1.4997177893297262 -0.00013200941654759946 0.9996908208526486 -0.19580537095675307
122 0.9996832616056858 -1.084191943190294e-05 -1.3000122275678425 1.084191943190294e-05 0.9996832616056858 -0.20313859096142456
123 0.9996788459385852 -7.07113482505185e-05 -0.849081341176914 7.07113482505185e-05 0.9996788459385852 0.12834421364597853
124 0.9999609697617178 4.456793364596883e-05 -1.6745263010775218 -4.456793364596883e-05 0.9999609697617178 0.053565904802041375
125 0.9999814876059289 -1.828745662037391e-05 -1.1774202265165181 1.828745662037391e-05 0.9999814876059289 -0.14882633224258748
126 0.9997908651000542 -0.0002460460905253383 -1.062960126143337 0.0002460460905253383 0.9997908651000542 0.15331702617129306
127 1.0001581929599932 -0.0001415236496578083 -0.9994956941208883 0.0001415236496578083 1.0001581929599932 0.2420646453984305
128 1.000070902908811 -1.894135186683361e-05 -0.8028963418120688 1.894135186683361e-05 1.000070902908811 -0.055505244501042425
129 0.9998716063088007 0.00021177551732288658 -1.1817422826790143 -0.00021177551732288658 0.9998716063088007 -0.12830490921975563
130 0.9999717906555423 9.181277257179035e-05 -1.3661891000321007 -9.181277257179035e-05 0.9999717906555423 0.15810451901735884
131 1.000031937476265 0.00017850184160271305 -1.2027969731028068 -0.00017850184160271305 1.000031937476265 0.04003265129160574
132 1.000094358116206 8.908542950874929e-05 -1.0673484241345363 -8.908542950874929e-05 1.000094358116206 0.021638168556041393
133 0.9999239612016276 4.27139271519957e-05 -0.7469804256919669 -4.27139271519957e-05 0.9999239612016276 0.28614239818489257
134 1.0002198566655447 0.00015304605865893985 -0.6987407081740735 -0.00015304605865893985 1.0002198566655447 -0.21069850384000915
135 1.0001159040802428 9.608314469147154e-06 -0.13662718771975757 -9.608314469147154e-06 1.0001159040802428 0.006351492070903353
136 1.0000913356472627 4.94324794989269e-05 -0.1027161263069167 -4.94324794989269e-05 1.0000913356472627 -0.005329328679582764
137 1.000191737732986 8.919924916452461e-05 0.05663784125639637 -8.919924916452461e-05 1.000191737732986 -0.19142412025313926
138 1.0001671090024469 5.243263293772963e-05 0.28157812877387406 -5.243263293772963e-05 1.0001671090024469 -0.25727924540451474
139 1.0003114498173469 0.00012181797142053778 0.45799031000549373 -0.00012181797142053778 1.0003114498173469 -0.4763105269429727
140 1.000249323055456 -1.1599661654869656e-05 0.6013478115766381 1.1599661654869656e-05 1.000249323055456 -0.374742035621037
141 1.0002995642351393 -9.91406108682736e-06 0.5456879152939174 9.91406108682736e-06 1.0002995642351393 -0.4347423176772677
142 1.000301006144081 5.2696805891501296e-05 0.55969359530053 -5.2696805891501296e-05 1.000301006144081 -0.5042742009087484
143 1.0003279306674209 -1.1482762957644927e-06 0.7179348357733895 1.1482762957644927e-06 1.0003279306674209 -0.4790557112352018
144 1.0009582309793783 -5.224338886207756e-05 1.8346660353649937 5.224338886207756e-05 1.0009582309793783 -0.9822281725638745
145 1.0005059584816196 -7.37083435433696e-05 1.2499180554695166 7.37083435433696e-05 1.0005059584816196 -0.7213647481997674
146 1.000489868329699 -5.529827092316006e-05 1.3819638333413997 5.529827092316006e-05 1.000489868329699 -0.6920157849516599
147 1.0005240353686402 -2.6506027251527132e-05 1.702631899837319 2.6506027251527132e-05 1.0005240353686402 -0.7411296456141117
148 1.0006271577438441 -0.00022221446850566963 1.9941416702627193 0.00022221446850566963 1.0006271577438441 -0.794426440032097
149 1.0022180438078356 -0.00045385826886453677 2.711448960557633 0.00045385826886453677 1.0022180438078356 -2.69964922159335
150 1.0004576033919015 -0.00011235935490359429 2.1207487738251873 0.00011235935490359429 1.0004576033919015 -0.6600813037110622
151 1.0003780877999737 -0.00017053489817470837 1.6592625656169337 0.00017053489817470837 1.0003780877999737 -0.5585192649746948
152 1.0000723897512824 7.053323265220068e-06 1.3048477687138695 -7.053323265220068e-06 1.0000723897512824 -0.25116138566371704
153 1.0002960582014084 -7.314099455452349e-05 1.3085863598804075 7.314099455452349e-05 1.0002960582014084 -0.40094809652661956
154 1.0005158954454032 -0.0006124219671695337 3.377337627284016 0.0006124219671695337 1.0005158954454032 -1.2874056404095666
155 0.9994344478037368 -0.0002323057470616706 2.699618034181298 0.0002323057470616706 0.9994344478037368 -0.12673942751561817
156 0.9996593246405518 -0.0002987571009384943 2.9277926067918605 0.0002987571009384943 0.9996593246405518 -0.28282103780176104
157 0.9988203574688311 -0.0003246086465096315 3.7307411634290752 0.0003246086465096315 0.9988203574688311 0.2873594926163072
158 0.9979708659892914 -0.000245300153626094 4.498317709124841 0.000245300153626094 0.9979708659892914 1.0472158944835819
159 0.996912686993974 9.349455588958145e-05 6.819523496166528 -9.349455588958145e-05 0.996912686993974 1.8341844019186573
160 0.9989733450510105 -0.0002720019572810548 1.9273882595677074 0.0002720019572810548 0.9989733450510105 0.43310305191237547
161 0.9992574482030718 -0.00015307232108534695 1.5778018976160237 0.00015307232108534695 0.9992574482030718 0.3103060859392937
162 0.999642335225911 -0.00018383797526948836 1.6469524062213945 0.00018383797526948836 0.999642335225911 -0.012354577961490684
163 0.9997526417420081 -0.00010791809157403959 1.7155585817755203 0.00010791809157403959 0.9997526417420081 0.02662137897585061
164 0.9986188999746185 -4.276324053142672e-05 3.783917218620537 4.276324053142672e-05 0.9986188999746185 0.3768816744698917
165 0.9989717004402681 0.00015382112513812236 1.5659914089793197 -0.00015382112513812236 0.9989717004402681 0.31515200243075503
166 0.9993201049405598 0.0002005526370838049 1.0318693532267218 -0.0002005526370838049 0.9993201049405598 0.0371996837578874
167 0.9994392883739396 0.00026815915928779597 0.7458722884896143 -0.00026815915928779597 0.9994392883739396 0.09149887741507258
168 0.9994120282197524 0.00023300593395975052 0.7495647301668051 -0.00023300593395975052 0.9994120282197524 0.15518629528026365
169 0.9986733577384929 0.0004346531448084434 1.335974868958751 -0.0004346531448084434 0.9986733577384929 0.2813159074404473
170 0.9991564881703867 0.00023880624608972 0.8200708524004551 -0.00023880624608972 0.9991564881703867 0.29258741121557075
171 0.999180152772022 0.00022971330581040764 0.9079222145075393 -0.00022971330581040764 0.999180152772022 0.3104784640151335
172 0.9994107928195317 0.00013304507728396055 0.653964731801545 -0.00013304507728396055 0.9994107928195317 -0.014292520321629905
173 0.9994238300736598 0.00017479658301472177 0.6984826722441037 -0.00017479658301472177 0.9994238300736598 -0.09277020272248666
174 0.9990511457702378 0.000313914647228042 1.850296663747934 -0.000313914647228042 0.9990511457702378 0.2887505826270633
175 0.999920030763696 0.00017031324762076543 0.590315908790209 -0.00017031324762076543 0.999920030763696 -0.3238657391176205
176 1.000031134991191 0.0001909144948966601 0.4416849365657689 -0.0001909144948966601 1.000031134991191 -0.6134080617892553
177 1.0000894653651162 0.0002334955624411161 0.37460705400661976 -0.0002334955624411161 1.0000894653651162 -0.6942937461275924
178 1.0000532944609581 0.00013464475353275687 0.45074000471729275 -0.00013464475353275687 1.0000532944609581 -0.4137571580785657
179 1.0000301213460079 0.00019996415676084845 0.3596102188066102 -0.00019996415676084845 1.0000301213460079 -0.5880960129437524
180 1.0000128447430519 0.0001786238060987504 0.12485099433542199 -0.0001786238060987504 1.0000128447430519 -0.44997782896373534
181 1.000001938317441 0.0001709047854527198 0.1297579847245768 -0.0001709047854527198 1.000001938317441 -0.30864986177499193
182 1.0000843681841123 6.328716400576075e-05 0.3738608427853458 -6.328716400576075e-05 1.0000843681841123 -0.17066205345783325
183 1.0001189194958637 5.7609894765262124e-05 0.44999881072295184 -5.7609894765262124e-05 1.0001189194958637 -0.08926080135419068
184 1.0001462073440612 4.4153780613714845e-05 0.4424099931853671 -4.4153780613714845e-05 1.0001462073440612 -0.5150375545545759
185 1.0000744788130056 1.6537993205091448e-05 0.10288652266658427 -1.6537993205091448e-05 1.0000744788130056 -0.4040907653321317
186 0.9999706560701801 4.161127992311701e-05 -0.09277595147963136 -4.161127992311701e-05 0.9999706560701801 -0.2463121194105622
187 0.9999372929936892 7.787981037678845e-05 -0.3248232235953112 -7.787981037678845e-05 0.9999372929936892 -0.2022376372453939
188 0.999914256645937 5.332378569806637e-05 -0.3143272120602282 -5.332378569806637e-05 0.999914256645937 -0.35917093335804623
189 0.9999176934285497 -2.275220360034648e-05 -0.6047716906890481 2.275220360034648e-05 0.9999176934285497 -0.5381960037453094
190 0.9996632481589365 -0.00010443068618438164 -0.37993794412079107 0.00010443068618438164 0.9996632481589365 -0.13607454472874925
191 0.9998593390521784 -5.6717692660356744e-05 -0.8615836445058895 5.6717692660356744e-05 0.9998593390521784 -0.16878425782769185
192 0.9998579592319355 -0.00010805952734140801 -0.8159578474631274 0.00010805952734140801 0.9998579592319355 -0.24041069447748253
193 0.9995693329986561 -0.00020716198312137655 -0.2854289199714972 0.00020716198312137655 0.9995693329986561 0.12505459876297378
194 0.9996191909507874 7.199847086800852e-05 -0.6483625266999521 -7.199847086800852e-05 0.9996191909507874 0.5892356004672884
195 0.9996888903827755 -6.781258319828286e-05 -0.3787579170120892 6.781258319828286e-05 0.9996888903827755 0.0906994971860617
196 0.9999568458123481 -0.00010544052226700377 -0.40141437392137636 0.00010544052226700377 0.9999568458123481 0.19726690757131002
197 1.00010964195788 -0.00015029049220874016 -0.5013459884698785 0.00015029049220874016 1.00010964195788 0.3726685369675957
198 1.000188124023166 9.330628312944513e-06 -0.5475572404083552 -9.330628312944513e-06 1.000188124023166 0.08632729960807858
199 1.0003252141372665 0.00010759902936805941 -0.9280483398712704 -0.00010759902936805941 1.0003252141372665 -0.31701025770559577
200 1.0002386980276854 -3.0476621382624708e-05 -0.26859464835051783 3.0476621382624708e-05 1.0002386980276854 -0.037582973965856026
201 1.000311280994206 3.5389013373198026e-06 -0.3431432693896164 -3.5389013373198026e-06 1.000311280994206 -0.1425155567190428
202 1.0002251106361266 8.952671001443136e-05 -0.5460592645482241 -8.952671001443136e-05 1.0002251106361266 -0.2192810350119077
203 1.0002171029060307 1.5726909561352808e-05 -0.48899758135708216 -1.5726909561352808e-05 1.0002171029060307 -0.24909958873686688
204 1.0004307276697033 6.458785741513375e-05 -1.0871827098199147 -6.458785741513375e-05 1.0004307276697033 -0.25838679935239683
205 1.0002659285910562 9.489433054600413e-05 -0.5768493103189591 -9.489433054600413e-05 1.0002659285910562 -0.4042616455660475
206 1.000183611338247 0.00014476214336007305 -0.5812895759182628 -0.00014476214336007305 1.000183611338247 -0.2764053629112688
207 1.0001341191473978 4.628389669617244e-05 -0.4912987933898205 -4.628389669617244e-05 1.0001341191473978 -0.24510390368506174
208 1.0001132213103665 2.0357312926841376e-05 -0.4138611668717017 -2.0357312926841376e-05 1.0001132213103665 -0.16326591043510397
209 1.0003058771911426 0.00017646618705545447 -1.2922436687545709 -0.00017646618705545447 1.0003058771911426 -0.4027732217566782
210 1.0001252723767828 0.0001523579084440173 -0.4888271005936676 -0.0001523579084440173 1.0001252723767828 -0.16277787712188013
211 1.0000177489068338 0.00010910657063768153 -0.384107916619518 -0.00010910657063768153 1.0000177489068338 -0.04846731939025565
212 1.0000441851873068 0.00017158776493254066 -0.44973367040467993 -0.00017158776493254066 1.0000441851873068 -0.24722100846421569
213 1.00012491349622 0.00021149781136753972 -0.5748375484444681 -0.00021149781136753972 1.00012491349622 -0.30718292173502787
214 1.0003782677396391 9.065924115472031e-05 -1.1249314722894717 -9.065924115472031e-05 1.0003782677396391 -0.444280541757192
215 1.0002323805003073 8.526902885948932e-05 -0.4575581724052554 -8.526902885948932e-05 1.0002323805003073 -0.44709531074509357
216 1.0002989069821429 0.0001092405180000407 -0.6291376827124268 -0.0001092405180000407 1.0002989069821429 -0.4127418108085463
217 1.000256655968489 -2.8701667159313528e-05 -0.424241774539011 2.8701667159313528e-05 1.000256655968489 -0.3881779122355636
218 1.0002629320918306 -5.367753582262361e-05 -0.32100815127905 5.367753582262361e-05 1.0002629320918306 -0.24854408257201846
219 1.0004776631038015 -8.835829700694424e-05 -0.9750781647984321 8.835829700694424e-05 1.0004776631038015 -0.7166933648473068
220 1.0002600094694523 -0.00010051767539240514 -0.3418618768745994 0.00010051767539240514 1.0002600094694523 -0.2615263106139266
221 1.0002917522829704 -9.647670562936767e-05 -0.3516123348370669 9.647670562936767e-05 1.0002917522829704 -0.3258423682948424
222 1.0002127959658742 -1.304013041820661e-05 -0.42313610330354806 1.304013041820661e-05 1.0002127959658742 -0.31420412997002783
223 1.0002946733662492 -1.7563509758170938e-05 -0.4875836500950204 1.7563509758170938e-05 1.0002946733662492 -0.5097575516421884
224 1.000641391798517 -5.81186643467224e-05 -0.8691016082667257 5.81186643467224e-05 1.000641391798517 -0.9104480198804392
225 1.0002935443741299 6.565919203750717e-05 -0.4805203221195326 -6.565919203750717e-05 1.0002935443741299 -0.36320789847276186
226 1.0002325859290675 0.0001156520461035561 -0.39131483685182256 -0.0001156520461035561 1.0002325859290675 -0.2949567826039952
227 1.0002019111472282 9.042509345454162e-05 -0.4325020544900613 -9.042509345454162e-05 1.0002019111472282 -0.38793115772545084
228 1.0002548079032731 0.00010164608825658883 -0.4455533731592868 -0.00010164608825658883 1.0002548079032731 -0.3815499212074575
229 1.0005220591905928 0.0006213205659664524 -1.3312876461514263 -0.0006213205659664524 1.0005220591905928 -0.4679507814392907
230 1.0007999431899968 0.00018827069452170136 -1.0260793019479997 -0.00018827069452170136 1.0007999431899968 -0.8201814487631207
231 1.000521797708638 0.00020918700557636186 -0.9432090627855216 -0.00020918700557636186 1.000521797708638 -0.5583684037516828
232 1.0005768808641458 0.00019513144907184321 -0.9671128032522239 -0.00019513144907184321 1.0005768808641458 -0.5126329565131483
233 1.0004899520228765 0.00019716643371063612 -0.9764240492265592 -0.00019716643371063612 1.0004899520228765 -0.41470864376533156
234 1.0008976945383916 0.00041711511873247613 -1.8364730735147294 -0.00041711511873247613 1.0008976945383916 -0.9012823767570399
235 1.000745465420132 0.0003131014987443049 -1.1655047380459764 -0.0003131014987443049 1.000745465420132 -0.7305651333203236
236 1.0006632906771475 0.0002789441683652969 -1.19176360276858 -0.0002789441683652969 1.0006632906771475 -0.6352964763030491
237 1.0005407601980547 0.00017015409095304918 -1.1017747049654742 -0.00017015409095304918 1.0005407601980547 -0.5812976479688452
238 1.0005441907305943 0.00017920906079395814 -1.1327537578923872 -0.00017920906079395814 1.0005441907305943 -0.6331898727156929
239 1.0005094860232724 0.0002295645390859839 -1.1138845099242576 -0.0002295645390859839 1.0005094860232724 -0.5836725789749857
240 1.0009537591494193 0.0003320241474607057 -1.8693841657012116 -0.0003320241474607057 1.0009537591494193 -0.9609996664372352
241 1.0006602457332032 0.00019205254309689153 -1.0923779900951711 -0.00019205254309689153 1.0006602457332032 -0.6319468939095185
242 1.0006202717056147 0.00025392221841673285 -1.1599470227629163 -0.00025392221841673285 1.0006202717056147 -0.6751684261103272
243 1.0006302842218313 0.00024724778656409264 -1.121456412946034 -0.00024724778656409264 1.0006302842218313 -0.6664497385689954
244 1.0006376339998548 0.00022299267537824826 -0.9610333526686369 -0.00022299267537824826 1.0006376339998548 -0.5436824719397196
245 1.0014509240328633 0.0002845777145643615 -1.290338871750252 -0.0002845777145643615 1.0014509240328633 -1.1413089526387452
246 1.0007863921225546 0.00014468354872476135 -0.34565862083878574 -0.00014468354872476135 1.0007863921225546 -0.7032514698056229
247 1.0007404213226592 0.0001406192777723566 -0.23212896940730066 -0.0001406192777723566 1.0007404213226592 -0.6977453695470962
248 1.000769973936886 -3.4475424130321424e-06 -0.07575748570687524 3.4475424130321424e-06 1.000769973936886 -0.64103798738319
249 1.0008452545878639 -1.026155890223485e-05 0.002065196105997473 1.026155890223485e-05 1.0008452545878639 -0.6836174886415435
250 1.001653987984388 3.7882375766940615e-05 -0.03039451260974136 -3.7882375766940615e-05 1.001653987984388 -1.4006876079193584
251 1.000744103259567 -3.314349881993494e-05 -0.14505284826042175 3.314349881993494e-05 1.000744103259567 -0.7515145317676705
252 1.0007958320846566 9.441608356780555e-05 -0.10661522189101559 -9.441608356780555e-05 1.0007958320846566 -0.6762734672814412
253 1.0007943835715887 4.372633001355177e-05 -0.0407933661873493 -4.372633001355177e-05 1.0007943835715887 -0.7235113525957393
254 1.0007574596232238 -4.6164295857853204e-05 0.08089600093941239 4.6164295857853204e-05 1.0007574596232238 -0.671604599617585
255 1.0017819398563332 -9.902934943889003e-05 0.44485282374322893 9.902934943889003e-05 1.0017819398563332 -1.7602008660639628
256 1.0010229396592984 -6.760559011088393e-05 0.296173219745094 6.760559011088393e-05 1.0010229396592984 -0.869255892332763
257 1.0008442560048627 -0.00013424942419632972 0.41841183473631327 0.00013424942419632972 1.0008442560048627 -0.8270894088669909
258 1.0009519152686244 -7.961498324323061e-05 0.12733556690650416 7.961498324323061e-05 1.0009519152686244 -0.941341210499065
259 1.0009813862639898 -0.00012492102261391173 0.21670991901087638 0.00012492102261391173 1.0009813862639898 -0.8549269498006475
260 1.0018780759245045 -0.0002636106420567822 0.43349753420915155 0.0002636106420567822 1.0018780759245045 -1.6751305541468293
261 1.0010414159915515 -0.00013160166505153467 0.12843996692980172 0.00013160166505153467 1.0010414159915515 -0.8911709975004005
262 1.0009905936918704 -5.4170960848452084e-05 0.12194635299879542 5.4170960848452084e-05 1.0009905936918704 -0.8798769484549841
263 1.0011213199669373 -0.0001092854640995255 -0.012368622700355918 0.0001092854640995255 1.0011213199669373 -1.0085799570758676
264 1.001118954219168 -0.00011531374370994316 -0.06401470802399323 0.00011531374370994316 1.001118954219168 -1.0594462140641454
265 1.0013259342334682 -0.00044082142745920485 0.6647965854358527 0.00044082142745920485 1.0013259342334682 -1.4973713953417123
266 1.001396642752294 -0.00018241724331103108 -0.3654445043141773 0.00018241724331103108 1.001396642752294 -1.31070434005436
267 1.0012577560988383 -0.00011314464172995337 -0.4769813776505085 0.00011314464172995337 1.0012577560988383 -1.1547012740339202
268 1.0005853402795566 1.0988746357967533e-05 0.25239818375479595 -1.0988746357967533e-05 1.0005853402795566 -0.41768384243534445
269 1.0005341712206033 0.00024527094497656647 0.00877822429408962 -0.00024527094497656647 1.0005341712206033 0.27040608309374964
270 1.0004483958500967 -0.00013637945618868273 0.5578441609512692 0.00013637945618868273 1.0004483958500967 -0.07601776917133486
271 1.0007360704434645 -0.00010409759111739303 -0.06269738504032768 0.00010409759111739303 1.0007360704434645 0.21491810482539864
272 1.000803013758735 -0.0011926941478645804 0.817763986473261 0.0011926941478645804 1.000803013758735 -0.5089531424526167
273 1.0000781872265045 -0.00034194243511456203 0.5068247264302129 0.00034194243511456203 1.0000781872265045 0.19877503412645714
274 1.0000377748705847 -0.0006295839226459751 0.8202080569764552 0.0006295839226459751 1.0000377748705847 0.18450744772173727
275 1.0006679328066477 -0.00034016224550448894 0.40329970849597596 0.00034016224550448894 1.0006679328066477 -0.5708219853934057
276 1.0002691665038836 -0.0005118617349658145 0.35260698488682923 0.0005118617349658145 1.0002691665038836 -0.06538175142058357
277 1.0004019277232301 -0.0006312524086950127 0.5928941398122303 0.0006312524086950127 1.0004019277232301 -0.368760883972873
278 1.0000686293794911 -0.00033386003623985184 0.5135425404479756 0.00033386003623985184 1.0000686293794911 -0.08879822852975859
279 1.0001351659818785 -0.00019582746962636103 0.2950762682049879 0.00019582746962636103 1.0001351659818785 -0.22944157897317205
280 0.9989283275854604 -2.160468027811367e-05 1.1709009190196407 2.160468027811367e-05 0.9989283275854604 0.31091126452795714
281 0.9996912920807924 0.00029671346320046853 0.15358086198279697 -0.00029671346320046853 0.9996912920807924 0.14256589998720548
282 0.9996412930622801 -4.351054378335661e-05 0.42512529922030423 4.351054378335661e-05 0.9996412930622801 -0.20409670785517497
283 0.9994560122106603 7.515883603019535e-05 0.4718035377604286 -7.515883603019535e-05 0.9994560122106603 -0.16143081610642224
284 0.998971413355856 0.0003703512454183943 0.5338279070190768 -0.0003703512454183943 0.998971413355856 0.33464626203679104
285 0.9989691107142783 0.0007360951965832543 -0.3977037743725375 -0.0007360951965832543 0.9989691107142783 0.40786930569971735
286 0.9996307651747536 0.00051020078524581 -0.3177964442565459 -0.00051020078524581 0.9996307651747536 -0.2644574533429454
287 0.9998362019980173 0.001957876560305988 -1.4304381251172726 -0.001957876560305988 0.9998362019980173 0.022825760097067993
288 0.9996918048860345 0.0007772674902971359 -0.2813764863831705 -0.0007772674902971359 0.9996918048860345 -0.6222575592374321
289 0.9995521362216123 0.001571633881931611 -1.048579899788764 -0.001571633881931611 0.9995521362216123 -0.23704625552406347
290 0.9978197433889499 0.00043965344406240894 1.6015714793109073 -0.00043965344406240894 0.9978197433889499 1.6055803832844524
291 0.9989446704359499 0.00033419478924825785 0.9320101153686617 -0.00033419478924825785 0.9989446704359499 0.36683581783234165
292 0.9992671084528849 0.00018323162951920115 0.3907548651621543 -0.00018323162951920115 0.9992671084528849 0.23205083532300286
293 0.9993703027475331 0.0006857361183540911 0.18635975991016465 -0.0006857361183540911 0.9993703027475331 0.2105992630388385
294 0.9993965096763405 0.0002164854297777139 0.7017766339946157 -0.0002164854297777139 0.9993965096763405 0.22199812905637337
295 0.9988512802244195 8.891364326313696e-05 1.7814242923603545 -8.891364326313696e-05 0.9988512802244195 0.554861425425693
296 0.9992915598898829 0.0007195097420320159 0.46216413195616696 -0.0007195097420320159 0.9992915598898829 -0.2554332027873002
297 0.9991948629326075 0.0005101464785240114 0.6878446800253937 -0.0005101464785240114 0.9991948629326075 -0.6200711658095233
298 0.9994853574215854 0.0005302790011066452 0.5278966272172728 -0.0005302790011066452 0.9994853574215854 -0.4655568052798804
299 0.9990253166791725 0.0005036140154349927 0.9889955065081314 -0.0005036140154349927 0.9990253166791725 -0.20448060861199488
300 0.9985073517887951 0.0007993761960468859 0.2241245872183315 -0.0007993761960468859 0.9985073517887951 1.14592407601133
301 0.9993913381810667 0.0008934490631509082 -0.36745118992686604 -0.0008934490631509082 0.9993913381810667 0.42068262392859807
302 0.9992993159504439 0.0013168308425967942 -0.5130038303322806 -0.0013168308425967942 0.9992993159504439 0.2811079573940704
303 0.998926478029642 0.0012577111506953404 -0.343149720912276 -0.0012577111506953404 0.998926478029642 0.5051221029293028
304 0.9989767182743965 0.0007825419380811035 0.4254327216631105 -0.0007825419380811035 0.9989767182743965 0.08822865144955339
305 0.9981412172450949 0.00010992532720329395 1.5854245486561662 -0.00010992532720329395 0.9981412172450949 1.2620004741007116
306 0.9986410245430507 4.43877983260755e-05 1.1684028607541355 -4.43877983260755e-05 0.9986410245430507 -0.394033019070526
307 1.0008424666136084 0.0012482345794747303 -1.4754931061058658 -0.0012482345794747303 1.0008424666136084 -1.376589231651206
308 1.0004814603590864 0.0015767427915413786 -1.7562411111555039 -0.0015767427915413786 1.0004814603590864 -0.6198358246389061
309 1.0006658963754833 0.00036144729725563524 -1.280973736152994 -0.00036144729725563524 1.0006658963754833 -0.8167428257270473
310 0.9996980251505203 -0.00041823226549609705 -0.02825791034519385 0.00041823226549609705 0.9996980251505203 -0.0803900694183784
311 0.99991156667862 -0.0002977387362889248 0.08560069855656681 0.0002977387362889248 0.99991156667862 0.6506153912037471
312 0.9997359418289385 -0.00013037198459678166 0.39240110931872163 0.00013037198459678166 0.9997359418289385 1.6383584489520724
313 0.9998815490536996 -0.0008858953472409017 0.8067991020085875 0.0008858953472409017 0.9998815490536996 0.5979431906026837
314 1.0000590935945421 -0.0007872591188116918 0.567538208603986 0.0007872591188116918 1.0000590935945421 0.2713294427613014
315 0.999440370532599 -0.00041778742646278016 0.10799735496123396 0.00041778742646278016 0.999440370532599 0.2248670006208234
316 1.0001036139070927 0.0003770336226192334 -0.7637853866801338 -0.0003770336226192334 1.0001036139070927 -0.7744292041248868
317 1.0001681620795382 0.0006213220497219297 -0.9028344547416584 -0.0006213220497219297 1.0001681620795382 -0.8180484052361308
318 1.0002650949213951 0.00174020786132134 -2.294532721684107 -0.00174020786132134 1.0002650949213951 -0.012014337237158501
319 1.0009389187711992 -0.0001197970317804851 -0.8442495865718613 0.0001197970317804851 1.0009389187711992 -0.7064925901157909
320 0.9986583333258335 0.0002547691973489814 -0.6157938532175046 -0.0002547691973489814 0.9986583333258335 1.9961594231648059
321 1.0000201054872224 -0.00037967833503251317 -0.023356499970327325 0.00037967833503251317 1.0000201054872224 0.49795470601869524
322 1.0001693467190746 -0.0004466952272919975 -0.14962575929237942 0.0004466952272919975 1.0001693467190746 0.5742624069681189
323 0.9999010733806356 -0.0005907302006939146 -0.13023079220007153 0.0005907302006939146 0.9999010733806356 0.8864003057129884
324 1.0000271971799077 5.590024581210353e-05 -0.6657309885698237 -5.590024581210353e-05 1.0000271971799077 1.846845765528963
325 1.000117057432299 -0.000883091499934631 0.41208834961785984 0.000883091499934631 1.000117057432299 1.2306223941625551
326 1.0004332370145916 2.2167342659237546e-05 -1.110798293372185 -2.2167342659237546e-05 1.0004332370145916 2.3194250738950526
327 0.9996747150244883 -0.0012495062458140094 0.6370164885521927 0.0012495062458140094 0.9996747150244883 1.7238854025547505
328 0.9998335749423308 -0.0011254892437460985 0.7378680812434224 0.0011254892437460985 0.9998335749423308 0.7683388475272507
329 0.9996964171334104 -0.0007204165600774847 0.7988020124347056 0.0007204165600774847 0.9996964171334104 0.6758401619118369
330 1.000487162517895 -0.0008497539047919204 1.3895943751605002 0.0008497539047919204 1.000487162517895 -0.5132800510667908
331 1.0003907151119107 -0.0006144116465967784 0.8770448297262184 0.0006144116465967784 1.0003907151119107 -0.8746329295675952
332 1.0002804565964145 -0.000599412418696021 0.9469137926775728 0.000599412418696021 1.0002804565964145 -0.7215988925715418
333 1.0001813540709281 -0.0005236884622407385 0.9125161006498034 0.0005236884622407385 1.0001813540709281 -0.4977351563833716
334 1.0002093919034734 -0.0002568540139880074 0.3194533351356192 0.0002568540139880074 1.0002093919034734 -0.5367821340291195
335 1.0004041064308993 0.000441358006532609 -0.6887410095453899 -0.000441358006532609 1.0004041064308993 -1.1245733431168738
336 1.0002262834224676 0.00012223492672634015 -0.25657802663544704 -0.00012223492672634015 1.0002262834224676 -0.7059356887252588
337 1.0002825303158682 0.0005650538470195719 -0.8508036141054194 -0.0005650538470195719 1.0002825303158682 -0.3160429192570936
338 1.0001507873949604 0.0006603725505611086 -0.7072015919139474 -0.0006603725505611086 1.0001507873949604 -0.09351438114454558
339 1.0003720312251752 0.0002894301044484454 -0.23696437528219758 -0.0002894301044484454 1.0003720312251752 -0.4391528796303668
340 1.000199879053428 -9.631794900898712e-05 0.23829788444917124 9.631794900898712e-05 1.000199879053428 -0.668152511452589
341 0.9998574083578238 7.603065070488418e-05 0.5609003251448168 -7.603065070488418e-05 0.9998574083578238 -0.30174302914137435
342 1.000304856103011 0.00012833500396061356 0.5346263218617207 -0.00012833500396061356 1.000304856103011 -0.9356728628201392
343 1.0001554243651176 0.0001368069100884799 0.6580817058479095 -0.0001368069100884799 1.0001554243651176 -0.727838184454502
344 1.0013091346594032 -0.0001583050370881812 0.6282075601453964 0.0001583050370881812 1.0013091346594032 -1.562061849642914
345 1.0007965813981057 -0.0003629256757673374 1.6006637991217403 0.0003629256757673374 1.0007965813981057 -0.7050369560826464
346 1.0011597563863501 -0.00015301982661340338 0.17858513478501248 0.00015301982661340338 1.0011597563863501 -0.9146249419033938
347 1.0003510353702556 -0.00042399135412647773 1.3792488553581568 0.00042399135412647773 1.0003510353702556 -0.5489626225955353
348 1.0001336886390182 -0.00037056450360359815 1.6183267224610156 0.00037056450360359815 1.0001336886390182 -0.42720309302370213
349 1.0001199416404556 -0.000615936574659017 1.3510305209934033 0.000615936574659017 1.0001199416404556 -0.33191837707879296
350 1.001464706616472 -0.0007667268274962542 1.242205858703331 0.0007667268274962542 1.001464706616472 -1.5542645629321248
351 1.0003035907906568 4.856509233199766e-05 0.3464523168618755 -4.856509233199766e-05 1.0003035907906568 -0.2928955697001685
352 1.0000467111213605 8.31221418263668e-05 0.27504956723982044 -8.31221418263668e-05 1.0000467111213605 0.10391857246588518
353 1.000203753420592 6.542005150468553e-05 0.19462744988093614 -6.542005150468553e-05 1.000203753420592 -0.0058288525300102135
354 1.0003083777831943 -4.609684000358473e-05 0.09239453717066853 4.609684000358473e-05 1.0003083777831943 -0.19552864829567174
355 1.000009908790596 0.0003325944387371554 -0.7327429182763626 -0.0003325944387371554 1.000009908790596 0.23879154577284645
356 1.0000206557506524 0.00016346886746465897 -0.6404244066032789 -0.00016346886746465897 1.0000206557506524 0.14434506266069866
357 0.9999988208459395 0.00019574444158769198 -0.6832072278800476 -0.00019574444158769198 0.9999988208459395 0.10406786593674289
358 1.0000974147132133 2.6000084540922367e-05 -0.3368805991627278 -2.6000084540922367e-05 1.0000974147132133 0.00106206025910216
359 1.0002054464855625 7.747070924695364e-05 -0.4360880919608924 -7.747070924695364e-05 1.0002054464855625 -0.10485675365153631
360 0.9995003287395151 0.0007701103089338282 -1.9453707833142238 -0.0007701103089338282 0.9995003287395151 0.8947083302576266
361 0.9998929151644279 4.8957215636874885e-05 -0.606221038997246 -4.8957215636874885e-05 0.9998929151644279 -0.3232522776097844
362 1.0001711228864227 0.0002691702351102008 -0.8793874279615462 -0.0002691702351102008 1.0001711228864227 -0.45375599259167926
363 1.0004416280908677 -8.408333489505872e-06 -0.5508189612990959 8.408333489505872e-06 1.0004416280908677 -0.5903392948526988
364 1.0000396227605979 0.0001498404606943267 -0.5329500026043479 -0.0001498404606943267 1.0000396227605979 0.01791350185444357
365 0.9994701655693057 0.00048140032697333403 -1.3279976957290587 -0.00048140032697333403 0.9994701655693057 0.43593222498845907
366 1.0000471112231915 0.0003141914698666353 -0.6951995094806193 -0.0003141914698666353 1.0000471112231915 -0.15093038205180984
367 0.9998834612085459 0.0002819963952436819 -0.8191773523725117 -0.0002819963952436819 0.9998834612085459 0.10889506791296931
368 0.999685226345763 0.00022561613933553399 -0.5897286401047132 -0.00022561613933553399 0.999685226345763 0.25537555400210377
369 0.9998964819350761 0.00024665422020376447 -0.5201261098132599 -0.00024665422020376447 0.9998964819350761 0.18637014296460466
370 0.9997389296922972 1.0255064946603979e-05 -0.36399212339563336 -1.0255064946603979e-05 0.9997389296922972 0.10385686004094882
371 0.9996915570464683 -0.0004393860528659173 0.1627615554481472 0.0004393860528659173 0.9996915570464683 0.3724807091764195
372 0.9999312594473652 -0.00030282739613083796 0.03610956291722882 0.00030282739613083796 0.9999312594473652 0.14434843365663297
373 0.9997015269140976 -0.0001656893122180731 -0.0647846068832642 0.0001656893122180731 0.9997015269140976 0.2933097624554265
374 0.9996972540911898 0.0002583774023336506 -0.6785066296581839 -0.0002583774023336506 0.9996972540911898 0.2635581017713515
375 0.9980886002179707 0.0005814280306946928 -0.8272619576091769 -0.0005814280306946928 0.9980886002179707 1.5837607445088395
376 0.9996360050499891 -9.781608502572249e-05 -0.12924797147840483 9.781608502572249e-05 0.9996360050499891 0.46315105293345815
377 0.9993393012695806 1.1760524620334353e-05 -0.05998057503822263 -1.1760524620334353e-05 0.9993393012695806 0.9698408556593315
378 0.998817074232803 -0.0008473644674206948 0.6036682659104633 0.0008473644674206948 0.998817074232803 0.9135008881136537
379 0.9984522901722974 0.00013801189247418446 -0.35855689244649375 -0.00013801189247418446 0.9984522901722974 1.694716747756637
380 0.9998799679894819 0.00017628561193919784 -0.47770763339330347 -0.00017628561193919784 0.9998799679894819 0.13006313760467725
381 0.9960001379831711 -0.002239906498492042 2.5552100735833077 0.002239906498492042 0.9960001379831711 3.514703355629514
382 0.9989538068561731 -9.485575451042595e-05 0.03612693277766299 9.485575451042595e-05 0.9989538068561731 1.8348284790572071
383 0.9997017056056053 -0.0005852749907370503 0.15177089639164082 0.0005852749907370503 0.9997017056056053 0.45077439670463865
384 1.0000140892137939 0.00020008972409931743 -0.8275514666932337 -0.00020008972409931743 1.0000140892137939 -0.30792671872905886
385 0.9997182650143519 0.0004928030531346998 -0.9803531835338977 -0.0004928030531346998 0.9997182650143519 -0.125725018873323
386 1.000174649925144 0.0007054467960219238 -0.9437657584517062 -0.0007054467960219238 1.000174649925144 -0.32662977150659345
387 1.001266168838958 0.0008475301507567094 -1.1484117437342394 -0.0008475301507567094 1.001266168838958 -1.789613668989165
388 1.000449242247978 0.00045012623770042674 -0.3020814069796026 -0.00045012623770042674 1.000449242247978 -0.8361028271564165
389 1.000384779476464 3.102922691969193e-05 0.4804380144621303 -3.102922691969193e-05 1.000384779476464 -0.5779263193670119
390 0.9999315249422457 -0.0003119072750353282 0.2744637122314958 0.0003119072750353282 0.9999315249422457 0.14477715147710443
391 1.0000811907115579 -0.00012443363813581014 0.2423943206078598 0.00012443363813581014 1.0000811907115579 0.12818548669436083
392 0.9999481091296079 -0.0007688975471888632 0.7588378319259487 0.0007688975471888632 0.9999481091296079 0.41829605536291065
393 1.0007747535395706 7.873414864977425e-06 -0.5087423604178811 -7.873414864977425e-06 1.0007747535395706 -0.5320408719375787
394 1.0005778928712294 -0.0005144745159512187 0.11397062085850379 0.0005144745159512187 1.0005778928712294 -0.8803795295527476
395 1.0000396586688751 0.0004052495623168035 -0.6573606886348171 -0.0004052495623168035 1.0000396586688751 -0.4020472394763153
396 0.9985732304875551 0.0004166060236109173 -0.3145227544060348 -0.0004166060236109173 0.9985732304875551 1.4675633528843464
397 0.9995704102255467 0.00047495074731694197 -0.738796454567701 -0.00047495074731694197 0.9995704102255467 0.7368077911865079
398 0.9989726593676559 0.00022231542185568412 -0.04777211311784606 -0.00022231542185568412 0.9989726593676559 1.1355995372098275
399 0.9993631012980614 -0.00012616223900296193 1.9093720615981358e-05 0.00012616223900296193 0.9993631012980614 0.22863504994975603
400 0.999682569661608 0.0002934748241518296 -0.39205081882086723 -0.0002934748241518296 0.999682569661608 0.35821039647485925
401 1.0000775251285217 -0.0007055700819263233 0.16345422117180486 0.0007055700819263233 1.0000775251285217 0.005742156841706654
402 1.000314011620168 -0.000270142655081581 -0.7870670891340824 0.000270142655081581 1.000314011620168 0.0005493427103916287
403 1.0003856718147626 -5.2093875112845705e-05 -0.8944264334404282 5.2093875112845705e-05 1.0003856718147626 0.053775264933480615
404 1.0008025801782585 0.0003852798997886164 -1.5814882143944036 -0.0003852798997886164 1.0008025801782585 -0.12083118539116698
405 1.0001304187056543 -0.0004340769836267182 -0.0036974183904732727 0.0004340769836267182 1.0001304187056543 0.27437659306878937
406 0.9995967835776933 -0.0008067775070984546 0.678233668318045 0.0008067775070984546 0.9995967835776933 0.7454194216108828
407 1.0000154336610905 0.0005741726588156281 -0.46986710801307363 -0.0005741726588156281 1.0000154336610905 0.4111462059132553
408 0.9995775096261693 0.0012700972012466617 -0.7909501092915794 -0.0012700972012466617 0.9995775096261693 1.1329455965295834
409 1.0000377778021918 -0.0007832906947773386 1.3906242058731815 0.0007832906947773386 1.0000377778021918 0.5921921654137471
410 1.000581111698796 -0.0012670695032890068 0.5829904423720984 0.0012670695032890068 1.000581111698796 0.1170664298341404
411 0.9995937462648548 -0.0012114640006683519 1.4299886125895689 0.0012114640006683519 0.9995937462648548 1.499866121922886
412 1.0005001580948096 -0.000673533857633475 0.2561732823258244 0.000673533857633475 1.0005001580948096 -0.24685085042048502
413 1.0005175281016394 0.00022290212423171286 -0.4641698532939263 -0.00022290212423171286 1.0005175281016394 -0.5152266996827993
414 1.000889408099881 0.00040596019688691814 -0.6140701969781903 -0.00040596019688691814 1.000889408099881 -1.0308476112836666
415 1.0002027243106506 -3.234736531924345e-05 0.24692200290889943 3.234736531924345e-05 1.0002027243106506 -1.1386369602436912
416 1.0001671308353104 5.484984061361598e-05 0.03589233561294651 -5.484984061361598e-05 1.0001671308353104 -0.5098311919865619
417 1.0002106567958269 0.000769430085864409 -0.641280521449682 -0.000769430085864409 1.0002106567958269 -0.06599638670515809
418 1.0008553570287202 3.7491426029461245e-05 -0.4718566682738072 -3.7491426029461245e-05 1.0008553570287202 -0.8471681954720872
419 1.0007330185316174 -0.0007097770875568866 1.2717895158479453 0.0007097770875568866 1.0007330185316174 -0.8188899745283945
420 1.000407955646882 -1.064906872790052e-05 0.2698188301736868 1.064906872790052e-05 1.000407955646882 0.1264028501291906
421 0.9999187958673471 -0.00027439545849403693 0.5798820891705757 0.00027439545849403693 0.9999187958673471 0.2139929242775119
422 0.9997011389265319 -0.0005757082175527558 0.7764364809798232 0.0005757082175527558 0.9997011389265319 0.32779698191268614
423 0.9993067622891207 -0.0007149812056310006 1.1302264603856047 0.0007149812056310006 0.9993067622891207 0.622713137560251
424 1.0001539353154105 -0.0008289775097269477 0.8051627252788989 0.0008289775097269477 1.0001539353154105 -0.03809074444646844
425 1.0000660406093465 -0.000347689572731496 0.7040379119795064 0.000347689572731496 1.0000660406093465 -0.24457357599915244
426 1.0014365924985402 0.0001626662153191877 -0.6728465059568441 -0.0001626662153191877 1.0014365924985402 -1.6657292285963314
427 0.9999028068547956 -2.775922492451904e-05 0.26384337557454385 2.775922492451904e-05 0.9999028068547956 -0.4280074253092633
428 0.9997827632118198 -0.0005594633019833065 0.8619429264431021 0.0005594633019833065 0.9997827632118198 -0.6687549577769666
429 1.000032532169579 -0.00034531448266562805 0.5419915050469718 0.00034531448266562805 1.000032532169579 -0.6799143544934593
430 1.000114257706435 0.001228738315540096 -0.8502749867703663 -0.001228738315540096 1.000114257706435 -0.20844623733277667
431 1.0000357784187743 0.0002430213728800313 0.10584255230513373 -0.0002430213728800313 1.0000357784187743 0.25068212358399555
432 0.9997108959530738 0.00012248518122606565 0.41311736801874943 -0.00012248518122606565 0.9997108959530738 0.3273225198063839
433 0.9993110724753175 -0.00011608742476944099 0.7857832460667582 0.00011608742476944099 0.9993110724753175 0.817866755375051
434 0.9999924186534322 -0.00011035175991368515 0.2333733930349065 0.00011035175991368515 0.9999924186534322 0.5962307562832572
435 0.9997735957625683 -0.000810958049720486 1.1931442369406797 0.000810958049720486 0.9997735957625683 0.015963640491849757
436 1.000156428491284 -0.0009307021157421431 1.4780177165078812 0.0009307021157421431 1.000156428491284 0.5503572653425381
437 1.0006383413376227 -0.0015364725069466252 0.955409494572721 0.0015364725069466252 1.0006383413376227 -0.3085200624183212
438 1.0001804017660387 -0.00032764641743737835 0.26032561851581004 0.00032764641743737835 1.0001804017660387 0.49967262605977464
439 1.0005265886812102 -0.0007128855937042816 0.5637564607359424 0.0007128855937042816 1.0005265886812102 -0.6170663052022252
440 1.0005742815105265 0.0006303389913764895 -0.7101751051730701 -0.0006303389913764895 1.0005742815105265 0.0936427953285614
441 1.0006108838513514 -0.00036478258607793035 0.655921516557972 0.00036478258607793035 1.0006108838513514 0.2266139707723365
442 1.0010540052518533 -0.00012896170634329522 -0.5614607688824704 0.00012896170634329522 1.0010540052518533 -0.678895885240999
443 1.0015239737036121 -0.0009121705741060372 -0.09903141813422706 0.0009121705741060372 1.0015239737036121 -1.4763462530982974
444 1.0004715881167812 -0.00053640016709245 0.3714872956063254 0.00053640016709245 1.0004715881167812 -0.32872456429871344
445 1.0004576166041188 -0.0004509078211830979 0.05166236059911637 0.0004509078211830979 1.0004576166041188 -0.15944030705998233
446 1.0007838747254885 -0.0009143775528743649 1.0902546984427792 0.0009143775528743649 1.0007838747254885 0.37697161031636117
447 1.0003986109531713 -4.918926920219075e-05 -0.534370727827191 4.918926920219075e-05 1.0003986109531713 0.652738124240396
448 0.9999014999435756 -0.0008319960219300269 0.7670114755282396 0.0008319960219300269 0.9999014999435756 1.0469700505335264
449 1.0000560090322979 1.6508198024037545e-05 -0.22482109443691195 -1.6508198024037545e-05 1.0000560090322979 1.0240138961325098
450 0.9998385562970937 0.0003113712093734601 -0.20610774329754775 -0.0003113712093734601 0.9998385562970937 1.5303380754219988
451 1.0000224976090628 -0.000854744251140095 0.9362671961950647 0.000854744251140095 1.0000224976090628 1.121541352179092
452 0.9998461099174264 -0.000893951452851164 0.9570245370520013 0.000893951452851164 0.9998461099174264 1.0627165049392275
453 0.9998705411326534 -0.0005728266927233995 0.8358889609735956 0.0005728266927233995 0.9998705411326534 0.9821349105076591
454 1.000489133728397 -0.0006235401594657382 0.6912629866606717 0.0006235401594657382 1.000489133728397 0.3700604484600305
455 1.0007592555873157 -0.0016957071602577362 1.532411302722605 0.0016957071602577362 1.0007592555873157 -0.49670365964486374
456 1.0001911349013641 -0.0009215054765292077 1.215573891279008 0.0009215054765292077 1.0001911349013641 1.2804107273177083
457 0.9999369676594054 -0.0004498157035419787 0.8903555949082307 0.0004498157035419787 0.9999369676594054 0.8350856086206022
458 0.9995587911225935 -0.0005163248569522767 0.9449433718906675 0.0005163248569522767 0.9995587911225935 0.6045590282966746
459 0.9999338139383855 -0.00026315291253720433 0.33374127688391725 0.00026315291253720433 0.9999338139383855 0.17585081784235285
460 1.0001167832174112 -0.00032285360808678146 0.33409277833509604 0.00032285360808678146 1.0001167832174112 -0.07721470725451673
461 0.9998256738512205 -0.00010137198063155177 0.13441612160907512 0.00010137198063155177 0.9998256738512205 0.7545157709191339
462 1.0004291676923949 0.00013389940339458796 -0.44792997647890775 -0.00013389940339458796 1.0004291676923949 -0.5507953635383518
463 1.0001119458802774 -0.0003568141095205246 0.30137377827559264 0.0003568141095205246 1.0001119458802774 -0.316900762607062
464 1.0003995476385195 -0.00026245888670880824 0.059261486739689895 0.00026245888670880824 1.0003995476385195 -0.673032751251127
465 0.9999552776478488 -0.00021809298640919055 -0.01793191600539945 0.00021809298640919055 0.9999552776478488 0.09902362629518481
466 1.0001072779832139 0.00019956473562533124 -0.2081958271626912 -0.00019956473562533124 1.0001072779832139 0.21673318441110895
467 1.000138307594229 0.0005339901806191349 -0.330723394191564 -0.0005339901806191349 1.000138307594229 0.2001248745385468
468 1.0000971174043423 0.00011543828831717725 -0.05460233714093157 -0.00011543828831717725 1.0000971174043423 -0.06103349874107866
469 1.0000419424050355 -6.91386591589513e-05 0.13838084563645586 6.91386591589513e-05 1.0000419424050355 -0.0644294508072265
470 1.0006937424867377 -0.0006047008003379799 0.12171162755065762 0.0006047008003379799 1.0006937424867377 -0.7765867561228159
471 0.9998191098974899 0.0006446686576118023 -0.567578067539324 -0.0006446686576118023 0.9998191098974899 0.16644274722891322
472 1.000123934685804 0.0010777669500977322 -1.2341610210008116 -0.0010777669500977322 1.000123934685804 -0.5466183328267925
473 1.000138900674667 7.918961435632337e-05 -0.3510311209537634 -7.918961435632337e-05 1.000138900674667 -0.6639718186471166
474 0.9998385919046371 0.0004243960674308384 -0.6243110580750441 -0.0004243960674308384 0.9998385919046371 -0.581973674038712
475 0.9995183600152152 0.00016041514772134992 -0.21033036546910255 -0.00016041514772134992 0.9995183600152152 0.37779553170857605
476 0.999211214631927 -0.0001265673605209055 -0.5413252378085498 0.0001265673605209055 0.999211214631927 1.5452509514371773
477 0.999621508821191 2.4011744588046748e-05 -0.34442767038856814 -2.4011744588046748e-05 0.999621508821191 0.4608821165210303
478 0.9998332459524082 9.921636951070335e-05 -0.07106183637389929 -9.921636951070335e-05 0.9998332459524082 -0.18749283687299345
479 0.9997336412476533 0.00015669385637360236 -0.1939493403642589 -0.00015669385637360236 0.9997336412476533 0.17979732634455126
480 0.9996676624500581 0.00027336974894056867 -0.45446425753059994 -0.00027336974894056867 0.9996676624500581 0.1697659464180635
481 0.999548653036467 0.00019341939005665458 -0.49850285089307284 -0.00019341939005665458 0.999548653036467 0.36013998449900575
482 1.000099703004013 0.00010414636690362046 -0.32400645817365753 -0.00010414636690362046 1.000099703004013 -0.3619307884056241
483 0.9999790624841278 0.00020997647831180646 -0.4994121127947413 -0.00020997647831180646 0.9999790624841278 -0.2405956057054511
484 0.9999300863998929 8.388014145087646e-05 -0.3529503508492387 -8.388014145087646e-05 0.9999300863998929 -0.27354216921250296
485 0.9996556207869988 0.00018592118659345927 -0.5432731671524056 -0.00018592118659345927 0.9996556207869988 0.17333724647013324
486 0.9996596208729788 0.00013630619107508917 -0.8932734343748706 -0.00013630619107508917 0.9996596208729788 0.7185557757020219
487 0.9994887054934295 -0.000334165582229381 -0.21400956568653245 0.000334165582229381 0.9994887054934295 0.7770643172341977
488 0.9996832353157314 9.219179484517534e-05 -0.7440886587606523 -9.219179484517534e-05 0.9996832353157314 0.6928605365510113
489 0.9996671379471339 0.00010192964600242924 -0.29956212361242285 -0.00010192964600242924 0.9996671379471339 1.0501451624481906
490 0.9998353830592361 -0.00040765831513723665 -0.14962418210738776 0.00040765831513723665 0.9998353830592361 0.26413798049030945
491 0.9997612192138755 0.0004965180384558464 -1.1109339028649785 -0.0004965180384558464 0.9997612192138755 0.2853138600964116
492 1.0000404639469838 0.00044822652200954814 -1.0426622548918418 -0.00044822652200954814 1.0000404639469838 0.7339236835426713
493 0.9994760553071471 -0.00032331723220973695 -0.2515902765004405 0.00032331723220973695 0.9994760553071471 1.1624535054919187
494 0.9997355702770111 -9.252498658354131e-05 -0.5601636545427425 9.252498658354131e-05 0.9997355702770111 0.5484248287068539
495 1.0000161729535642 -0.0002369988599530766 -0.4260281032873194 0.0002369988599530766 1.0000161729535642 0.1888766379812483
496 0.9998220613374087 0.0001897404599846403 -1.1750287336192629 -0.0001897404599846403 0.9998220613374087 0.3261038103061127
497 0.9994168236977258 0.0005603329397451779 -1.228189352676787 -0.0005603329397451779 0.9994168236977258 0.8743875645983911
498 0.9997701218370768 0.0005973618457933196 -1.056215544022018 -0.0005973618457933196 0.9997701218370768 0.1600400318655325
499 0.9999811719785645 0.000303930493960147 -0.7056819751102018 -0.000303930493960147 0.9999811719785645 -0.06487942296235583
500 0.9999038434166299 0.0009690269270596881 -1.1445471760890804 -0.0009690269270596881 0.9999038434166299 -0.015009968168856247
501 0.9996603039729651 8.32665112209061e-05 -0.3284648278431042 -8.32665112209061e-05 0.9996603039729651 0.21117657484208574
502 1.0001530198013924 0.0008654327793190045 -1.2405630315743426 -0.0008654327793190045 1.0001530198013924 -0.2800335927852762
503 0.9998397950520606 0.00032429079561804787 -0.3491513504953645 -0.00032429079561804787 0.9998397950520606 -0.4496714377407216
504 0.9998335237099988 0.00018325086638851132 -0.6117384347407757 -0.00018325086638851132 0.9998335237099988 -0.059856592687187404
505 0.999938567852631 0.00022427443636064684 -0.6189801424152157 -0.00022427443636064684 0.999938567852631 -0.1806714203582671
506 0.9993532188717451 0.0005299094981380007 -0.772877679911379 -0.0005299094981380007 0.9993532188717451 0.5236582353822121
507 0.999971203512702 0.0002966548910480429 -0.6582646324571191 -0.0002966548910480429 0.999971203512702 0.4478770904348341
508 1.0000349198024743 8.911271479823049e-05 -0.6604202762073026 -8.911271479823049e-05 1.0000349198024743 0.09868229007373755
509 1.0001304333810446 -0.0002146553687874906 -0.1056555522457546 0.0002146553687874906 1.0001304333810446 0.27629036206228863
510 0.9999550896142889 0.000779662960599977 -1.2479200678211873 -0.000779662960599977 0.9999550896142889 0.7546111167802634
511 0.9997448286304446 0.00013469615934012173 -1.1291020206739377 -0.00013469615934012173 0.9997448286304446 0.6150933880163745
512 0.9997778357736923 -0.00019750816888619685 0.14252672826426704 0.00019750816888619685 0.9997778357736923 0.7595302625942036
513 1.0000642894283414 -0.00022325365622766652 0.21487133630878297 0.00022325365622766652 1.0000642894283414 0.4438307220566225
514 1.000074527406667 -0.0007741935594778794 0.49048992873650166 0.0007741935594778794 1.000074527406667 0.10943623434917665
515 0.9999051945776911 -0.00026622441289540506 0.05034504239321268 0.00026622441289540506 0.9999051945776911 -0.010399548473216535
516 0.9989002615009205 -0.00018769499949324964 0.18928274988548385 0.00018769499949324964 0.9989002615009205 1.8227408666238043
517 0.9996126203745556 0.00020234971517194987 0.08359153128341834 -0.00020234971517194987 0.9996126203745556 0.4012418547840899
518 0.9995198143175366 7.380629886181479e-05 0.16387756576271284 -7.380629886181479e-05 0.9995198143175366 0.6028514326710266
519 0.9994277588077968 0.00042987056097850286 0.04822798382105682 -0.00042987056097850286 0.9994277588077968 0.4220681605680366
520 0.9995168108868966 0.0008727775156375549 -0.6879656153330801 -0.0008727775156375549 0.9995168108868966 0.49736561543433566
521 0.9991831448169487 0.0006669002187984881 -0.9774458218571364 -0.0006669002187984881 0.9991831448169487 0.610860331604162
522 0.9993120046344939 0.00047690038888298424 -0.29044770715168444 -0.00047690038888298424 0.9993120046344939 0.5439485616985971
523 0.9996075959619437 0.000554734856698847 -0.7216102735776164 -0.000554734856698847 0.9996075959619437 0.529552095855939
524 0.999997531821506 0.0005607347704290722 -0.8048141640377179 -0.0005607347704290722 0.999997531821506 -0.0364769751320315
525 0.9994661825136137 0.00040379779789389235 -0.4650820428490842 -0.00040379779789389235 0.9994661825136137 0.3591445800159112
526 0.9988149333248331 0.0005043209207726628 -1.0034984242404619 -0.0005043209207726628 0.9988149333248331 0.7422290672973796
527 0.9993985545525458 0.0002911641091864954 -0.5439255440845958 -0.0002911641091864954 0.9993985545525458 -0.07496576308613995
528 0.998244502531956 0.0007135684253762131 -0.43549339643907825 -0.0007135684253762131 0.998244502531956 1.4531548289859617
529 0.9995432358859958 0.00034366764490884196 -0.5549319255904246 -0.00034366764490884196 0.9995432358859958 -0.015123422056594928
530 0.9995015190262375 -3.2587098402109965e-05 -0.17982060783792841 3.2587098402109965e-05 0.9995015190262375 0.1003698848371164
531 0.999289421401449 0.00022737960740275303 -0.4964856511501268 -0.00022737960740275303 0.999289421401449 0.7865971580025377
532 0.9998957082912968 9.35591431908137e-05 -0.4353824603227858 -9.35591431908137e-05 0.9998957082912968 0.5637461940616175
533 0.9999304552950639 -0.00011843903478417242 -0.2511412805282658 0.00011843903478417242 0.9999304552950639 0.569266575537833
534 1.000201273456916 -0.000147740367498952 -0.27552361414976867 0.000147740367498952 1.000201273456916 0.4631427703584641
535 1.0002907533254748 -0.00015210100356749057 -0.18837580454813427 0.00015210100356749057 1.0002907533254748 0.45910486204378764
536 1.0001305762609147 -0.0002274326728340807 0.2071384966286771 0.0002274326728340807 1.0001305762609147 0.41419139899063073
537 1.0005195395766064 -0.00011158654747161142 0.1651277032915314 0.00011158654747161142 1.0005195395766064 -0.07120406292593652
538 1.0002182283359817 -0.0002943509337216382 0.3442473084318516 0.0002943509337216382 1.0002182283359817 0.36592389436436784
539 1.0003053595919815 -0.00032957743647947063 0.24381512495380614 0.00032957743647947063 1.0003053595919815 0.3320030522624925
540 0.9998515219378876 6.420308880928033e-05 -0.07027492778172029 -6.420308880928033e-05 0.9998515219378876 1.185076929795176
541 1.0002084793498156 -5.546846290460151e-05 -0.17107111876462322 5.546846290460151e-05 1.0002084793498156 0.07801035116780883
542 1.0001197899392809 6.527343462290129e-05 -0.05391583533389564 -6.527343462290129e-05 1.0001197899392809 0.07183289183849056
543 1.0001437194794724 -0.00015946924214501953 0.2199262863866107 0.00015946924214501953 1.0001437194794724 -0.2595456511193203
544 1.0002878197133591 7.487625419958084e-05 -0.07157099064082334 -7.487625419958084e-05 1.0002878197133591 -0.23638559515860053
545 1.000230544636132 0.0002278571887826394 -0.2806676952064569 -0.0002278571887826394 1.000230544636132 -0.33019447715001066
546 1.0001871837172474 0.0005034236487769116 -0.3695696578203447 -0.0005034236487769116 1.0001871837172474 0.0373656349206611
547 1.0001447380716595 -4.054779706809462e-05 -0.03178141642760379 4.054779706809462e-05 1.0001447380716595 0.18890154469939194
548 1.0001790490687694 -0.0004800324149266473 0.47477077287773606 0.0004800324149266473 1.0001790490687694 -0.08983690634628866
549 1.0002500792921845 -0.00026629802130831795 0.29440954424676136 0.00026629802130831795 1.0002500792921845 0.06079645240059772
550 1.0006579900213943 -0.00023296476020855724 -0.41301567664770616 0.00023296476020855724 1.0006579900213943 -0.06919162711225432
551 1.0001590456591087 -0.00034290421954936273 0.1552970837854304 0.00034290421954936273 1.0001590456591087 0.4775827574263636
552 1.0000574017125985 -9.19779018036877e-05 0.05075289107374022 9.19779018036877e-05 1.0000574017125985 0.6540966296307207
553 1.0001562775530055 -0.00044063918465480896 0.3712613302735664 0.00044063918465480896 1.0001562775530055 0.27392490731229774
554 0.9999601170527063 -0.0002928169292016196 0.3264373290886127 0.0002928169292016196 0.9999601170527063 0.25163664726495405
555 1.0000576774910033 -0.00014908771870296073 0.12789174147635007 0.00014908771870296073 1.0000576774910033 0.13327625515221003
556 0.9999666557854107 -0.00014731927770255448 0.5593352705849465 0.00014731927770255448 0.9999666557854107 0.09257904780854985
557 1.0000285073201034 -0.00027772970845924726 0.7430984706246386 0.00027772970845924726 1.0000285073201034 -0.1344285424010738
558 1.000286973270133 3.6747052555114766e-05 0.4523681408045 -3.6747052555114766e-05 1.000286973270133 -0.057469989834526135
559 1.0004454836423513 -4.327163130043326e-05 0.1940585710252165 4.327163130043326e-05 1.0004454836423513 -0.19411143244979234
560 1.000550617555401 -2.6645510240253914e-05 -0.13679396280510606 2.6645510240253914e-05 1.000550617555401 -0.3900487280359532
561 1.0003026441444136 9.689638099493172e-05 0.03578861515564163 -9.689638099493172e-05 1.0003026441444136 -0.3741037071427162
562 1.0004691606188931 8.872956089002134e-05 -0.09986810519078315 -8.872956089002134e-05 1.0004691606188931 -0.6203944913531585
563 0.9999330395014486 0.00046287931559238276 -0.12283792355421408 -0.00046287931559238276 0.9999330395014486 -0.25825701141714763
564 1.0003913612724105 0.0003152020041617045 -0.26758504915865466 -0.0003152020041617045 1.0003913612724105 -0.8145592091674526
565 1.0000370597763013 0.00019006293201502032 0.05000093650896016 -0.00019006293201502032 1.0000370597763013 -0.5058662364091152
566 0.9992906743289215 0.0001180139062058154 0.050184726450895945 -0.0001180139062058154 0.9992906743289215 0.8008604723974982
567 1.0001786787064912 0.00017549273678932353 0.02863296514219521 -0.00017549273678932353 1.0001786787064912 -0.44275232463167713
568 0.9993806299818174 0.0007442221922225761 -0.7115113887001322 -0.0007442221922225761 0.9993806299818174 -0.008515839427664762
569 0.99998721649638 0.00043274262555363186 -0.31909309183411705 -0.00043274262555363186 0.99998721649638 -0.5127543806842079
570 0.9994454907804902 -5.2683710804217443e-05 -0.08123429080343447 5.2683710804217443e-05 0.9994454907804902 0.3379881768544043
571 1.0002787960681503 0.00015762267282477718 -0.32937556997295236 -0.00015762267282477718 1.0002787960681503 -0.07020191145313404
572 1.00010630822888 5.77358924209081e-05 0.20413462513467726 -5.77358924209081e-05 1.00010630822888 0.12270516959266925
573 1.0003358177167885 1.9908287847653445e-05 0.12065919239197466 -1.9908287847653445e-05 1.0003358177167885 -1.3455733623297002
574 0.9996442353366504 0.0002107111274608198 0.004794017364904868 -0.0002107111274608198 0.9996442353366504 0.30972186190479806
575 1.000049876456451 -6.432230675723215e-05 0.04599000134635974 6.432230675723215e-05 1.000049876456451 0.1651700400690249
576 1.0005179936427873 -0.0006824089649221977 0.37942109631104615 0.0006824089649221977 1.0005179936427873 -0.5889650691890351
577 1.0000815727232577 -0.00047735183560962657 0.6286952038301654 0.00047735183560962657 1.0000815727232577 0.12103848007938764
578 1.0006511705787922 0.0003160261166858239 0.18298345991434103 -0.0003160261166858239 1.0006511705787922 -0.7408787817636968
579 1.0000239347921642 0.0004775030301861861 -0.16653216546209612 -0.0004775030301861861 1.0000239347921642 0.6127064650422316
580 1.0003301533937927 0.0001461359105374687 -0.17971088559185588 -0.0001461359105374687 1.0003301533937927 0.6726827545995271
581 1.0008692789592375 -3.258342972069553e-05 -0.2949457829429165 3.258342972069553e-05 1.0008692789592375 -0.2598956905941644
582 1.000823573590997 -0.00036135675083609064 0.48778234442752055 0.00036135675083609064 1.000823573590997 -0.45410544882603987
583 1.0004845498163208 -0.00020187767899566394 0.2628506922007203 0.00020187767899566394 1.0004845498163208 -0.4999852396763291
584 1.000536658057737 -2.2269835831832572e-05 0.17125148207399166 2.2269835831832572e-05 1.000536658057737 -0.7649586665157617
585 1.0001175015820158 0.00044488907384995086 -0.010144989874303088 -0.00044488907384995086 1.0001175015820158 -0.11482988589449628
586 1.0003085852428033 0.00035634059913763406 -0.09841801180765988 -0.00035634059913763406 1.0003085852428033 -0.09837032353544203
587 1.000116384406492 0.00010008351842733196 0.2886530663409104 -0.00010008351842733196 1.000116384406492 -0.06688863323686467
588 1.00004409926229 2.900322432595505e-05 0.19871803175181935 -2.900322432595505e-05 1.00004409926229 -0.4568029194627261
589 1.0002151979015883 0.00011703772012968718 -0.1662980011940649 -0.00011703772012968718 1.0002151979015883 -0.6640118377910893
590 1.0001181256403122 0.00010924263749719256 -0.37162484920741173 -0.00010924263749719256 1.0001181256403122 -0.015472735916663387
591 1.000127524261269 0.00022874242834343617 -0.19406474386235434 -0.00022874242834343617 1.000127524261269 0.1566841480507216
592 1.0003048361398714 -0.0001909847088192571 0.6605905585355911 0.0001909847088192571 1.0003048361398714 -0.3770336230634896
593 1.0000073264797746 -0.00041846679815790857 0.8584529661343666 0.00041846679815790857 1.0000073264797746 -0.36070565310867503
594 0.9999998554312434 -0.0004363888904025038 1.0640225703945443 0.0004363888904025038 0.9999998554312434 -0.29036599110183664
595 1.0002238926517029 -0.00018830966557318657 0.8001019365580744 0.00018830966557318657 1.0002238926517029 -0.07275802660290531
596 0.9998015578318629 -4.5224924897202404e-05 0.6558931059931354 4.5224924897202404e-05 0.9998015578318629 0.4319897256539967
597 1.000377665366241 0.0002110143384354429 0.2157541805289378 -0.0002110143384354429 1.000377665366241 -0.2854276499415864
598 0.9996538257205054 0.0003533683603753191 0.1291665899660516 -0.0003533683603753191 0.9996538257205054 -0.029548834546517157
599 0.9996509725956257 9.28747632536393e-05 0.26447368080277545 -9.28747632536393e-05 0.9996509725956257 0.18440338430333345
600 0.999874494752899 0.00031494197230399557 -0.4308479669303187 -0.00031494197230399557 0.999874494752899 -0.6031664088955786
601 1.000336298171882 0.0018690912475852759 -1.9277685992992346 -0.0018690912475852759 1.000336298171882 -0.5866489601771592
602 1.00014242160986 0.0002659657346450223 0.11523565686944626 -0.0002659657346450223 1.00014242160986 -0.503237079361595
